1.00000000000000e+00 1.62675340000000e-08
2.00000000000000e+00 -4.40880450000000e-07
3.00000000000000e+00 -8.79767120000000e-07
4.00000000000000e+00 -1.26941440000000e-06
5.00000000000000e+00 -1.63921680000000e-06
6.00000000000000e+00 -2.00061430000000e-06
7.00000000000000e+00 -2.35823760000000e-06
8.00000000000000e+00 -2.71491150000000e-06
9.00000000000000e+00 -3.07209050000000e-06
1.00000000000000e+01 -3.43067820000000e-06
1.10000000000000e+01 -3.79122780000000e-06
1.20000000000000e+01 -4.15422200000000e-06
1.30000000000000e+01 -4.52002060000000e-06
1.40000000000000e+01 -4.88892570000000e-06
1.50000000000000e+01 -5.26119620000000e-06
1.60000000000000e+01 -5.63705340000000e-06
1.70000000000000e+01 -6.01669380000000e-06
1.80000000000000e+01 -6.40029110000000e-06
1.90000000000000e+01 -6.78799910000000e-06
2.00000000000000e+01 -7.17995460000000e-06
2.10000000000000e+01 -7.57625750000000e-06
2.20000000000000e+01 -7.97706610000000e-06
2.30000000000000e+01 -8.38241630000000e-06
2.40000000000000e+01 -8.79240520000000e-06
2.50000000000000e+01 -9.20710860000000e-06
2.60000000000000e+01 -9.62658340000000e-06
2.70000000000000e+01 -1.00508790000000e-05
2.80000000000000e+01 -1.04800260000000e-05
2.90000000000000e+01 -1.09140600000000e-05
3.00000000000000e+01 -1.13529530000000e-05
3.10000000000000e+01 -1.17968730000000e-05
3.20000000000000e+01 -1.22456960000000e-05
3.30000000000000e+01 -1.26994480000000e-05
3.40000000000000e+01 -1.31581350000000e-05
3.50000000000000e+01 -1.36217620000000e-05
3.60000000000000e+01 -1.40902980000000e-05
3.70000000000000e+01 -1.45637430000000e-05
3.80000000000000e+01 -1.50420600000000e-05
3.90000000000000e+01 -1.55252400000000e-05
4.00000000000000e+01 -1.60132390000000e-05
4.10000000000000e+01 -1.65060430000000e-05
4.20000000000000e+01 -1.70036070000000e-05
4.30000000000000e+01 -1.75058910000000e-05
4.40000000000000e+01 -1.80128950000000e-05
4.50000000000000e+01 -1.85245300000000e-05
4.60000000000000e+01 -1.90407730000000e-05
4.70000000000000e+01 -1.95615830000000e-05
4.80000000000000e+01 -2.00869370000000e-05
4.90000000000000e+01 -2.06167290000000e-05
5.00000000000000e+01 -2.11509830000000e-05
5.10000000000000e+01 -2.16896240000000e-05
5.20000000000000e+01 -2.22326240000000e-05
5.30000000000000e+01 -2.27799090000000e-05
5.40000000000000e+01 -2.33314300000000e-05
5.50000000000000e+01 -2.38871760000000e-05
5.60000000000000e+01 -2.44471010000000e-05
5.70000000000000e+01 -2.50111370000000e-05
5.80000000000000e+01 -2.55792330000000e-05
5.90000000000000e+01 -2.61513670000000e-05
6.00000000000000e+01 -2.67275080000000e-05
6.10000000000000e+01 -2.73076010000000e-05
6.20000000000000e+01 -2.78916140000000e-05
6.30000000000000e+01 -2.84795060000000e-05
6.40000000000000e+01 -2.90712010000000e-05
6.50000000000000e+01 -2.96667120000000e-05
6.60000000000000e+01 -3.02660140000000e-05
6.70000000000000e+01 -3.08690820000000e-05
6.80000000000000e+01 -3.14758680000000e-05
6.90000000000000e+01 -3.20863600000000e-05
7.00000000000000e+01 -3.27004970000000e-05
7.10000000000000e+01 -3.33182550000000e-05
7.20000000000000e+01 -3.39396350000000e-05
7.30000000000000e+01 -3.45646370000000e-05
7.40000000000000e+01 -3.51932550000000e-05
7.50000000000000e+01 -3.58254700000000e-05
7.60000000000000e+01 -3.64612740000000e-05
7.70000000000000e+01 -3.71006480000000e-05
7.80000000000000e+01 -3.77435690000000e-05
7.90000000000000e+01 -3.83900280000000e-05
8.00000000000000e+01 -3.90400160000000e-05
8.10000000000000e+01 -3.96935940000000e-05
8.20000000000000e+01 -4.03507730000000e-05
8.30000000000000e+01 -4.10115760000000e-05
8.40000000000000e+01 -4.16760100000000e-05
8.50000000000000e+01 -4.23441340000000e-05
8.60000000000000e+01 -4.30159440000000e-05
8.70000000000000e+01 -4.36914650000000e-05
8.80000000000000e+01 -4.43707300000000e-05
8.90000000000000e+01 -4.50537650000000e-05
9.00000000000000e+01 -4.57405780000000e-05
9.10000000000000e+01 -4.64312450000000e-05
9.20000000000000e+01 -4.71257880000000e-05
9.30000000000000e+01 -4.78243070000000e-05
9.40000000000000e+01 -4.85268490000000e-05
9.50000000000000e+01 -4.92334910000000e-05
9.60000000000000e+01 -4.99442870000000e-05
9.70000000000000e+01 -5.06593240000000e-05
9.80000000000000e+01 -5.13786930000000e-05
9.90000000000000e+01 -5.21024520000000e-05
1.00000000000000e+02 -5.28306850000000e-05
1.01000000000000e+02 -5.35634790000000e-05
1.02000000000000e+02 -5.43009360000000e-05
1.03000000000000e+02 -5.50431390000000e-05
1.04000000000000e+02 -5.57902240000000e-05
1.05000000000000e+02 -5.65422500000000e-05
1.06000000000000e+02 -5.72993900000000e-05
1.07000000000000e+02 -5.80617770000000e-05
1.08000000000000e+02 -5.88296390000000e-05
1.09000000000000e+02 -5.96030440000000e-05
1.10000000000000e+02 -6.03822890000000e-05
1.11000000000000e+02 -6.11674640000000e-05
1.12000000000000e+02 -6.19587710000000e-05
1.13000000000000e+02 -6.27564100000000e-05
1.14000000000000e+02 -6.35605760000000e-05
1.15000000000000e+02 -6.43715040000000e-05
1.16000000000000e+02 -6.51893790000000e-05
1.17000000000000e+02 -6.60144400000000e-05
1.18000000000000e+02 -6.68469180000000e-05
1.19000000000000e+02 -6.76870430000000e-05
1.20000000000000e+02 -6.85351040000000e-05
1.21000000000000e+02 -6.93913380000000e-05
