1.00000000000000e+00 -7.89618130000000e-02
2.00000000000000e+00 -1.70175450000000e-01
3.00000000000000e+00 -2.69046650000000e-01
4.00000000000000e+00 -3.72251080000000e-01
5.00000000000000e+00 -4.78008310000000e-01
6.00000000000000e+00 -5.85432740000000e-01
7.00000000000000e+00 -6.94027990000000e-01
8.00000000000000e+00 -8.03568410000000e-01
9.00000000000000e+00 -9.13977630000000e-01
1.00000000000000e+01 -1.02516770000000e+00
1.10000000000000e+01 -1.13712380000000e+00
1.20000000000000e+01 -1.24987670000000e+00
1.30000000000000e+01 -1.36348120000000e+00
1.40000000000000e+01 -1.47799830000000e+00
1.50000000000000e+01 -1.59349440000000e+00
1.60000000000000e+01 -1.71004720000000e+00
1.70000000000000e+01 -1.82774250000000e+00
1.80000000000000e+01 -1.94667150000000e+00
1.90000000000000e+01 -2.06693070000000e+00
2.00000000000000e+01 -2.18862090000000e+00
2.10000000000000e+01 -2.31184710000000e+00
2.20000000000000e+01 -2.43671860000000e+00
2.30000000000000e+01 -2.56334960000000e+00
2.40000000000000e+01 -2.69185880000000e+00
2.50000000000000e+01 -2.82237050000000e+00
2.60000000000000e+01 -2.95501360000000e+00
2.70000000000000e+01 -3.08991980000000e+00
2.80000000000000e+01 -3.22722790000000e+00
2.90000000000000e+01 -3.36708490000000e+00
3.00000000000000e+01 -3.50964630000000e+00
3.10000000000000e+01 -3.65507720000000e+00
3.20000000000000e+01 -3.80355190000000e+00
3.30000000000000e+01 -3.95525600000000e+00
3.40000000000000e+01 -4.11038610000000e+00
3.50000000000000e+01 -4.26915140000000e+00
3.60000000000000e+01 -4.43177490000000e+00
3.70000000000000e+01 -4.59849380000000e+00
3.80000000000000e+01 -4.76956210000000e+00
3.90000000000000e+01 -4.94525100000000e+00
4.00000000000000e+01 -5.12585140000000e+00
4.10000000000000e+01 -5.31167500000000e+00
4.20000000000000e+01 -5.50305770000000e+00
4.30000000000000e+01 -5.70036040000000e+00
4.40000000000000e+01 -5.90397280000000e+00
4.50000000000000e+01 -6.11431630000000e+00
4.60000000000000e+01 -6.33184630000000e+00
4.70000000000000e+01 -6.55705800000000e+00
4.80000000000000e+01 -6.79048890000000e+00
4.90000000000000e+01 -7.03272470000000e+00
5.00000000000000e+01 -7.28440480000000e+00
5.10000000000000e+01 -7.54622810000000e+00
5.20000000000000e+01 -7.81855060000000e+00
5.30000000000000e+01 -8.10300930000000e+00
5.40000000000000e+01 -8.40014540000000e+00
5.50000000000000e+01 -8.71098320000000e+00
5.60000000000000e+01 -9.03665650000000e+00
5.70000000000000e+01 -9.37842390000000e+00
5.80000000000000e+01 -9.73768510000000e+00
5.90000000000000e+01 -1.01160040000000e+01
6.00000000000000e+01 -1.05151300000000e+01
6.10000000000000e+01 -1.09370280000000e+01
6.20000000000000e+01 -1.13839110000000e+01
6.30000000000000e+01 -1.18582760000000e+01
6.40000000000000e+01 -1.23629560000000e+01
6.50000000000000e+01 -1.29011700000000e+01
6.60000000000000e+01 -1.34765880000000e+01
6.70000000000000e+01 -1.40934070000000e+01
6.80000000000000e+01 -1.47564350000000e+01
6.90000000000000e+01 -1.54711990000000e+01
7.00000000000000e+01 -1.62440590000000e+01
7.10000000000000e+01 -1.70823320000000e+01
7.20000000000000e+01 -1.79944350000000e+01
7.30000000000000e+01 -1.89900200000000e+01
7.40000000000000e+01 -2.00800780000000e+01
7.50000000000000e+01 -2.12769950000000e+01
7.60000000000000e+01 -2.25944770000000e+01
7.70000000000000e+01 -2.40472390000000e+01
7.80000000000000e+01 -2.56503720000000e+01
7.90000000000000e+01 -2.74182510000000e+01
8.00000000000000e+01 -2.30445820000000e+01
8.10000000000000e+01 -1.88806650000000e+01
8.20000000000000e+01 -1.64494300000000e+01
8.30000000000000e+01 -1.46333360000000e+01
8.40000000000000e+01 -1.31510510000000e+01
8.50000000000000e+01 -1.18817350000000e+01
8.60000000000000e+01 -1.07609450000000e+01
8.70000000000000e+01 -9.74975110000000e+00
8.80000000000000e+01 -8.82261720000000e+00
8.90000000000000e+01 -7.96176250000000e+00
9.00000000000000e+01 -7.15423080000000e+00
9.10000000000000e+01 -6.39023110000000e+00
9.20000000000000e+01 -5.66213680000000e+00
9.30000000000000e+01 -4.96385000000000e+00
9.40000000000000e+01 -4.29038060000000e+00
9.50000000000000e+01 -3.63755660000000e+00
9.60000000000000e+01 -3.00181900000000e+00
9.70000000000000e+01 -2.38007180000000e+00
9.80000000000000e+01 -1.76956880000000e+00
9.90000000000000e+01 -1.16782620000000e+00
1.00000000000000e+02 -5.72552130000000e-01
1.01000000000000e+02 1.84118450000000e-02
1.02000000000000e+02 6.07141410000000e-01
1.03000000000000e+02 1.19567590000000e+00
1.04000000000000e+02 1.78606270000000e+00
1.05000000000000e+02 2.38040280000000e+00
1.06000000000000e+02 2.98089940000000e+00
1.07000000000000e+02 3.58991310000000e+00
1.08000000000000e+02 4.21002790000000e+00
1.09000000000000e+02 4.84413180000000e+00
1.10000000000000e+02 5.49552150000000e+00
1.11000000000000e+02 6.16803950000000e+00
1.12000000000000e+02 6.86626340000000e+00
1.13000000000000e+02 7.59577090000000e+00
1.14000000000000e+02 8.36352800000000e+00
1.15000000000000e+02 9.17847520000000e+00
1.16000000000000e+02 1.00524560000000e+01
1.17000000000000e+02 1.10017600000000e+01
1.18000000000000e+02 1.20498730000000e+01
1.19000000000000e+02 1.32327940000000e+01
1.20000000000000e+02 1.46105870000000e+01
1.21000000000000e+02 1.62971780000000e+01
