1.00000000000000e+00 -5.41038620000000e-03
2.00000000000000e+00 -1.19369580000000e-01
3.00000000000000e+00 -2.58987450000000e-01
4.00000000000000e+00 -3.98978410000000e-01
5.00000000000000e+00 -5.34253310000000e-01
6.00000000000000e+00 -6.66036570000000e-01
7.00000000000000e+00 -7.96023970000000e-01
8.00000000000000e+00 -9.25084860000000e-01
9.00000000000000e+00 -1.05378010000000e+00
1.00000000000000e+01 -1.18248290000000e+00
1.10000000000000e+01 -1.31145010000000e+00
1.20000000000000e+01 -1.44086250000000e+00
1.30000000000000e+01 -1.57085040000000e+00
1.40000000000000e+01 -1.70150810000000e+00
1.50000000000000e+01 -1.83290370000000e+00
1.60000000000000e+01 -1.96508560000000e+00
1.70000000000000e+01 -2.09808750000000e+00
1.80000000000000e+01 -2.23193120000000e+00
1.90000000000000e+01 -2.36662950000000e+00
2.00000000000000e+01 -2.50218800000000e+00
2.10000000000000e+01 -2.63860680000000e+00
2.20000000000000e+01 -2.77588170000000e+00
2.30000000000000e+01 -2.91400520000000e+00
2.40000000000000e+01 -3.05296700000000e+00
2.50000000000000e+01 -3.19275530000000e+00
2.60000000000000e+01 -3.33335660000000e+00
2.70000000000000e+01 -3.47475670000000e+00
2.80000000000000e+01 -3.61694050000000e+00
2.90000000000000e+01 -3.75989290000000e+00
3.00000000000000e+01 -3.90359860000000e+00
3.10000000000000e+01 -4.04804210000000e+00
3.20000000000000e+01 -4.19320870000000e+00
3.30000000000000e+01 -4.33908340000000e+00
3.40000000000000e+01 -4.48565210000000e+00
3.50000000000000e+01 -4.63286510000000e+00
3.60000000000000e+01 -4.78077930000000e+00
3.70000000000000e+01 -4.92934710000000e+00
3.80000000000000e+01 -5.07855670000000e+00
3.90000000000000e+01 -5.22839670000000e+00
4.00000000000000e+01 -5.37885530000000e+00
4.10000000000000e+01 -5.52992290000000e+00
4.20000000000000e+01 -5.68158960000000e+00
4.30000000000000e+01 -5.83384560000000e+00
4.40000000000000e+01 -5.98668270000000e+00
4.50000000000000e+01 -6.14009330000000e+00
4.60000000000000e+01 -6.29406970000000e+00
4.70000000000000e+01 -6.44860440000000e+00
4.80000000000000e+01 -6.60369160000000e+00
4.90000000000000e+01 -6.75932580000000e+00
5.00000000000000e+01 -6.91550170000000e+00
5.10000000000000e+01 -7.07221410000000e+00
5.20000000000000e+01 -7.22945860000000e+00
5.30000000000000e+01 -7.38723190000000e+00
5.40000000000000e+01 -7.54553090000000e+00
5.50000000000000e+01 -7.70435280000000e+00
5.60000000000000e+01 -7.86369490000000e+00
5.70000000000000e+01 -8.02355520000000e+00
5.80000000000000e+01 -8.18393190000000e+00
5.90000000000000e+01 -8.34482450000000e+00
6.00000000000000e+01 -8.50623220000000e+00
6.10000000000000e+01 -8.66803310000000e+00
6.20000000000000e+01 -8.83046950000000e+00
6.30000000000000e+01 -8.99342100000000e+00
6.40000000000000e+01 -9.15688820000000e+00
6.50000000000000e+01 -9.32087220000000e+00
6.60000000000000e+01 -9.48537500000000e+00
6.70000000000000e+01 -9.65039850000000e+00
6.80000000000000e+01 -9.81594500000000e+00
6.90000000000000e+01 -9.98201700000000e+00
7.00000000000000e+01 -1.01486170000000e+01
7.10000000000000e+01 -1.03157490000000e+01
7.20000000000000e+01 -1.04834150000000e+01
7.30000000000000e+01 -1.06516200000000e+01
7.40000000000000e+01 -1.08203660000000e+01
7.50000000000000e+01 -1.09896580000000e+01
7.60000000000000e+01 -1.11595010000000e+01
7.70000000000000e+01 -1.13299000000000e+01
7.80000000000000e+01 -1.15008590000000e+01
7.90000000000000e+01 -1.16723840000000e+01
8.00000000000000e+01 -1.18444810000000e+01
8.10000000000000e+01 -1.20171540000000e+01
8.20000000000000e+01 -1.21904100000000e+01
8.30000000000000e+01 -1.23642550000000e+01
8.40000000000000e+01 -1.25386950000000e+01
8.50000000000000e+01 -1.27137370000000e+01
8.60000000000000e+01 -1.28893870000000e+01
8.70000000000000e+01 -1.30656540000000e+01
8.80000000000000e+01 -1.32425450000000e+01
8.90000000000000e+01 -1.34200660000000e+01
9.00000000000000e+01 -1.35982280000000e+01
9.10000000000000e+01 -1.37770360000000e+01
9.20000000000000e+01 -1.39565010000000e+01
9.30000000000000e+01 -1.41363420000000e+01
9.40000000000000e+01 -1.43171440000000e+01
9.50000000000000e+01 -1.44986280000000e+01
9.60000000000000e+01 -1.46808020000000e+01
9.70000000000000e+01 -1.48636770000000e+01
9.80000000000000e+01 -1.50472610000000e+01
9.90000000000000e+01 -1.52315650000000e+01
1.00000000000000e+02 -1.54165980000000e+01
1.01000000000000e+02 -1.56023690000000e+01
1.02000000000000e+02 -1.57888890000000e+01
1.03000000000000e+02 -1.59761690000000e+01
1.04000000000000e+02 -1.61642170000000e+01
1.05000000000000e+02 -1.63530440000000e+01
1.06000000000000e+02 -1.65426600000000e+01
1.07000000000000e+02 -1.67330760000000e+01
1.08000000000000e+02 -1.69243030000000e+01
1.09000000000000e+02 -1.71163500000000e+01
1.10000000000000e+02 -1.73092290000000e+01
1.11000000000000e+02 -1.75029510000000e+01
1.12000000000000e+02 -1.76975280000000e+01
1.13000000000000e+02 -1.78929690000000e+01
1.14000000000000e+02 -1.80892870000000e+01
1.15000000000000e+02 -1.82864940000000e+01
1.16000000000000e+02 -1.84846000000000e+01
1.17000000000000e+02 -1.86836170000000e+01
1.18000000000000e+02 -1.88835570000000e+01
1.19000000000000e+02 -1.90844320000000e+01
1.20000000000000e+02 -1.92862530000000e+01
1.21000000000000e+02 -1.94890320000000e+01
