1.00000000000000e+00 -7.39395500000000e-02
2.00000000000000e+00 -1.98723970000000e-01
3.00000000000000e+00 -3.17759140000000e-01
4.00000000000000e+00 -4.37294600000000e-01
5.00000000000000e+00 -5.59535730000000e-01
6.00000000000000e+00 -6.85455950000000e-01
7.00000000000000e+00 -8.15530600000000e-01
8.00000000000000e+00 -9.49981220000000e-01
9.00000000000000e+00 -1.08888720000000e+00
1.00000000000000e+01 -1.23224640000000e+00
1.10000000000000e+01 -1.38001120000000e+00
1.20000000000000e+01 -1.53209280000000e+00
1.30000000000000e+01 -1.68844620000000e+00
1.40000000000000e+01 -1.84897430000000e+00
1.50000000000000e+01 -2.01360150000000e+00
1.60000000000000e+01 -2.18221810000000e+00
1.70000000000000e+01 -2.35485510000000e+00
1.80000000000000e+01 -2.53142260000000e+00
1.90000000000000e+01 -2.71189230000000e+00
2.00000000000000e+01 -2.89616740000000e+00
2.10000000000000e+01 -3.08439770000000e+00
2.20000000000000e+01 -3.27640220000000e+00
2.30000000000000e+01 -3.47242900000000e+00
2.40000000000000e+01 -3.67230750000000e+00
2.50000000000000e+01 -3.87630240000000e+00
2.60000000000000e+01 -4.08413850000000e+00
2.70000000000000e+01 -4.29602990000000e+00
2.80000000000000e+01 -4.51203750000000e+00
2.90000000000000e+01 -4.73222580000000e+00
3.00000000000000e+01 -4.95667530000000e+00
3.10000000000000e+01 -5.18547730000000e+00
3.20000000000000e+01 -5.41872330000000e+00
3.30000000000000e+01 -5.65650410000000e+00
3.40000000000000e+01 -5.89890900000000e+00
3.50000000000000e+01 -6.14602370000000e+00
3.60000000000000e+01 -6.39792590000000e+00
3.70000000000000e+01 -6.65468660000000e+00
3.80000000000000e+01 -6.91636800000000e+00
3.90000000000000e+01 -7.18301970000000e+00
4.00000000000000e+01 -7.45467500000000e+00
4.10000000000000e+01 -7.73134580000000e+00
4.20000000000000e+01 -8.01301810000000e+00
4.30000000000000e+01 -8.29965110000000e+00
4.40000000000000e+01 -8.59117830000000e+00
4.50000000000000e+01 -8.88748950000000e+00
4.60000000000000e+01 -9.18842210000000e+00
4.70000000000000e+01 -9.49375300000000e+00
4.80000000000000e+01 -9.80318910000000e+00
4.90000000000000e+01 -1.01163590000000e+01
5.00000000000000e+01 -1.04328010000000e+01
5.10000000000000e+01 -1.07519550000000e+01
5.20000000000000e+01 -1.10731520000000e+01
5.30000000000000e+01 -1.13955980000000e+01
5.40000000000000e+01 -1.17183690000000e+01
5.50000000000000e+01 -1.20403760000000e+01
5.60000000000000e+01 -1.23603420000000e+01
5.70000000000000e+01 -1.26768220000000e+01
5.80000000000000e+01 -1.29881870000000e+01
5.90000000000000e+01 -1.32926180000000e+01
6.00000000000000e+01 -1.35880870000000e+01
6.10000000000000e+01 -1.38723430000000e+01
6.20000000000000e+01 -1.41428930000000e+01
6.30000000000000e+01 -1.43969780000000e+01
6.40000000000000e+01 -1.46315440000000e+01
6.50000000000000e+01 -1.48432090000000e+01
6.60000000000000e+01 -1.50260970000000e+01
6.70000000000000e+01 -1.51801420000000e+01
6.80000000000000e+01 -1.52986580000000e+01
6.90000000000000e+01 -1.53763590000000e+01
7.00000000000000e+01 -1.54072600000000e+01
7.10000000000000e+01 -1.53845530000000e+01
7.20000000000000e+01 -1.53005320000000e+01
7.30000000000000e+01 -1.51464030000000e+01
7.40000000000000e+01 -1.49120530000000e+01
7.50000000000000e+01 -1.45858750000000e+01
7.60000000000000e+01 -1.41546370000000e+01
7.70000000000000e+01 -1.36034570000000e+01
7.80000000000000e+01 -1.29160120000000e+01
7.90000000000000e+01 -1.20751350000000e+01
8.00000000000000e+01 -1.10640210000000e+01
8.10000000000000e+01 -9.86824180000000e+00
8.20000000000000e+01 -8.47857080000000e+00
8.30000000000000e+01 -6.89422350000000e+00
8.40000000000000e+01 -5.12423970000000e+00
8.50000000000000e+01 -3.19325950000000e+00
8.60000000000000e+01 -1.13168710000000e+00
8.70000000000000e+01 1.02379980000000e+00
8.80000000000000e+01 3.23670500000000e+00
8.90000000000000e+01 5.47487250000000e+00
9.00000000000000e+01 7.71263900000000e+00
9.10000000000000e+01 9.93115580000000e+00
9.20000000000000e+01 1.21175870000000e+01
9.30000000000000e+01 1.42638600000000e+01
9.40000000000000e+01 1.63653990000000e+01
9.50000000000000e+01 1.84200510000000e+01
9.60000000000000e+01 2.04272750000000e+01
9.70000000000000e+01 2.23875570000000e+01
9.80000000000000e+01 2.43019720000000e+01
9.90000000000000e+01 2.61719320000000e+01
1.00000000000000e+02 2.79989810000000e+01
1.01000000000000e+02 2.97846680000000e+01
1.02000000000000e+02 3.15304670000000e+01
1.03000000000000e+02 3.32377210000000e+01
1.04000000000000e+02 3.49076250000000e+01
1.05000000000000e+02 3.65411330000000e+01
1.06000000000000e+02 3.81390020000000e+01
1.07000000000000e+02 3.97017800000000e+01
1.08000000000000e+02 4.12296420000000e+01
1.09000000000000e+02 4.27225290000000e+01
1.10000000000000e+02 4.41799370000000e+01
1.11000000000000e+02 4.56010260000000e+01
1.12000000000000e+02 4.69842390000000e+01
1.13000000000000e+02 4.83274040000000e+01
1.14000000000000e+02 4.96273030000000e+01
1.15000000000000e+02 5.08795040000000e+01
1.16000000000000e+02 5.20774770000000e+01
1.17000000000000e+02 5.32117250000000e+01
1.18000000000000e+02 5.42677070000000e+01
1.19000000000000e+02 5.52220720000000e+01
1.20000000000000e+02 5.60336380000000e+01
1.21000000000000e+02 5.66182140000000e+01
