1.00000000000000e+00 4.01081677015064e+00
2.00000000000000e+00 4.01324897599097e+00
3.00000000000000e+00 4.01558186914681e+00
4.00000000000000e+00 4.01755730030047e+00
5.00000000000000e+00 4.01918609198807e+00
6.00000000000000e+00 4.02052633576385e+00
7.00000000000000e+00 4.02161988937783e+00
8.00000000000000e+00 4.02251402184812e+00
9.00000000000000e+00 4.02324342895231e+00
1.00000000000000e+01 4.02382832336818e+00
1.10000000000000e+01 4.02429066847786e+00
1.20000000000000e+01 4.02464431076141e+00
1.30000000000000e+01 4.02489832205058e+00
1.40000000000000e+01 4.02506241079691e+00
1.50000000000000e+01 4.02514580798709e+00
1.60000000000000e+01 4.02515599390345e+00
1.70000000000000e+01 4.02509694741956e+00
1.80000000000000e+01 4.02497216994418e+00
1.90000000000000e+01 4.02478277556190e+00
2.00000000000000e+01 4.02452971920238e+00
2.10000000000000e+01 4.02421252340080e+00
2.20000000000000e+01 4.02383007407255e+00
2.30000000000000e+01 4.02338093882315e+00
2.40000000000000e+01 4.02286225286361e+00
2.50000000000000e+01 4.02227242464451e+00
2.60000000000000e+01 4.02160620205273e+00
2.70000000000000e+01 4.02086183438389e+00
2.80000000000000e+01 4.02003406952487e+00
2.90000000000000e+01 4.01911876944714e+00
3.00000000000000e+01 4.01811100034749e+00
3.10000000000000e+01 4.01700184954908e+00
3.20000000000000e+01 4.01578861141789e+00
3.30000000000000e+01 4.01446062257273e+00
3.40000000000000e+01 4.01300881118185e+00
3.50000000000000e+01 4.01142537865303e+00
3.60000000000000e+01 4.00969631935128e+00
3.70000000000000e+01 4.00781319806461e+00
3.80000000000000e+01 4.00575946267895e+00
3.90000000000000e+01 4.00352269910874e+00
4.00000000000000e+01 4.00108333129597e+00
4.10000000000000e+01 3.99842623952105e+00
4.20000000000000e+01 3.99552627730297e+00
4.30000000000000e+01 3.99236370942880e+00
4.40000000000000e+01 3.98891100209336e+00
4.50000000000000e+01 3.98513680177288e+00
4.60000000000000e+01 3.98101421128197e+00
4.70000000000000e+01 3.97649850808162e+00
4.80000000000000e+01 3.97155308653493e+00
4.90000000000000e+01 3.96612860860953e+00
5.00000000000000e+01 3.96017016585005e+00
5.10000000000000e+01 3.95361950754733e+00
5.20000000000000e+01 3.94653759004457e+00
5.30000000000000e+01 3.93858891472174e+00
5.40000000000000e+01 3.92980403932789e+00
5.50000000000000e+01 3.92007776244566e+00
5.60000000000000e+01 3.90928451082494e+00
5.70000000000000e+01 3.89727897600269e+00
5.80000000000000e+01 3.88390120726110e+00
5.90000000000000e+01 3.86894493979392e+00
6.00000000000000e+01 3.85218385527209e+00
6.10000000000000e+01 3.83333402127711e+00
6.20000000000000e+01 3.81206773778117e+00
6.30000000000000e+01 3.78798839066609e+00
6.40000000000000e+01 3.76061183059496e+00
6.50000000000000e+01 3.72935173075745e+00
6.60000000000000e+01 3.69347677419005e+00
6.70000000000000e+01 3.65208693968958e+00
6.80000000000000e+01 3.60405190885018e+00
6.90000000000000e+01 3.54793164774678e+00
7.00000000000000e+01 3.48186054213644e+00
7.10000000000000e+01 3.40341673125013e+00
7.20000000000000e+01 3.30936539086952e+00
7.30000000000000e+01 3.19526641639223e+00
7.40000000000000e+01 3.05491292419260e+00
7.50000000000000e+01 2.87919950082143e+00
7.60000000000000e+01 2.65403042958882e+00
7.70000000000000e+01 2.35542870000810e+00
7.80000000000000e+01 1.93533238405449e+00
7.90000000000000e+01 1.25235822521557e+00
8.00000000000000e+01 0.00000000000000e+00
8.10000000000000e+01 0.00000000000000e+00
8.20000000000000e+01 0.00000000000000e+00
8.30000000000000e+01 0.00000000000000e+00
8.40000000000000e+01 0.00000000000000e+00
8.50000000000000e+01 0.00000000000000e+00
8.60000000000000e+01 0.00000000000000e+00
8.70000000000000e+01 0.00000000000000e+00
8.80000000000000e+01 0.00000000000000e+00
8.90000000000000e+01 0.00000000000000e+00
9.00000000000000e+01 0.00000000000000e+00
9.10000000000000e+01 0.00000000000000e+00
9.20000000000000e+01 0.00000000000000e+00
9.30000000000000e+01 0.00000000000000e+00
9.40000000000000e+01 0.00000000000000e+00
9.50000000000000e+01 0.00000000000000e+00
9.60000000000000e+01 0.00000000000000e+00
9.70000000000000e+01 0.00000000000000e+00
9.80000000000000e+01 0.00000000000000e+00
9.90000000000000e+01 0.00000000000000e+00
1.00000000000000e+02 0.00000000000000e+00
1.01000000000000e+02 0.00000000000000e+00
1.02000000000000e+02 0.00000000000000e+00
1.03000000000000e+02 0.00000000000000e+00
1.04000000000000e+02 0.00000000000000e+00
1.05000000000000e+02 0.00000000000000e+00
1.06000000000000e+02 0.00000000000000e+00
1.07000000000000e+02 0.00000000000000e+00
1.08000000000000e+02 0.00000000000000e+00
1.09000000000000e+02 0.00000000000000e+00
1.10000000000000e+02 0.00000000000000e+00
1.11000000000000e+02 0.00000000000000e+00
1.12000000000000e+02 0.00000000000000e+00
1.13000000000000e+02 0.00000000000000e+00
1.14000000000000e+02 0.00000000000000e+00
1.15000000000000e+02 0.00000000000000e+00
1.16000000000000e+02 0.00000000000000e+00
1.17000000000000e+02 0.00000000000000e+00
1.18000000000000e+02 0.00000000000000e+00
1.19000000000000e+02 0.00000000000000e+00
1.20000000000000e+02 0.00000000000000e+00
1.21000000000000e+02 0.00000000000000e+00
