1.00000000000000e+00 8.20801177725411e+01
2.00000000000000e+00 8.18783093047005e+01
3.00000000000000e+00 8.17917512973506e+01
4.00000000000000e+00 8.17620338863765e+01
5.00000000000000e+00 8.17494335895319e+01
6.00000000000000e+00 8.17418641804384e+01
7.00000000000000e+00 8.17377850392470e+01
8.00000000000000e+00 8.17356794193499e+01
9.00000000000000e+00 8.17347849685697e+01
1.00000000000000e+01 8.17346847009555e+01
1.10000000000000e+01 8.17351351094445e+01
1.20000000000000e+01 8.17359818137417e+01
1.30000000000000e+01 8.17371245462331e+01
1.40000000000000e+01 8.17384900956449e+01
1.50000000000000e+01 8.17400275323951e+01
1.60000000000000e+01 8.17416986592976e+01
1.70000000000000e+01 8.17434700538142e+01
1.80000000000000e+01 8.17453194342529e+01
1.90000000000000e+01 8.17472261104712e+01
2.00000000000000e+01 8.17491709838758e+01
2.10000000000000e+01 8.17511397305218e+01
2.20000000000000e+01 8.17531228011128e+01
2.30000000000000e+01 8.17551058717037e+01
2.40000000000000e+01 8.17570793929980e+01
2.50000000000000e+01 8.17590354072486e+01
2.60000000000000e+01 8.17609675482577e+01
2.70000000000000e+01 8.17628662667288e+01
2.80000000000000e+01 8.17647283795630e+01
2.90000000000000e+01 8.17665443374637e+01
3.00000000000000e+01 8.17683125488814e+01
3.10000000000000e+01 8.17700266476185e+01
3.20000000000000e+01 8.17716834505761e+01
3.30000000000000e+01 8.17732765915565e+01
3.40000000000000e+01 8.17748044790101e+01
3.50000000000000e+01 8.17761954932128e+01
3.60000000000000e+01 8.17775833243165e+01
3.70000000000000e+01 8.17788963525970e+01
3.80000000000000e+01 8.17801298034060e+01
3.90000000000000e+01 8.17812836767434e+01
4.00000000000000e+01 8.17823547895104e+01
4.10000000000000e+01 8.17833383670587e+01
4.20000000000000e+01 8.17842360009378e+01
4.30000000000000e+01 8.17850429164993e+01
4.40000000000000e+01 8.17857575221937e+01
4.50000000000000e+01 8.17863782264718e+01
4.60000000000000e+01 8.17869034377840e+01
4.70000000000000e+01 8.17873299730315e+01
4.80000000000000e+01 8.17876562406648e+01
4.90000000000000e+01 8.17878806491346e+01
5.00000000000000e+01 8.17880016068913e+01
5.10000000000000e+01 8.17880159308362e+01
5.20000000000000e+01 8.17879236209692e+01
5.30000000000000e+01 8.17877214941915e+01
5.40000000000000e+01 8.17874079589536e+01
5.50000000000000e+01 8.17869814237061e+01
5.60000000000000e+01 8.17864402968996e+01
5.70000000000000e+01 8.17857813954352e+01
5.80000000000000e+01 8.17850047193129e+01
5.90000000000000e+01 8.17841070854339e+01
6.00000000000000e+01 8.17830869022487e+01
6.10000000000000e+01 8.17818359443960e+01
6.20000000000000e+01 8.17805674794995e+01
6.30000000000000e+01 8.17791685075497e+01
6.40000000000000e+01 8.17776390285466e+01
6.50000000000000e+01 8.17759774509407e+01
6.60000000000000e+01 8.17741805916332e+01
6.70000000000000e+01 8.17722468590747e+01
6.80000000000000e+01 8.17701746617156e+01
6.90000000000000e+01 8.17679592249078e+01
7.00000000000000e+01 8.17656005486512e+01
7.10000000000000e+01 8.17630970413963e+01
7.20000000000000e+01 8.17604423369455e+01
7.30000000000000e+01 8.17576380268483e+01
7.40000000000000e+01 8.17546793364562e+01
7.50000000000000e+01 8.17515646742199e+01
7.60000000000000e+01 8.17482908570405e+01
7.70000000000000e+01 8.17448547018191e+01
7.80000000000000e+01 8.17412546170064e+01
7.90000000000000e+01 8.17374858279540e+01
8.00000000000000e+01 8.17335483346619e+01
8.10000000000000e+01 8.17294357709324e+01
8.20000000000000e+01 8.17251481367655e+01
8.30000000000000e+01 8.17206806575129e+01
8.40000000000000e+01 8.17160301500757e+01
8.50000000000000e+01 8.17111934313552e+01
8.60000000000000e+01 8.17061673182523e+01
8.70000000000000e+01 8.17009470361189e+01
8.80000000000000e+01 8.16955325849549e+01
8.90000000000000e+01 8.16899160070132e+01
9.00000000000000e+01 8.16840957107444e+01
9.10000000000000e+01 8.16780669215000e+01
9.20000000000000e+01 8.16718280477308e+01
9.30000000000000e+01 8.16652406246363e+01
9.40000000000000e+01 8.16585672578724e+01
9.50000000000000e+01 8.16516710741883e+01
9.60000000000000e+01 8.16445457073860e+01
9.70000000000000e+01 8.16371879743669e+01
9.80000000000000e+01 8.16295931004825e+01
9.90000000000000e+01 8.16217547195353e+01
1.00000000000000e+02 8.16136712399756e+01
1.01000000000000e+02 8.16053347040565e+01
1.02000000000000e+02 8.15967403371295e+01
1.03000000000000e+02 8.15878849560959e+01
1.04000000000000e+02 8.15787621947578e+01
1.05000000000000e+02 8.15693656869177e+01
1.06000000000000e+02 8.15596906579271e+01
1.07000000000000e+02 8.15497323331379e+01
1.08000000000000e+02 8.15394843463522e+01
1.09000000000000e+02 8.15289387398229e+01
1.10000000000000e+02 8.15180923304512e+01
1.11000000000000e+02 8.15069387520393e+01
1.12000000000000e+02 8.14954684552907e+01
1.13000000000000e+02 8.14836766655570e+01
1.14000000000000e+02 8.14715570166406e+01
1.15000000000000e+02 8.14591015507942e+01
1.16000000000000e+02 8.14463039018202e+01
1.17000000000000e+02 8.14331529288725e+01
1.18000000000000e+02 8.14196486319512e+01
1.19000000000000e+02 8.14057750955618e+01
1.20000000000000e+02 8.13915291366057e+01
1.21000000000000e+02 8.13768996142367e+01
