1.00000000000000e+00 -5.81762570000000e-02
2.00000000000000e+00 -1.43042190000000e-01
3.00000000000000e+00 -2.22140080000000e-01
4.00000000000000e+00 -3.00448600000000e-01
5.00000000000000e+00 -3.79132800000000e-01
6.00000000000000e+00 -4.58638920000000e-01
7.00000000000000e+00 -5.39200370000000e-01
8.00000000000000e+00 -6.20948510000000e-01
9.00000000000000e+00 -7.03951280000000e-01
1.00000000000000e+01 -7.88230890000000e-01
1.10000000000000e+01 -8.73773780000000e-01
1.20000000000000e+01 -9.60537330000000e-01
1.30000000000000e+01 -1.04845440000000e+00
1.40000000000000e+01 -1.13743730000000e+00
1.50000000000000e+01 -1.22738020000000e+00
1.60000000000000e+01 -1.31814560000000e+00
1.70000000000000e+01 -1.40963040000000e+00
1.80000000000000e+01 -1.50167230000000e+00
1.90000000000000e+01 -1.59411290000000e+00
2.00000000000000e+01 -1.68678500000000e+00
2.10000000000000e+01 -1.77950970000000e+00
2.20000000000000e+01 -1.87206240000000e+00
2.30000000000000e+01 -1.96432750000000e+00
2.40000000000000e+01 -2.05606250000000e+00
2.50000000000000e+01 -2.14705580000000e+00
2.60000000000000e+01 -2.23703160000000e+00
2.70000000000000e+01 -2.32588860000000e+00
2.80000000000000e+01 -2.41333110000000e+00
2.90000000000000e+01 -2.49911880000000e+00
3.00000000000000e+01 -2.58299640000000e+00
3.10000000000000e+01 -2.66471690000000e+00
3.20000000000000e+01 -2.74402630000000e+00
3.30000000000000e+01 -2.82065570000000e+00
3.40000000000000e+01 -2.89432730000000e+00
3.50000000000000e+01 -2.96476770000000e+00
3.60000000000000e+01 -3.03169860000000e+00
3.70000000000000e+01 -3.09483430000000e+00
3.80000000000000e+01 -3.15388480000000e+00
3.90000000000000e+01 -3.20856200000000e+00
4.00000000000000e+01 -3.25859860000000e+00
4.10000000000000e+01 -3.30373560000000e+00
4.20000000000000e+01 -3.34371730000000e+00
4.30000000000000e+01 -3.37829560000000e+00
4.40000000000000e+01 -3.40723560000000e+00
4.50000000000000e+01 -3.43032020000000e+00
4.60000000000000e+01 -3.44735580000000e+00
4.70000000000000e+01 -3.45817610000000e+00
4.80000000000000e+01 -3.46265050000000e+00
4.90000000000000e+01 -3.46069070000000e+00
5.00000000000000e+01 -3.45225660000000e+00
5.10000000000000e+01 -3.43736270000000e+00
5.20000000000000e+01 -3.41608400000000e+00
5.30000000000000e+01 -3.38856090000000e+00
5.40000000000000e+01 -3.35500380000000e+00
5.50000000000000e+01 -3.31569700000000e+00
5.60000000000000e+01 -3.27101170000000e+00
5.70000000000000e+01 -3.22140530000000e+00
5.80000000000000e+01 -3.16740450000000e+00
5.90000000000000e+01 -3.10960080000000e+00
6.00000000000000e+01 -3.04890910000000e+00
6.10000000000000e+01 -2.98555570000000e+00
6.20000000000000e+01 -2.92051230000000e+00
6.30000000000000e+01 -2.85456500000000e+00
6.40000000000000e+01 -2.78852350000000e+00
6.50000000000000e+01 -2.72320890000000e+00
6.60000000000000e+01 -2.65974140000000e+00
6.70000000000000e+01 -2.59836160000000e+00
6.80000000000000e+01 -2.54011560000000e+00
6.90000000000000e+01 -2.48574590000000e+00
7.00000000000000e+01 -2.43594650000000e+00
7.10000000000000e+01 -2.39134970000000e+00
7.20000000000000e+01 -2.35252220000000e+00
7.30000000000000e+01 -2.31996500000000e+00
7.40000000000000e+01 -2.29410920000000e+00
7.50000000000000e+01 -2.27531480000000e+00
7.60000000000000e+01 -2.26386820000000e+00
7.70000000000000e+01 -2.26037790000000e+00
7.80000000000000e+01 -2.26422910000000e+00
7.90000000000000e+01 -2.27587020000000e+00
8.00000000000000e+01 -2.29531770000000e+00
8.10000000000000e+01 -2.32253130000000e+00
8.20000000000000e+01 -2.35742040000000e+00
8.30000000000000e+01 -2.39984510000000e+00
8.40000000000000e+01 -2.44963020000000e+00
8.50000000000000e+01 -2.50655810000000e+00
8.60000000000000e+01 -2.57038920000000e+00
8.70000000000000e+01 -2.64085750000000e+00
8.80000000000000e+01 -2.71768030000000e+00
8.90000000000000e+01 -2.80056110000000e+00
9.00000000000000e+01 -2.88919570000000e+00
9.10000000000000e+01 -2.98327660000000e+00
9.20000000000000e+01 -3.08249480000000e+00
9.30000000000000e+01 -3.18654300000000e+00
9.40000000000000e+01 -3.29512220000000e+00
9.50000000000000e+01 -3.40793850000000e+00
9.60000000000000e+01 -3.52470950000000e+00
9.70000000000000e+01 -3.64516370000000e+00
9.80000000000000e+01 -3.76904030000000e+00
9.90000000000000e+01 -3.89609410000000e+00
1.00000000000000e+02 -4.02609310000000e+00
1.01000000000000e+02 -4.15881770000000e+00
1.02000000000000e+02 -4.29406220000000e+00
1.03000000000000e+02 -4.43163930000000e+00
1.04000000000000e+02 -4.57136780000000e+00
1.05000000000000e+02 -4.71308420000000e+00
1.06000000000000e+02 -4.85663790000000e+00
1.07000000000000e+02 -5.00188840000000e+00
1.08000000000000e+02 -5.14870850000000e+00
1.09000000000000e+02 -5.29698110000000e+00
1.10000000000000e+02 -5.44660070000000e+00
1.11000000000000e+02 -5.59746980000000e+00
1.12000000000000e+02 -5.74950450000000e+00
1.13000000000000e+02 -5.90262450000000e+00
1.14000000000000e+02 -6.05676210000000e+00
1.15000000000000e+02 -6.21185290000000e+00
1.16000000000000e+02 -6.36784320000000e+00
1.17000000000000e+02 -6.52468430000000e+00
1.18000000000000e+02 -6.68233380000000e+00
1.19000000000000e+02 -6.84075580000000e+00
1.20000000000000e+02 -6.99991720000000e+00
1.21000000000000e+02 -7.15979320000000e+00
