1.00000000000000e+00 3.86041455315409e+01
2.00000000000000e+00 3.85994472776208e+01
3.00000000000000e+00 3.85943543194418e+01
4.00000000000000e+00 3.85870347836090e+01
5.00000000000000e+00 3.85775284588582e+01
6.00000000000000e+00 3.85658210212443e+01
7.00000000000000e+00 3.85518822313283e+01
8.00000000000000e+00 3.85356834412204e+01
9.00000000000000e+00 3.85171896368332e+01
1.00000000000000e+01 3.84963642125296e+01
1.10000000000000e+01 3.84731785204200e+01
1.20000000000000e+01 3.84475991379662e+01
1.30000000000000e+01 3.84195958257292e+01
1.40000000000000e+01 3.83891415273686e+01
1.50000000000000e+01 3.83562091865440e+01
1.60000000000000e+01 3.83207717469152e+01
1.70000000000000e+01 3.82828196591855e+01
1.80000000000000e+01 3.82423274585640e+01
1.90000000000000e+01 3.81992792295565e+01
2.00000000000000e+01 3.81536590566687e+01
2.10000000000000e+01 3.81054557990544e+01
2.20000000000000e+01 3.80546535412195e+01
2.30000000000000e+01 3.80012586493616e+01
2.40000000000000e+01 3.79452599826347e+01
2.50000000000000e+01 3.78866559494894e+01
2.60000000000000e+01 3.78254401837280e+01
2.70000000000000e+01 3.77616301923942e+01
2.80000000000000e+01 3.76952275670374e+01
2.90000000000000e+01 3.76262386738553e+01
3.00000000000000e+01 3.75546794283423e+01
3.10000000000000e+01 3.74805673375422e+01
3.20000000000000e+01 3.74039215000480e+01
3.30000000000000e+01 3.73247705637495e+01
3.40000000000000e+01 3.72431431765365e+01
3.50000000000000e+01 3.71590743524965e+01
3.60000000000000e+01 3.70726038803653e+01
3.70000000000000e+01 3.69837810981751e+01
3.80000000000000e+01 3.68926553439584e+01
3.90000000000000e+01 3.67992870965936e+01
4.00000000000000e+01 3.67037432011566e+01
4.10000000000000e+01 3.66060952773720e+01
4.20000000000000e+01 3.65064229027113e+01
4.30000000000000e+01 3.64048167954920e+01
4.40000000000000e+01 3.63013740402294e+01
4.50000000000000e+01 3.61962012707354e+01
4.60000000000000e+01 3.60894130785691e+01
4.70000000000000e+01 3.59811351961354e+01
4.80000000000000e+01 3.58715013135865e+01
4.90000000000000e+01 3.57606530788219e+01
5.00000000000000e+01 3.56487432805868e+01
5.10000000000000e+01 3.55359294822750e+01
5.20000000000000e+01 3.54223803881261e+01
5.30000000000000e+01 3.53082662939292e+01
5.40000000000000e+01 3.51937670447700e+01
5.50000000000000e+01 3.50790640772837e+01
5.60000000000000e+01 3.49643420112042e+01
5.70000000000000e+01 3.48497854662655e+01
5.80000000000000e+01 3.47355758791027e+01
5.90000000000000e+01 3.46218962779005e+01
6.00000000000000e+01 3.45089615218319e+01
6.10000000000000e+01 3.43968750616100e+01
6.20000000000000e+01 3.42858310662654e+01
6.30000000000000e+01 3.41759839160928e+01
6.40000000000000e+01 3.40674800336399e+01
6.50000000000000e+01 3.39604515175094e+01
6.60000000000000e+01 3.38550893536332e+01
6.70000000000000e+01 3.37513824011651e+01
6.80000000000000e+01 3.36494850403999e+01
6.90000000000000e+01 3.35494879896553e+01
7.00000000000000e+01 3.34514644602050e+01
7.10000000000000e+01 3.33554812971251e+01
7.20000000000000e+01 3.32615942046458e+01
7.30000000000000e+01 3.31698509292499e+01
7.40000000000000e+01 3.30802848934755e+01
7.50000000000000e+01 3.29929263367618e+01
7.60000000000000e+01 3.29077943577019e+01
7.70000000000000e+01 3.28250385619424e+01
7.80000000000000e+01 3.27444074846732e+01
7.90000000000000e+01 3.26660252667499e+01
8.00000000000000e+01 3.25898871335242e+01
8.10000000000000e+01 3.25159803526006e+01
8.20000000000000e+01 3.24442921915837e+01
8.30000000000000e+01 3.23748003687815e+01
8.40000000000000e+01 3.23074873771502e+01
8.50000000000000e+01 3.22423182026023e+01
8.60000000000000e+01 3.21792641972482e+01
8.70000000000000e+01 3.21182903470003e+01
8.80000000000000e+01 3.20593600462216e+01
8.90000000000000e+01 3.20024303230777e+01
9.00000000000000e+01 3.19474597972831e+01
9.10000000000000e+01 3.18944023139046e+01
9.20000000000000e+01 3.18432101264591e+01
9.30000000000000e+01 3.17938354884637e+01
9.40000000000000e+01 3.17462290618861e+01
9.50000000000000e+01 3.17003383255949e+01
9.60000000000000e+01 3.16561123500086e+01
9.70000000000000e+01 3.16135002055451e+01
9.80000000000000e+01 3.15724477795240e+01
9.90000000000000e+01 3.15329073254623e+01
1.00000000000000e+02 3.14948247306792e+01
1.01000000000000e+02 3.14581490655931e+01
1.02000000000000e+02 3.14228294006222e+01
1.03000000000000e+02 3.13888195808329e+01
1.04000000000000e+02 3.13560686766434e+01
1.05000000000000e+02 3.13245289415709e+01
1.06000000000000e+02 3.12941574037807e+01
1.07000000000000e+02 3.12649063167898e+01
1.08000000000000e+02 3.12367343003131e+01
1.09000000000000e+02 3.12095983825159e+01
1.10000000000000e+02 3.11834571831131e+01
1.11000000000000e+02 3.11582709133688e+01
1.12000000000000e+02 3.11340061507450e+01
1.13000000000000e+02 3.11106215149565e+01
1.14000000000000e+02 3.10880851750147e+01
1.15000000000000e+02 3.10663605252827e+01
1.16000000000000e+02 3.10454157347718e+01
1.17000000000000e+02 3.10252205640429e+01
1.18000000000000e+02 3.10057447736567e+01
1.19000000000000e+02 3.09869613072730e+01
1.20000000000000e+02 3.09688399254525e+01
1.21000000000000e+02 3.09513583465033e+01
