1.00000000000000e+00 2.76599879684294e+01
2.00000000000000e+00 2.76418267978732e+01
3.00000000000000e+00 2.76385466144961e+01
4.00000000000000e+00 2.76379179524709e+01
5.00000000000000e+00 2.76379975299424e+01
6.00000000000000e+00 2.76381964736213e+01
7.00000000000000e+00 2.76382346708076e+01
8.00000000000000e+00 2.76379338679652e+01
9.00000000000000e+00 2.76371619664912e+01
1.00000000000000e+01 2.76358155156726e+01
1.10000000000000e+01 2.76338069802908e+01
1.20000000000000e+01 2.76310424589293e+01
1.30000000000000e+01 2.76274964867972e+01
1.40000000000000e+01 2.76230894864230e+01
1.50000000000000e+01 2.76177641620272e+01
1.60000000000000e+01 2.76114473023358e+01
1.70000000000000e+01 2.76041389073491e+01
1.80000000000000e+01 2.75957673573424e+01
1.90000000000000e+01 2.75862801311847e+01
2.00000000000000e+01 2.75756087922504e+01
2.10000000000000e+01 2.75637565236384e+01
2.20000000000000e+01 2.75506150999873e+01
2.30000000000000e+01 2.75361988452420e+01
2.40000000000000e+01 2.75203947593930e+01
2.50000000000000e+01 2.75031964762425e+01
2.60000000000000e+01 2.74844766718360e+01
2.70000000000000e+01 2.74642051067344e+01
2.80000000000000e+01 2.74423085696638e+01
2.90000000000000e+01 2.74187138493504e+01
3.00000000000000e+01 2.73933413683227e+01
3.10000000000000e+01 2.73661019998125e+01
3.20000000000000e+01 2.73369066170518e+01
3.30000000000000e+01 2.73056533608768e+01
3.40000000000000e+01 2.72722324143769e+01
3.50000000000000e+01 2.72365307775426e+01
3.60000000000000e+01 2.71984211264192e+01
3.70000000000000e+01 2.71577729539535e+01
3.80000000000000e+01 2.71144382460485e+01
3.90000000000000e+01 2.70682642139587e+01
4.00000000000000e+01 2.70190837449938e+01
4.10000000000000e+01 2.69667138109694e+01
4.20000000000000e+01 2.69109602428549e+01
4.30000000000000e+01 2.68516177307737e+01
4.40000000000000e+01 2.67884650493548e+01
4.50000000000000e+01 2.67212682408320e+01
4.60000000000000e+01 2.66497726572962e+01
4.70000000000000e+01 2.65737141015421e+01
4.80000000000000e+01 2.64928029115730e+01
4.90000000000000e+01 2.64067382845466e+01
5.00000000000000e+01 2.63151971359285e+01
5.10000000000000e+01 2.62178436487886e+01
5.20000000000000e+01 2.61143181329556e+01
5.30000000000000e+01 2.60042449827638e+01
5.40000000000000e+01 2.58872358601521e+01
5.50000000000000e+01 2.57628785538178e+01
5.60000000000000e+01 2.56307576693595e+01
5.70000000000000e+01 2.54904387137825e+01
5.80000000000000e+01 2.53414728701474e+01
5.90000000000000e+01 2.51833985891191e+01
6.00000000000000e+01 2.50157399974178e+01
6.10000000000000e+01 2.48380132640165e+01
6.20000000000000e+01 2.46497170508445e+01
6.30000000000000e+01 2.44503436536332e+01
6.40000000000000e+01 2.42393758188178e+01
6.50000000000000e+01 2.40162835604376e+01
6.60000000000000e+01 2.37812944700613e+01
6.70000000000000e+01 2.35324382094933e+01
6.80000000000000e+01 2.32698421026883e+01
6.90000000000000e+01 2.29929666143890e+01
7.00000000000000e+01 2.27012849417340e+01
7.10000000000000e+01 2.23942973382017e+01
7.20000000000000e+01 2.20715518037540e+01
7.30000000000000e+01 2.17326854651204e+01
7.40000000000000e+01 2.13774484490405e+01
7.50000000000000e+01 2.10057834597345e+01
7.60000000000000e+01 2.06179069479253e+01
7.70000000000000e+01 2.02144300685942e+01
7.80000000000000e+01 1.97965226105729e+01
7.90000000000000e+01 1.93660864754314e+01
8.00000000000000e+01 1.89259593958051e+01
8.10000000000000e+01 1.84800534001951e+01
8.20000000000000e+01 1.80333627707157e+01
8.30000000000000e+01 1.75917141698334e+01
8.40000000000000e+01 1.71599761472574e+01
8.50000000000000e+01 1.67463133515684e+01
8.60000000000000e+01 1.63533948111620e+01
8.70000000000000e+01 1.59834120896046e+01
8.80000000000000e+01 1.56366007362119e+01
8.90000000000000e+01 1.53116031593194e+01
9.00000000000000e+01 1.50060290108367e+01
9.10000000000000e+01 1.47169840581239e+01
9.20000000000000e+01 1.44414726868418e+01
9.30000000000000e+01 1.41766528671719e+01
9.40000000000000e+01 1.39199281453725e+01
9.50000000000000e+01 1.36689930029379e+01
9.60000000000000e+01 1.34218164636394e+01
9.70000000000000e+01 1.31766140822550e+01
9.80000000000000e+01 1.29318149994963e+01
9.90000000000000e+01 1.26860130814413e+01
1.00000000000000e+02 1.24379311096715e+01
1.01000000000000e+02 1.21863873587346e+01
1.02000000000000e+02 1.19302599454365e+01
1.03000000000000e+02 1.16684572260228e+01
1.04000000000000e+02 1.13998866018090e+01
1.05000000000000e+02 1.11234296910101e+01
1.06000000000000e+02 1.08379047681736e+01
1.07000000000000e+02 1.05420312726274e+01
1.08000000000000e+02 1.02343947943922e+01
1.09000000000000e+02 9.91338484459881e+00
1.10000000000000e+02 9.57713342168027e+00
1.11000000000000e+02 9.22341824516614e+00
1.12000000000000e+02 8.84953654581284e+00
1.13000000000000e+02 8.45211280643232e+00
1.14000000000000e+02 8.02681069144512e+00
1.15000000000000e+02 7.56787786374306e+00
1.16000000000000e+02 7.06736166912971e+00
1.17000000000000e+02 6.51370300239821e+00
1.18000000000000e+02 5.88890828314742e+00
1.19000000000000e+02 5.16212994115231e+00
1.20000000000000e+02 4.27170816836023e+00
1.21000000000000e+02 3.05238984087977e+00
