0.00000000000000e+00              NaN
1.00000000000000e+00              NaN
2.00000000000000e+00              NaN
3.00000000000000e+00 -6.78851472992556e-02
4.00000000000000e+00 -1.03466916071177e-01
5.00000000000000e+00 -1.27994961720350e-01
6.00000000000000e+00 -1.27768321845088e-01
7.00000000000000e+00 -1.13816950968247e-01
8.00000000000000e+00 -1.09185681956990e-01
9.00000000000000e+00 -7.07986627277011e-02
1.00000000000000e+01 -1.12237053949757e-01
1.10000000000000e+01 -8.53351375395612e-02
1.20000000000000e+01 -1.10669342354868e-01
1.30000000000000e+01 -8.88782022486333e-02
1.40000000000000e+01 -6.31535520664729e-02
1.50000000000000e+01 -6.78815969587775e-02
1.60000000000000e+01 -7.81074702603822e-02
1.70000000000000e+01 -3.71803271186355e-02
1.80000000000000e+01 3.34834707337098e-02
1.90000000000000e+01 4.10018135895733e-02
2.00000000000000e+01 1.37164016681217e-01
2.10000000000000e+01 1.80343765817466e-01
2.20000000000000e+01 2.17776981568991e-01
2.30000000000000e+01 2.92340688594812e-01
2.40000000000000e+01 3.60440917178325e-01
2.50000000000000e+01 4.19853600296583e-01
2.60000000000000e+01 5.07228742836680e-01
2.70000000000000e+01 6.20347797277814e-01
2.80000000000000e+01 6.72238950919390e-01
2.90000000000000e+01 6.22770118573774e-01
3.00000000000000e+01 6.86033383998833e-01
3.10000000000000e+01 8.65891403415484e-01
3.20000000000000e+01 9.29713384886845e-01
3.30000000000000e+01 9.50164456414656e-01
3.40000000000000e+01 9.82970608304430e-01
3.50000000000000e+01 9.96223712544607e-01
3.60000000000000e+01 1.14380891933440e+00
3.70000000000000e+01 1.21559846684449e+00
3.80000000000000e+01 1.15168911334037e+00
3.90000000000000e+01 1.05541545072981e+00
4.00000000000000e+01 1.17243194787045e+00
4.10000000000000e+01 1.28227808423028e+00
4.20000000000000e+01 1.46468401815556e+00
4.30000000000000e+01 1.55512135954121e+00
4.40000000000000e+01 1.68734658753854e+00
4.50000000000000e+01 1.81193783624754e+00
4.60000000000000e+01 1.83526229411564e+00
4.70000000000000e+01 1.87070082634384e+00
4.80000000000000e+01 1.81010740293479e+00
4.90000000000000e+01 1.87474783156632e+00
5.00000000000000e+01 1.72615499114236e+00
5.10000000000000e+01 1.72689964350793e+00
5.20000000000000e+01 1.70743862897415e+00
5.30000000000000e+01 1.96028559106125e+00
5.40000000000000e+01 2.39989197937359e+00
5.50000000000000e+01 2.58454519867851e+00
5.60000000000000e+01 2.80861528493911e+00
