0.00000000000000e+00              NaN
1.00000000000000e+00              NaN
2.00000000000000e+00              NaN
3.00000000000000e+00              NaN
4.00000000000000e+00 4.39437416267180e-02
5.00000000000000e+00 6.69818054255095e-02
6.00000000000000e+00 9.85667281522317e-02
7.00000000000000e+00 1.24175973037794e-01
8.00000000000000e+00 1.07885873076644e-01
9.00000000000000e+00 1.97947582837936e-02
1.00000000000000e+01 -1.41805813199621e-01
1.10000000000000e+01 3.08542631470312e-02
1.20000000000000e+01 1.17636701691882e-01
1.30000000000000e+01 1.55944553223192e-01
1.40000000000000e+01 2.02422204405122e-01
1.50000000000000e+01 2.32019804596346e-01
1.60000000000000e+01 2.93542513538257e-01
1.70000000000000e+01 3.33178560778260e-01
1.80000000000000e+01 3.66086282270034e-01
1.90000000000000e+01 4.36621463241100e-01
2.00000000000000e+01 4.44528110451413e-01
2.10000000000000e+01 5.05788194674836e-01
2.20000000000000e+01 6.52599014595017e-01
2.30000000000000e+01 7.58522074940854e-01
2.40000000000000e+01 8.57620450721216e-01
2.50000000000000e+01 9.48509461083475e-01
2.60000000000000e+01 1.02654750868454e+00
2.70000000000000e+01 1.05210862385987e+00
2.80000000000000e+01 1.01794094731099e+00
2.90000000000000e+01 9.49836912844215e-01
3.00000000000000e+01 9.54718634469163e-01
3.10000000000000e+01 1.08307322133295e+00
3.20000000000000e+01 1.15515682128156e+00
3.30000000000000e+01 1.18690620418486e+00
3.40000000000000e+01 1.32099354551352e+00
3.50000000000000e+01 1.35518475379385e+00
3.60000000000000e+01 1.46323566742894e+00
3.70000000000000e+01 1.80860184867818e+00
3.80000000000000e+01 2.01630681474260e+00
3.90000000000000e+01 2.07552846505234e+00
4.00000000000000e+01 1.94251477551237e+00
4.10000000000000e+01 2.14868185570541e+00
4.20000000000000e+01              NaN
