0.00000000000000e+00              NaN
1.00000000000000e+00              NaN
2.00000000000000e+00              NaN
3.00000000000000e+00              NaN
4.00000000000000e+00 2.55455668573944e-01
5.00000000000000e+00 3.76285986436543e-01
6.00000000000000e+00 5.05018937576585e-01
7.00000000000000e+00 6.36572981079989e-01
8.00000000000000e+00 8.74398267783188e-01
9.00000000000000e+00 1.20831310215025e+00
1.00000000000000e+01 1.54577925776246e+00
1.10000000000000e+01 1.95536625175149e+00
1.20000000000000e+01 2.39611558336352e+00
1.30000000000000e+01 2.86214918688731e+00
1.40000000000000e+01 3.34241553628924e+00
1.50000000000000e+01 3.85136058210103e+00
1.60000000000000e+01 4.36463324735537e+00
1.70000000000000e+01 4.89417090062914e+00
1.80000000000000e+01 5.43902707198785e+00
1.90000000000000e+01 6.04470063135263e+00
2.00000000000000e+01 6.80072080424215e+00
2.10000000000000e+01 7.37155201226935e+00
2.20000000000000e+01 8.01364554277380e+00
2.30000000000000e+01 8.69675656695516e+00
2.40000000000000e+01 9.41564912294870e+00
2.50000000000000e+01 1.01610278493617e+01
2.60000000000000e+01 1.09403899704951e+01
2.70000000000000e+01 1.17292204066980e+01
2.80000000000000e+01 1.25379953525342e+01
2.90000000000000e+01 1.33983896164882e+01
3.00000000000000e+01 1.44103003803251e+01
3.10000000000000e+01 1.57672873898329e+01
3.20000000000000e+01 1.67349024630429e+01
3.30000000000000e+01 1.73635986278682e+01
3.40000000000000e+01 1.79836768270422e+01
3.50000000000000e+01 1.86381647641154e+01
3.60000000000000e+01 2.01213516485583e+01
3.70000000000000e+01 2.13465853587583e+01
3.80000000000000e+01 2.27443380575249e+01
3.90000000000000e+01 2.43185713697358e+01
4.00000000000000e+01 2.59264463051128e+01
4.10000000000000e+01 2.70692986083671e+01
4.20000000000000e+01              NaN
