0.00000000000000e+00              NaN
1.00000000000000e+00              NaN
2.00000000000000e+00              NaN
3.00000000000000e+00 1.68555232027179e-01
4.00000000000000e+00 2.63887814814256e-01
5.00000000000000e+00 3.68763059222364e-01
6.00000000000000e+00 4.89498721367729e-01
7.00000000000000e+00 6.77367287416568e-01
8.00000000000000e+00 8.95645235407237e-01
9.00000000000000e+00 1.15223254218354e+00
1.00000000000000e+01 1.41003178737017e+00
1.10000000000000e+01 1.67525240091011e+00
1.20000000000000e+01 1.92885873990823e+00
1.30000000000000e+01 2.15772185950790e+00
1.40000000000000e+01 2.39256284132278e+00
1.50000000000000e+01 2.65505451882225e+00
1.60000000000000e+01 2.94446730824820e+00
1.70000000000000e+01 3.24456820696724e+00
1.80000000000000e+01 3.56703352332297e+00
1.90000000000000e+01 3.92547996351085e+00
2.00000000000000e+01 4.33154417812454e+00
2.10000000000000e+01 4.59428753780439e+00
2.20000000000000e+01 4.90859925443050e+00
2.30000000000000e+01 5.28432263518121e+00
2.40000000000000e+01 5.70270406724398e+00
2.50000000000000e+01 6.15613578225047e+00
2.60000000000000e+01 6.63206207840769e+00
2.70000000000000e+01 7.17712195976472e+00
2.80000000000000e+01 7.79687541509328e+00
2.90000000000000e+01 8.55044108290020e+00
3.00000000000000e+01 9.19298241657405e+00
3.10000000000000e+01 9.82646604311871e+00
3.20000000000000e+01 1.05929502984739e+01
3.30000000000000e+01 1.11813644903742e+01
3.40000000000000e+01 1.16993023282879e+01
3.50000000000000e+01 1.22131300537643e+01
3.60000000000000e+01 1.27679971746287e+01
3.70000000000000e+01 1.34233823501444e+01
3.80000000000000e+01 1.42681763589955e+01
3.90000000000000e+01 1.51697462528344e+01
4.00000000000000e+01 1.61490609271472e+01
4.10000000000000e+01 1.77096012313623e+01
4.20000000000000e+01 1.93615733351254e+01
4.30000000000000e+01 2.02275351087107e+01
4.40000000000000e+01 2.10450096334629e+01
4.50000000000000e+01 2.18981249485310e+01
4.60000000000000e+01 2.29896436777452e+01
4.70000000000000e+01 2.42520842793564e+01
4.80000000000000e+01 2.59203624392973e+01
4.90000000000000e+01 2.75331099795898e+01
5.00000000000000e+01 2.90284867629806e+01
5.10000000000000e+01 3.00532705941682e+01
5.20000000000000e+01 2.99717172615156e+01
5.30000000000000e+01 3.09897472320566e+01
5.40000000000000e+01 3.23290047392059e+01
5.50000000000000e+01 3.31215830323411e+01
5.60000000000000e+01 3.39464308069013e+01
