0.00000000000000e+00 0.00000000000000e+00
1.91115920491434e-02 1.10667808655867e-01
3.81376214865395e-02 4.57334348998880e-01
3.81376214865395e-02 4.57334348998880e-01
5.70026778351453e-02 1.02563548845180e+00
7.56472525370083e-02 1.79794095171784e+00
7.56472525370083e-02 1.79794095171784e+00
9.40296434694130e-02 2.75634268593852e+00
1.12125242406749e-01 3.88079321405104e+00
1.12125242406749e-01 3.88079321405104e+00
1.29920008224657e-01 5.15441931892189e+00
1.47414083613190e-01 6.55898128662701e+00
1.47414083613190e-01 6.55898128662701e+00
1.64612234630576e-01 8.07971830251394e+00
1.81530885512951e-01 9.70072336208974e+00
1.81530885512951e-01 9.70072336208974e+00
1.98186007443357e-01 1.14096201422725e+01
2.14601600972076e-01 1.31934148164788e+01
2.14601600972076e-01 1.31934148164788e+01
2.30798832399170e-01 1.50420213210181e+01
2.46804834310169e-01 1.69448215241214e+01
2.46804834310169e-01 1.69448215241214e+01
2.62641780619845e-01 1.88937996832587e+01
2.78336340012067e-01 2.08804282548124e+01
2.78336340012067e-01 2.08804282548124e+01
2.93908895256721e-01 2.28985160134076e+01
3.09383337923310e-01 2.49413544179306e+01
3.09383337923310e-01 2.49413544179306e+01
3.24776595287368e-01 2.70043424354202e+01
3.40108415831673e-01 2.90823690375122e+01
3.40108415831673e-01 2.90823690375122e+01
3.55391463452463e-01 3.11722192376341e+01
3.70640755881392e-01 3.32701875025310e+01
3.70640755881392e-01 3.32701875025310e+01
3.85864594038162e-01 3.53742464600107e+01
4.01073249137084e-01 3.74819240375709e+01
4.01073249137084e-01 3.74819240375709e+01
4.16271078718306e-01 3.95921762248306e+01
4.31464156367460e-01 4.17035567114241e+01
4.31464156367460e-01 4.17035567114241e+01
4.44755321645306e-01 4.35516652449142e+01
4.58045913870612e-01 4.53999097003688e+01
4.58045913870612e-01 4.53999097003688e+01
4.65640314421440e-01 4.64561140077784e+01
4.73234709760247e-01 4.75123195512224e+01
