0.00000000000000e+00 0.00000000000000e+00
1.00000000000000e+00 9.30959670784188e-04
2.00000000000000e+00 3.72884540524926e-03
3.00000000000000e+00 8.40275158925373e-03
4.00000000000000e+00 1.49648627062340e-02
5.00000000000000e+00 2.34297799705053e-02
6.00000000000000e+00 3.38150185590073e-02
7.00000000000000e+00 4.61413284567468e-02
8.00000000000000e+00 6.04319424331787e-02
9.00000000000000e+00 7.67134126012206e-02
1.00000000000000e+01 9.50167876645259e-02
1.10000000000000e+01 1.15371062690675e-01
1.20000000000000e+01 1.37813221409286e-01
1.30000000000000e+01 1.62384293523516e-01
1.40000000000000e+01 1.89120615068122e-01
1.50000000000000e+01 2.18068760401778e-01
1.60000000000000e+01 2.49280054307323e-01
1.70000000000000e+01 2.82797307412067e-01
1.80000000000000e+01 3.18681403717101e-01
1.90000000000000e+01 3.56979460651854e-01
2.00000000000000e+01 3.97758784711995e-01
2.10000000000000e+01 4.41070161890466e-01
2.20000000000000e+01 4.86986616513178e-01
2.30000000000000e+01 5.35561623200783e-01
2.40000000000000e+01 5.86872928011413e-01
2.50000000000000e+01 6.40975253695550e-01
2.60000000000000e+01 6.97949726567405e-01
2.70000000000000e+01 7.57850260693986e-01
2.80000000000000e+01 8.20759493328317e-01
2.90000000000000e+01 8.86736261434661e-01
3.00000000000000e+01 9.55836959283473e-01
3.10000000000000e+01 1.02813987877601e+00
3.20000000000000e+01 1.10368515513891e+00
3.30000000000000e+01 1.18254476111062e+00
3.40000000000000e+01 1.26474507705046e+00
3.50000000000000e+01 1.35034731956938e+00
3.60000000000000e+01 1.43935825322962e+00
3.70000000000000e+01 1.53182307302009e+00
3.80000000000000e+01 1.62772207518778e+00
3.90000000000000e+01 1.72707844770272e+00
4.00000000000000e+01 1.82983833190710e+00
4.10000000000000e+01 1.93599641817835e+00
4.20000000000000e+01 2.04547639785987e+00
4.30000000000000e+01 2.15817793941808e+00
4.40000000000000e+01 2.27403724003647e+00
4.50000000000000e+01 2.39288257314537e+00
4.60000000000000e+01 2.51460557691730e+00
4.70000000000000e+01 2.63897314007700e+00
4.80000000000000e+01 2.76582804332183e+00
4.90000000000000e+01 2.89490205706098e+00
5.00000000000000e+01 3.02589295423045e+00
5.10000000000000e+01 3.15856262718481e+00
5.20000000000000e+01 3.29251379020494e+00
5.30000000000000e+01 3.42745995963976e+00
5.40000000000000e+01 3.56293943843084e+00
5.50000000000000e+01 3.69862366999789e+00
5.60000000000000e+01 3.83399407909717e+00
5.70000000000000e+01 3.96868922337694e+00
5.80000000000000e+01 4.10214435510334e+00
5.90000000000000e+01 4.23397571101227e+00
6.00000000000000e+01 4.36358441048915e+00
