0.00000000000000e+00 0.00000000000000e+00
7.50000000000000e+00 5.32117551302185e-02
1.00000000000000e+01 9.48431395824675e-02
1.25000000000000e+01 1.48658202973110e-01
1.50000000000000e+01 2.14823052475156e-01
1.75000000000000e+01 2.93482492999305e-01
2.00000000000000e+01 3.84717858825331e-01
2.25000000000000e+01 4.88492177398359e-01
2.50000000000000e+01 6.04585503075214e-01
2.75000000000000e+01 7.32517325162495e-01
3.00000000000000e+01 8.71466247389877e-01
3.25000000000000e+01 1.02020414638097e+00
3.50000000000000e+01 1.17703711417312e+00
3.75000000000000e+01 1.33981003146734e+00
4.00000000000000e+01 1.50595657075103e+00
4.25000000000000e+01 1.67263012202902e+00
4.50000000000000e+01 1.83686591937218e+00
4.75000000000000e+01 1.99582941787623e+00
5.00000000000000e+01 2.14698381588840e+00
5.25000000000000e+01 2.28829213912687e+00
5.50000000000000e+01 2.41821738502838e+00
5.75000000000000e+01 2.53585983520817e+00
6.00000000000000e+01 2.64082543885264e+00
