0.00000000000000e+00 0.00000000000000e+00 0.00000000000000e+00 0.00000000000000e+00
7.50000000000000e+00 8.02788494037343e-01 -3.69031536820260e-03 1.59118429795326e-04
1.00000000000000e+01 1.43374982099254e+00 -1.17712041832205e-02 6.36492521763033e-04
1.25000000000000e+01 2.25307013788088e+00 -2.90718305103453e-02 1.71330125609526e-03
1.50000000000000e+01 3.26630802623851e+00 -6.11125481822053e-02 3.74924967488092e-03
1.75000000000000e+01 4.47990925284680e+00 -1.15002734429585e-01 7.19535360643059e-03
2.00000000000000e+01 5.90061005837148e+00 -1.99617957051758e-01 1.25964701807146e-02
2.25000000000000e+01 7.53513377787708e+00 -3.25786846170045e-01 2.05905195202587e-02
2.50000000000000e+01 9.38912017572259e+00 -5.06395898242208e-01 3.19000542770377e-02
2.75000000000000e+01 1.14665286531853e+01 -7.56440613998981e-01 4.73153383869157e-02
3.00000000000000e+01 1.37682494382782e+01 -1.09286122188301e+00 6.76631155883226e-02
3.25000000000000e+01 1.62911459555148e+01 -1.53420300431246e+00 9.37626937328251e-02
3.50000000000000e+01 1.90263286105838e+01 -2.09985497686223e+00 1.26364437068981e-01
3.75000000000000e+01 2.19585416569859e+01 -2.80910128370878e+00 1.66083674105657e-01
4.00000000000000e+01 2.50652889356378e+01 -3.67976326418329e+00 2.13332317232685e-01
4.25000000000000e+01 2.83169920489042e+01 -4.72674176030763e+00 2.68267389499220e-01
4.50000000000000e+01 3.16779320300472e+01 -5.96061410694797e+00 3.30771114734489e-01
4.75000000000000e+01 3.51081880379541e+01 -7.38663068458057e+00 4.00463751134878e-01
5.00000000000000e+01 3.85657030331752e+01 -9.00407905212650e+00 4.76760154789091e-01
5.25000000000000e+01 4.20089981949210e+01 -1.08064439083306e+01 5.58951747530459e-01
5.50000000000000e+01 4.53995855809718e+01 -1.27821590265411e+01 6.46297292955140e-01
5.75000000000000e+01 4.87038507682596e+01 -1.49158236471606e+01 7.38121159020619e-01
6.00000000000000e+01 5.18930697997657e+01 -1.71887890183311e+01 8.33808186806329e-01
