0.00000000000000e+00 0.00000000000000e+00 0.00000000000000e+00 0.00000000000000e+00
1.00000000000000e+00 1.02007948244052e-02 -5.96205146321613e-07 1.72505514933228e-06
2.00000000000000e+00 4.09514548157860e-02 -9.52358818998249e-06 7.43619292711426e-06
3.00000000000000e+00 9.24780326469769e-02 -4.84892887692044e-05 1.87245323577278e-05
4.00000000000000e+00 1.65013127623609e-01 -1.54305882536251e-04 3.82612060156409e-05
5.00000000000000e+00 2.58797643037881e-01 -3.79470948901515e-04 6.98388018429442e-05
6.00000000000000e+00 3.74082298113018e-01 -7.92789230273719e-04 1.18417489388282e-04
7.00000000000000e+00 5.11129097065742e-01 -1.48004612408756e-03 1.90176711421610e-04
8.00000000000000e+00 6.70212233070194e-01 -2.54473694391750e-03 2.92572707357970e-04
9.00000000000000e+00 8.51619305394784e-01 -4.10886237093114e-03 4.34403164859328e-04
1.00000000000000e+01 1.05565189857140e+00 -6.31379005580382e-03 6.25878954541598e-04
1.10000000000000e+01 1.28265117030849e+00 -9.32155349769614e-03 8.78735020210750e-04
1.20000000000000e+01 1.53290418202271e+00 -1.33145835730303e-02 1.20620908634698e-03
1.30000000000000e+01 1.80677755065422e+00 -1.84985268440819e-02 1.62328886850720e-03
1.40000000000000e+01 2.10463313947861e+00 -2.51023727265282e-02 2.14672926465674e-03
1.50000000000000e+01 2.42689040089796e+00 -3.33811172220768e-02 2.79528694442040e-03
1.60000000000000e+01 2.77386374225399e+00 -4.36128281399409e-02 3.58950354106169e-03
1.70000000000000e+01 3.14599469844770e+00 -5.61059591699426e-02 4.55232811442828e-03
1.80000000000000e+01 3.54375828250884e+00 -7.11994364212306e-02 5.70915553164408e-03
1.90000000000000e+01 3.96748314485416e+00 -8.92567522410828e-02 7.08739416096033e-03
2.00000000000000e+01 4.41772055387088e+00 -1.10682277171414e-01 8.71783307499643e-03
2.10000000000000e+01 4.89480843858962e+00 -1.35904210715488e-01 1.06333270631118e-02
2.20000000000000e+01 5.39932493356331e+00 -1.65398195168224e-01 1.28707809981070e-02
2.30000000000000e+01 5.93160893336634e+00 -1.99663565238532e-01 1.54693079672882e-02
2.40000000000000e+01 6.49225611550186e+00 -2.39254501261103e-01 1.84728711822088e-02
2.50000000000000e+01 7.08159455832703e+00 -2.84747859426737e-01 2.19277648092432e-02
2.60000000000000e+01 7.70022524401336e+00 -3.36783559264412e-01 2.58860823932643e-02
2.70000000000000e+01 8.34844958845288e+00 -3.96021856766077e-01 3.04023263370616e-02
2.80000000000000e+01 9.02685815908761e+00 -4.63195053004248e-01 3.55379172880959e-02
2.90000000000000e+01 9.73570515248615e+00 -5.39051511154544e-01 4.13566784587019e-02
3.00000000000000e+01 1.04755509344867e+01 -6.24421302648891e-01 4.79306615741936e-02
3.10000000000000e+01 1.12465765241732e+01 -7.20143522343190e-01 5.53341704165875e-02
3.20000000000000e+01 1.20492876555903e+01 -8.27149203130244e-01 6.36512614101279e-02
3.30000000000000e+01 1.28838610153025e+01 -9.46382441264808e-01 7.29692041556869e-02
3.40000000000000e+01 1.37504155079416e+01 -1.07883015780018e+00 8.33814010167724e-02
3.50000000000000e+01 1.46492982408806e+01 -1.22556987959054e+00 9.49921996023884e-02
3.60000000000000e+01 1.55803729357864e+01 -1.38765679009674e+00 1.07907080457056e-01
3.70000000000000e+01 1.65438460636481e+01 -1.56625803993035e+00 1.22245512873891e-01
3.80000000000000e+01 1.75393681426535e+01 -1.76249232179729e+00 1.38126598003101e-01
3.90000000000000e+01 1.85669615732748e+01 -1.97759973021460e+00 1.55685679357577e-01
4.00000000000000e+01 1.96261476221331e+01 -2.21276755045134e+00 1.75058464961827e-01
4.10000000000000e+01 2.07162969916042e+01 -2.46918548719643e+00 1.96386766973130e-01
4.20000000000000e+01 2.18370396890889e+01 -2.74814223246098e+00 2.19828977692804e-01
4.30000000000000e+01 2.29874202695586e+01 -3.05081665669452e+00 2.45540075072354e-01
4.40000000000000e+01 2.41662828385846e+01 -3.37834724185744e+00 2.73678936146771e-01
4.50000000000000e+01 2.53727419451702e+01 -3.73195923907362e+00 3.04422516072268e-01
4.60000000000000e+01 2.66052272893839e+01 -4.11268249215309e+00 3.37937228961747e-01
4.70000000000000e+01 2.78619182858190e+01 -4.52144141266047e+00 3.74388410611371e-01
4.80000000000000e+01 2.91412951666929e+01 -4.95922565595281e+00 4.13959792979080e-01
4.90000000000000e+01 3.04410436997318e+01 -5.42670869038490e+00 4.56812303053562e-01
5.00000000000000e+01 3.17585581157772e+01 -5.92436879707824e+00 5.03096656372299e-01
5.10000000000000e+01 3.30915933699840e+01 -6.45272161091921e+00 5.52980496073481e-01
5.20000000000000e+01 3.44369988962796e+01 -7.01180719661816e+00 6.06589177707513e-01
5.30000000000000e+01 3.57915572551984e+01 -7.60146847580155e+00 6.64036648660643e-01
5.40000000000000e+01 3.71515289757152e+01 -8.22112031870439e+00 7.25396527769847e-01
5.50000000000000e+01 3.85136420760542e+01 -8.87016688270397e+00 7.90752209879428e-01
5.60000000000000e+01 3.98736256002292e+01 -9.54728788130855e+00 8.60106629514683e-01
5.70000000000000e+01 4.12272054412667e+01 -1.02508458139540e+01 9.33429326150557e-01
5.80000000000000e+01 4.25695918520165e+01 -1.09785821761765e+01 1.01061377361668e+00
5.90000000000000e+01 4.38966344339722e+01 -1.17282094012685e+01 1.09155276797352e+00
6.00000000000000e+01 4.52031409505044e+01 -1.24964515970569e+01 1.17600617047673e+00
