0.00000000000000e+00 0.00000000000000e+00
7.50000000000000e+00 3.82440791875577e-02
1.00000000000000e+01 6.82392065772178e-02
1.25000000000000e+01 1.07120409298289e-01
1.50000000000000e+01 1.55108598839255e-01
1.75000000000000e+01 2.12463923414499e-01
2.00000000000000e+01 2.79461690804469e-01
2.25000000000000e+01 3.56379931762338e-01
2.50000000000000e+01 4.43473237445639e-01
2.75000000000000e+01 5.40937454257776e-01
3.00000000000000e+01 6.48866201332442e-01
3.25000000000000e+01 7.67196362010227e-01
3.50000000000000e+01 8.95644855870672e-01
3.75000000000000e+01 1.03363858912998e+00
4.00000000000000e+01 1.18025968491366e+00
4.25000000000000e+01 1.33418057746808e+00
4.50000000000000e+01 1.49366114018699e+00
4.75000000000000e+01 1.65656804225419e+00
5.00000000000000e+01 1.82045846813040e+00
5.25000000000000e+01 1.98271073003690e+00
5.50000000000000e+01 2.14069335364757e+00
5.75000000000000e+01 2.29193567365000e+00
6.00000000000000e+01 2.43429160704838e+00
