0.00000000000000e+00 0.00000000000000e+00 0.00000000000000e+00 0.00000000000000e+00
1.00000000000000e+00 1.42571765849190e-02 -1.16783575014864e-06 3.31788179743687e-06
2.00000000000000e+00 5.70862672972107e-02 -1.86101312580679e-05 1.42623234018817e-05
3.00000000000000e+00 1.28589875404310e-01 -9.43230671965321e-05 3.58039381017762e-05
4.00000000000000e+00 2.28892550205834e-01 -2.98747535775837e-04 7.29207814525345e-05
5.00000000000000e+00 3.58140813429298e-01 -7.31270018834821e-04 1.32644520087118e-04
6.00000000000000e+00 5.16503146055447e-01 -1.52083520313285e-03 2.24120187926018e-04
7.00000000000000e+00 7.04169519239371e-01 -2.82666890206527e-03 3.58679715641427e-04
8.00000000000000e+00 9.21351020178683e-01 -4.83911255322864e-03 5.49930078195408e-04
9.00000000000000e+00 1.16827899949010e+00 -7.78056359463161e-03 8.13856201055243e-04
1.00000000000000e+01 1.44523141956892e+00 -1.19069694846415e-02 1.16897896685856e-03
1.10000000000000e+01 1.75242892213239e+00 -1.75073936023944e-02 1.63635000377482e-03
1.20000000000000e+01 2.09017847772708e+00 -2.49073468173461e-02 2.23989057354624e-03
1.30000000000000e+01 2.45878015509387e+00 -3.44688266755944e-02 3.00644541362262e-03
1.40000000000000e+01 2.85859459933572e+00 -4.65935380502523e-02 3.96612554168034e-03
1.50000000000000e+01 3.28985767051670e+00 -6.17186184982074e-02 5.15203268225530e-03
1.60000000000000e+01 3.75299379659396e+00 -8.03282290047131e-02 6.60133508623300e-03
1.70000000000000e+01 4.24823862813645e+00 -1.02941651209485e-01 8.35438164618496e-03
1.80000000000000e+01 4.77603275199660e+00 -1.30130906406321e-01 1.04563277428498e-02
1.90000000000000e+01 5.33659788279236e+00 -1.62502687923215e-01 1.29557604323806e-02
2.00000000000000e+01 5.93037379844997e+00 -2.00722626098857e-01 1.59069564633658e-02
2.10000000000000e+01 6.55755047781713e+00 -2.45489370099128e-01 1.93678571608214e-02
2.20000000000000e+01 7.21854633900093e+00 -2.97566947269173e-01 2.34031280407224e-02
2.30000000000000e+01 7.91349726272474e+00 -3.57749023032569e-01 2.80812802092683e-02
2.40000000000000e+01 8.64277577271754e+00 -4.26901022555659e-01 3.34787389878679e-02
2.50000000000000e+01 9.40643632866442e+00 -5.05912218953824e-01 3.96758523890429e-02
2.60000000000000e+01 1.02047767333846e+01 -5.95749598086193e-01 4.67622262080364e-02
2.70000000000000e+01 1.10377374980610e+01 -6.97394930113673e-01 5.48312848350465e-02
2.80000000000000e+01 1.19055084590780e+01 -8.11912795705914e-01 6.39871962802388e-02
2.90000000000000e+01 1.28078784530163e+01 -9.40369162807019e-01 7.43375508949005e-02
3.00000000000000e+01 1.37448918723267e+01 -1.08391659218195e+00 8.60022870177924e-02
3.10000000000000e+01 1.47161433216943e+01 -1.24369004445946e+00 9.91039222172311e-02
3.20000000000000e+01 1.57214906589640e+01 -1.42091309150887e+00 1.13779005897527e-01
3.30000000000000e+01 1.67602877581637e+01 -1.61676569947878e+00 1.30165167931121e-01
3.40000000000000e+01 1.78321624340225e+01 -1.83251633546539e+00 1.48415777415911e-01
3.50000000000000e+01 1.89361789378098e+01 -2.06935529665439e+00 1.68682856889182e-01
3.60000000000000e+01 2.00716910281045e+01 -2.32855897043910e+00 1.91135828105335e-01
3.70000000000000e+01 2.12374244052111e+01 -2.61128090267496e+00 2.15939068263588e-01
3.80000000000000e+01 2.24324169786239e+01 -2.91875618173890e+00 2.43275887583334e-01
3.90000000000000e+01 2.36550101889184e+01 -3.25204087753616e+00 2.73319171099892e-01
4.00000000000000e+01 2.49038901057416e+01 -3.61226659411466e+00 3.06262073951943e-01
4.10000000000000e+01 2.61771258944620e+01 -4.00036448242408e+00 3.42285743470330e-01
4.20000000000000e+01 2.74725749853955e+01 -4.41714601338169e+00 3.81568910754970e-01
4.30000000000000e+01 2.87883254687069e+01 -4.86343533369966e+00 4.24305509625792e-01
4.40000000000000e+01 3.01216460417987e+01 -5.33969944621683e+00 4.70657403476659e-01
4.50000000000000e+01 3.14702357065454e+01 -5.84645112872684e+00 5.20806627258894e-01
4.60000000000000e+01 3.28309122816046e+01 -6.38374985318557e+00 5.74888755331350e-01
4.70000000000000e+01 3.42010057573133e+01 -6.95170252820781e+00 6.33059898633384e-01
4.80000000000000e+01 3.55769102348277e+01 -7.54985779478563e+00 6.95411898901893e-01
4.90000000000000e+01 3.69556316806911e+01 -8.17782433681329e+00 7.62057939869807e-01
5.00000000000000e+01 3.83331950667392e+01 -8.83454252544663e+00 8.33025744415772e-01
5.10000000000000e+01 3.97063526876484e+01 -9.51904072344526e+00 9.08366270120993e-01
5.20000000000000e+01 4.10708419362469e+01 -1.02295686534312e+01 9.88020835075093e-01
5.30000000000000e+01 4.24232537294653e+01 -1.09645109397520e+01 1.07195778796578e+00
5.40000000000000e+01 4.37593944653729e+01 -1.17215157305146e+01 1.16003373253249e+00
5.50000000000000e+01 4.50750405362168e+01 -1.24978436457486e+01 1.25204180729690e+00
5.60000000000000e+01 4.63667031375797e+01 -1.32908297302278e+01 1.34778629608290e+00
5.70000000000000e+01 4.76299124696813e+01 -1.40968318505302e+01 1.44690200678374e+00
5.80000000000000e+01 4.88609979436365e+01 -1.49123074561444e+01 1.54903144553605e+00
5.90000000000000e+01 5.00564157967321e+01 -1.57334254375485e+01 1.65375809108662e+00
6.00000000000000e+01 5.12118210383581e+01 -1.65553932455542e+01 1.76047849409816e+00
