0.00000000000000e+00 0.00000000000000e+00
1.00000000000000e+00 6.16192942321011e-04
2.00000000000000e+00 2.47244724677449e-03
3.00000000000000e+00 5.58129310488632e-03
4.00000000000000e+00 9.95586251339999e-03
5.00000000000000e+00 1.56103833743848e-02
6.00000000000000e+00 2.25597670665916e-02
7.00000000000000e+00 3.08202815218557e-02
8.00000000000000e+00 4.04096197918585e-02
9.00000000000000e+00 5.13465631149316e-02
1.00000000000000e+01 6.36512442967147e-02
1.10000000000000e+01 7.73466795795748e-02
1.20000000000000e+01 9.24533026280887e-02
1.30000000000000e+01 1.08997156975900e-01
1.40000000000000e+01 1.27004350790192e-01
1.50000000000000e+01 1.46505674842001e-01
1.60000000000000e+01 1.67525843201774e-01
1.70000000000000e+01 1.90098505758775e-01
1.80000000000000e+01 2.14260425104622e-01
1.90000000000000e+01 2.40040020561601e-01
2.00000000000000e+01 2.67480995945100e-01
2.10000000000000e+01 2.96614659995557e-01
2.20000000000000e+01 3.27484702613025e-01
2.30000000000000e+01 3.60138286258124e-01
2.40000000000000e+01 3.94609803728042e-01
2.50000000000000e+01 4.30954693603749e-01
2.60000000000000e+01 4.69209641381604e-01
2.70000000000000e+01 5.09434120689863e-01
2.80000000000000e+01 5.51666548825122e-01
2.90000000000000e+01 5.95970136275645e-01
3.00000000000000e+01 6.42390788717227e-01
3.10000000000000e+01 6.90975013053259e-01
3.20000000000000e+01 7.41789122726071e-01
3.30000000000000e+01 7.94872830116252e-01
3.40000000000000e+01 8.50294049234025e-01
3.50000000000000e+01 9.08089813456101e-01
3.60000000000000e+01 9.68328207311542e-01
3.70000000000000e+01 1.03104123395731e+00
3.80000000000000e+01 1.09629523325710e+00
3.90000000000000e+01 1.16412494460733e+00
4.00000000000000e+01 1.23456006649879e+00
4.10000000000000e+01 1.30765760410170e+00
4.20000000000000e+01 1.38342388768502e+00
4.30000000000000e+01 1.46190662148108e+00
4.40000000000000e+01 1.54310761402409e+00
4.50000000000000e+01 1.62701690868781e+00
4.60000000000000e+01 1.71365765306737e+00
4.70000000000000e+01 1.80299618855723e+00
4.80000000000000e+01 1.89498152947362e+00
4.90000000000000e+01 1.98959947551365e+00
5.00000000000000e+01 2.08676507996835e+00
5.10000000000000e+01 2.18636948441869e+00
5.20000000000000e+01 2.28834608719087e+00
5.30000000000000e+01 2.39254048709133e+00
5.40000000000000e+01 2.49879354595961e+00
5.50000000000000e+01 2.60689148652613e+00
5.60000000000000e+01 2.71667050810342e+00
5.70000000000000e+01 2.82785607433341e+00
5.80000000000000e+01 2.94016682608778e+00
5.90000000000000e+01 3.05325399513735e+00
6.00000000000000e+01 3.16683151886878e+00
