0.00000000000000e+00 0.00000000000000e+00 0.00000000000000e+00 0.00000000000000e+00
7.50000000000000e+00 8.37152728212500e-01 -3.99039789609507e-03 1.83031060667194e-04
1.00000000000000e+01 1.49545611730152e+00 -1.27340392657333e-02 7.13001518699698e-04
1.25000000000000e+01 2.35069315764173e+00 -3.14674725087972e-02 1.90276142012778e-03
1.50000000000000e+01 3.40894872564048e+00 -6.61926732397523e-02 4.14848543721635e-03
1.75000000000000e+01 4.67726166939782e+00 -1.24656959540849e-01 7.94815585748939e-03
2.00000000000000e+01 6.16296771540547e+00 -2.16553995031768e-01 1.39048436825540e-02
2.25000000000000e+01 7.87333206335403e+00 -3.53732967697327e-01 2.27261452350695e-02
2.50000000000000e+01 9.81435842789862e+00 -5.50312125721262e-01 3.52146483058912e-02
2.75000000000000e+01 1.19900726909342e+01 -8.22721658985257e-01 5.22483220887177e-02
3.00000000000000e+01 1.44009613945554e+01 -1.18949281549492e+00 7.47440242456359e-02
3.25000000000000e+01 1.70428645629889e+01 -1.67083116986524e+00 1.03606016462004e-01
3.50000000000000e+01 1.99050863359123e+01 -2.28770296878770e+00 1.39654350798864e-01
3.75000000000000e+01 2.29697419520679e+01 -3.06070002573772e+00 1.83548701080001e-01
4.00000000000000e+01 2.62109298667809e+01 -4.00846152063759e+00 2.35711582096050e-01
4.25000000000000e+01 2.95951050289452e+01 -5.14602428754177e+00 2.96275441138993e-01
4.50000000000000e+01 3.30823881239599e+01 -6.48331201276502e+00 3.65058512245158e-01
4.75000000000000e+01 3.66288996776165e+01 -8.02412885753498e+00 4.41604710003241e-01
5.00000000000000e+01 4.01892511342785e+01 -9.76566087136753e+00 5.25238340513635e-01
5.25000000000000e+01 4.37197548743670e+01 -1.16989888631219e+01 6.15179579305382e-01
5.50000000000000e+01 4.71801830523412e+01 -1.38096834804950e+01 7.10604671570224e-01
5.75000000000000e+01 5.05363224518426e+01 -1.60795961224310e+01 8.10785290920555e-01
6.00000000000000e+01 5.37604895951815e+01 -1.84881510325572e+01 9.15112800763361e-01
