0.00000000000000e+00 0.00000000000000e+00
7.50000000000000e+00 5.08590888689242e-02
1.00000000000000e+01 9.06318117000618e-02
1.25000000000000e+01 1.42022959949158e-01
1.50000000000000e+01 2.05178088684329e-01
1.75000000000000e+01 2.80222874521802e-01
2.00000000000000e+01 3.67225983660353e-01
2.25000000000000e+01 4.66150254924421e-01
2.50000000000000e+01 5.76796309313761e-01
2.75000000000000e+01 6.98733524300444e-01
3.00000000000000e+01 8.31228869930453e-01
3.25000000000000e+01 9.73187387107401e-01
3.50000000000000e+01 1.12309522955755e+00
3.75000000000000e+01 1.27901752218990e+00
4.00000000000000e+01 1.43863230153216e+00
4.25000000000000e+01 1.59933033589559e+00
4.50000000000000e+01 1.75837624223853e+00
4.75000000000000e+01 1.91307336608844e+00
5.00000000000000e+01 2.06097117384181e+00
5.25000000000000e+01 2.20001543562337e+00
5.50000000000000e+01 2.32864205465045e+00
5.75000000000000e+01 2.44584923406728e+00
6.00000000000000e+01 2.55105266783169e+00
