0.00000000000000e+00 0.00000000000000e+00 0.00000000000000e+00 0.00000000000000e+00
7.50000000000000e+00 6.00878227158069e-01 -2.05588395455819e-03 1.00877148996940e-04
1.00000000000000e+01 1.07359112361270e+00 -6.56290405199179e-03 3.80333774477058e-04
1.25000000000000e+01 1.68805292446244e+00 -1.62261440690155e-02 1.00511816216011e-03
1.50000000000000e+01 2.44905453968158e+00 -3.41582644853943e-02 2.18565442439600e-03
1.75000000000000e+01 3.36261108791551e+00 -6.44088189233600e-02 4.19173482717563e-03
2.00000000000000e+01 4.43543433595340e+00 -1.12100286982336e-01 7.35888283780336e-03
2.25000000000000e+01 5.67515819896771e+00 -1.83610448287989e-01 1.20959819241874e-02
2.50000000000000e+01 7.08969853315765e+00 -2.86740056813620e-01 1.88912853201146e-02
2.75000000000000e+01 8.68724727112639e+00 -4.30920227891536e-01 2.83178036370377e-02
3.00000000000000e+01 1.04755521162080e+01 -6.27369131646465e-01 4.10339774980347e-02
3.25000000000000e+01 1.24612724460620e+01 -8.89205106796773e-01 5.77785327259400e-02
3.50000000000000e+01 1.46490918160494e+01 -1.23145002211473e+00 7.93560355772615e-02
3.75000000000000e+01 1.70405780104319e+01 -1.67084802829633e+00 1.06609722138407e-01
4.00000000000000e+01 1.96333081098088e+01 -2.22552108490724e+00 1.40383063227190e-01
4.25000000000000e+01 2.24191668155205e+01 -2.91417214070117e+00 1.81461139537296e-01
4.50000000000000e+01 2.53839154591931e+01 -3.75519543691990e+00 2.30510104934175e-01
4.75000000000000e+01 2.85063252901960e+01 -4.76534891911809e+00 2.88008664768579e-01
5.00000000000000e+01 3.17585589824219e+01 -5.95845544026159e+00 3.54196137965506e-01
5.25000000000000e+01 3.51069405203734e+01 -7.34408553840010e+00 4.29038725147016e-01
5.50000000000000e+01 3.85136416493745e+01 -8.92660186651361e+00 5.12233803294519e-01
5.75000000000000e+01 4.19390272760291e+01 -1.07047901661136e+01 6.03248976504330e-01
6.00000000000000e+01 4.53437641979396e+01 -1.26718854072205e+01 7.01387422618124e-01
