0.00000000000000e+00 0.00000000000000e+00 0.00000000000000e+00 0.00000000000000e+00
7.50000000000000e+00 5.76209435070559e-01 -1.90124922784335e-03 8.85318117463912e-05
1.00000000000000e+01 1.02927695439206e+00 -6.06649642720996e-03 3.40756004457167e-04
1.25000000000000e+01 1.61789834816505e+00 -1.49899643513863e-02 9.06840114083167e-04
1.50000000000000e+01 2.34643752091822e+00 -3.15332843509700e-02 1.97778326285483e-03
1.75000000000000e+01 3.22038244242313e+00 -5.94092384576770e-02 3.79776602979457e-03
2.00000000000000e+01 4.24584781164771e+00 -1.03300255212367e-01 6.66951213650264e-03
2.25000000000000e+01 5.42980175689317e+00 -1.69018309182922e-01 1.09607279350661e-02
2.50000000000000e+01 6.77947496800660e+00 -2.63650736531073e-01 1.71091222122088e-02
2.75000000000000e+01 8.30238799806300e+00 -3.95743327687200e-01 2.56269339684073e-02
3.00000000000000e+01 1.00057124178592e+01 -5.75440037349000e-01 3.71015064817931e-02
3.25000000000000e+01 1.18957237000590e+01 -8.14589694176039e-01 5.21910857666504e-02
3.50000000000000e+01 1.39769653796530e+01 -1.12675195758582e+00 7.16124587311217e-02
3.75000000000000e+01 1.62516381271343e+01 -1.52712585835427e+00 9.61211742479657e-02
4.00000000000000e+01 1.87181038195012e+01 -2.03216638288104e+00 1.26474774778265e-01
4.25000000000000e+01 2.13700976959654e+01 -2.65905877975931e+00 1.63388962182135e-01
4.50000000000000e+01 2.41959453611552e+01 -3.42493598502531e+00 2.07483910779794e-01
4.75000000000000e+01 2.71777424311643e+01 -4.34577010269212e+00 2.59225167182451e-01
5.00000000000000e+01 3.02915285433364e+01 -5.43524298481100e+00 3.18875806629962e-01
5.25000000000000e+01 3.35077672445588e+01 -6.70354957077409e+00 3.86461869738089e-01
5.50000000000000e+01 3.67926286087949e+01 -8.15644580667672e+00 4.61768246589477e-01
5.75000000000000e+01 4.01099438436919e+01 -9.79476408694948e+00 5.44364638355853e-01
6.00000000000000e+01 4.34230248837474e+01 -1.16142452073228e+01 6.33656583509038e-01
