0.00000000000000e+00 0.00000000000000e+00 0.00000000000000e+00 0.00000000000000e+00
1.00000000000000e+00 9.77265893693781e-03 -5.49739909973354e-07 1.72042969942866e-06
2.00000000000000e+00 3.92333766212719e-02 -8.78782461042921e-06 7.37326096789636e-06
3.00000000000000e+00 8.85989297017748e-02 -4.47497878540836e-05 1.84144284897772e-05
4.00000000000000e+00 1.58091253360830e-01 -1.42412151850127e-04 3.72856225382536e-05
5.00000000000000e+00 2.47939075345932e-01 -3.50222087082225e-04 6.74515938153875e-05
6.00000000000000e+00 3.58379344817150e-01 -7.31662194846968e-04 1.13441451041457e-04
7.00000000000000e+00 4.89658618748635e-01 -1.36585823950779e-03 1.80894727112175e-04
8.00000000000000e+00 6.42033902266152e-01 -2.34823361152512e-03 2.76612426389069e-04
9.00000000000000e+00 8.15773808871535e-01 -3.79122002797760e-03 4.08614226079687e-04
1.00000000000000e+01 1.01115913429226e+00 -5.82502448170002e-03 5.86201789053026e-04
1.10000000000000e+01 1.22850717029976e+00 -8.59879148214020e-03 8.20057488226159e-04
1.20000000000000e+01 1.46808256182417e+00 -1.22803236935279e-02 1.12222120882439e-03
1.30000000000000e+01 1.73022461462523e+00 -1.70586286181718e-02 1.50631358434171e-03
1.40000000000000e+01 2.01526701101397e+00 -2.31439911510538e-02 1.98754690713243e-03
1.50000000000000e+01 2.32359694874222e+00 -3.07703600413857e-02 2.58293429884915e-03
1.60000000000000e+01 2.65550126194554e+00 -4.01926269338289e-02 3.31108823422179e-03
1.70000000000000e+01 3.01138632976116e+00 -5.16932434862720e-02 4.19278101642424e-03
1.80000000000000e+01 3.39168908489766e+00 -6.55822289652283e-02 5.25097206500997e-03
1.90000000000000e+01 3.79670802449481e+00 -8.21917729001629e-02 6.51041391736249e-03
2.00000000000000e+01 4.22695051006313e+00 -1.01890950957399e-01 7.99887729312359e-03
2.10000000000000e+01 4.68272333991025e+00 -1.25070264737069e-01 9.74596441767017e-03
2.20000000000000e+01 5.16449537724312e+00 -1.52159181033417e-01 1.17845806794871e-02
2.30000000000000e+01 5.67276244865005e+00 -1.83623219338627e-01 1.41507820031860e-02
2.40000000000000e+01 6.20781633553604e+00 -2.19950052375183e-01 1.68827316872734e-02
2.50000000000000e+01 6.77022226518324e+00 -2.61681782819250e-01 2.00234290278853e-02
2.60000000000000e+01 7.36025599799148e+00 -3.09378046945812e-01 2.36178116893583e-02
2.70000000000000e+01 7.97848248121334e+00 -3.63660911821745e-01 2.77165875019279e-02
2.80000000000000e+01 8.62514593359829e+00 -4.25166730127674e-01 3.23723999861112e-02
2.90000000000000e+01 9.30079576668602e+00 -4.94602993626780e-01 3.76447592333525e-02
3.00000000000000e+01 1.00057115768529e+01 -5.72696218413152e-01 4.35958720552315e-02
3.10000000000000e+01 1.07401479989534e+01 -6.60213445649850e-01 5.02926456571254e-02
3.20000000000000e+01 1.15045770202918e+01 -7.57995253299561e-01 5.78098429200254e-02
3.30000000000000e+01 1.22990842858115e+01 -8.66882214609887e-01 6.62239695535097e-02
3.40000000000000e+01 1.31240697468435e+01 -9.87805532602948e-01 7.56215593340888e-02
3.50000000000000e+01 1.39794967709501e+01 -1.12168316406776e+00 8.60903172004209e-02
3.60000000000000e+01 1.48656631401391e+01 -1.26953309768714e+00 9.77296951572952e-02
3.70000000000000e+01 1.57823709670413e+01 -1.43234110981353e+00 1.10639317411648e-01
3.80000000000000e+01 1.67297809440993e+01 -1.61120248933042e+00 1.24932501976553e-01
3.90000000000000e+01 1.77076143508107e+01 -1.80717980546179e+00 1.40723608623751e-01
4.00000000000000e+01 1.87154787038758e+01 -2.02135069918283e+00 1.58132887419348e-01
4.10000000000000e+01 1.97532308956925e+01 -2.25488676026485e+00 1.77294839073377e-01
4.20000000000000e+01 2.08200840260287e+01 -2.50885248829896e+00 1.98339265980222e-01
4.30000000000000e+01 2.19156501060560e+01 -2.78443445876032e+00 2.21414460039005e-01
4.40000000000000e+01 2.30389605564298e+01 -3.08270224967128e+00 2.46664152527675e-01
4.50000000000000e+01 2.41888603403054e+01 -3.40468188012633e+00 2.74235153254511e-01
4.60000000000000e+01 2.53644798435361e+01 -3.75148502875348e+00 3.04291694694802e-01
4.70000000000000e+01 2.65642785207136e+01 -4.12402546642660e+00 3.36986490589286e-01
4.80000000000000e+01 2.77864851333106e+01 -4.52311329094705e+00 3.72470574758200e-01
4.90000000000000e+01 2.90296439096222e+01 -4.94962615701661e+00 4.10912795381374e-01
5.00000000000000e+01 3.02915285827005e+01 -5.40413144153861e+00 4.52458804172599e-01
5.10000000000000e+01 3.15696459873891e+01 -5.88701118661271e+00 4.97244062931910e-01
5.20000000000000e+01 3.28618750781163e+01 -6.39869203842478e+00 5.45420690647775e-01
5.30000000000000e+01 3.41652232408476e+01 -6.93914386251064e+00 5.97099398495061e-01
5.40000000000000e+01 3.54766513717743e+01 -7.50815693448047e+00 6.52380334678280e-01
5.50000000000000e+01 3.67926296675722e+01 -8.10512030748569e+00 7.11325287799280e-01
5.60000000000000e+01 3.81100958782149e+01 -8.72942707701510e+00 7.74006492186259e-01
5.70000000000000e+01 3.94250321861666e+01 -9.37978786535007e+00 8.40419762797416e-01
5.80000000000000e+01 4.07334301729039e+01 -1.00546272210525e+01 9.10530590021835e-01
5.90000000000000e+01 4.20307950732296e+01 -1.07517952811717e+01 9.84233761419403e-01
6.00000000000000e+01 4.33132495576759e+01 -1.14691312788814e+01 1.06142539282151e+00
