0.00000000000000e+00 0.00000000000000e+00
1.00000000000000e+00 6.45544544626588e-04
2.00000000000000e+00 2.59027629441791e-03
3.00000000000000e+00 5.84734247679869e-03
4.00000000000000e+00 1.04305887601848e-02
5.00000000000000e+00 1.63551348174837e-02
6.00000000000000e+00 2.36368973654366e-02
7.00000000000000e+00 3.22933002811784e-02
8.00000000000000e+00 4.23433044733783e-02
9.00000000000000e+00 5.38071024199659e-02
1.00000000000000e+01 6.67065216878227e-02
1.10000000000000e+01 8.10663607160633e-02
1.20000000000000e+01 9.69088651833210e-02
1.30000000000000e+01 1.14262212696196e-01
1.40000000000000e+01 1.33154900910937e-01
1.50000000000000e+01 1.53620183380580e-01
1.60000000000000e+01 1.75685336033495e-01
1.70000000000000e+01 1.99386902575918e-01
1.80000000000000e+01 2.24764902486863e-01
1.90000000000000e+01 2.51850555154145e-01
2.00000000000000e+01 2.80691499391668e-01
2.10000000000000e+01 3.11322139040673e-01
2.20000000000000e+01 3.43794834003881e-01
2.30000000000000e+01 3.78147027143256e-01
2.40000000000000e+01 4.14435871235297e-01
2.50000000000000e+01 4.52701489888450e-01
2.60000000000000e+01 4.93005621305114e-01
2.70000000000000e+01 5.35390552366362e-01
2.80000000000000e+01 5.79922260498067e-01
2.90000000000000e+01 6.26644418743173e-01
3.00000000000000e+01 6.75626626883088e-01
3.10000000000000e+01 7.26912819931627e-01
3.20000000000000e+01 7.80575339855338e-01
3.30000000000000e+01 8.36664812622380e-01
3.40000000000000e+01 8.95230911698031e-01
3.50000000000000e+01 9.56346075032925e-01
3.60000000000000e+01 1.02004818819135e+00
3.70000000000000e+01 1.08640825962244e+00
3.80000000000000e+01 1.15545623338805e+00
3.90000000000000e+01 1.22725906865109e+00
4.00000000000000e+01 1.30184699441866e+00
4.10000000000000e+01 1.37924261665859e+00
4.20000000000000e+01 1.45949816594018e+00
4.30000000000000e+01 1.54262039562377e+00
4.40000000000000e+01 1.62860370067570e+00
4.50000000000000e+01 1.71747461847677e+00
4.60000000000000e+01 1.80920257654014e+00
4.70000000000000e+01 1.90373856816517e+00
4.80000000000000e+01 2.00106940988916e+00
4.90000000000000e+01 2.10110987627630e+00
5.00000000000000e+01 2.20374906098087e+00
5.10000000000000e+01 2.30891749893562e+00
5.20000000000000e+01 2.41645531770189e+00
5.30000000000000e+01 2.52619607504393e+00
5.40000000000000e+01 2.63791567944972e+00
5.50000000000000e+01 2.75143981309032e+00
5.60000000000000e+01 2.86647877443322e+00
5.70000000000000e+01 2.98273403776776e+00
5.80000000000000e+01 3.09983552320398e+00
5.90000000000000e+01 3.21747720668320e+00
6.00000000000000e+01 3.33521198505849e+00
