0.00000000000000e+00 0.00000000000000e+00 0.00000000000000e+00 0.00000000000000e+00
1.00000000000000e+00 1.48051079659779e-02 -1.25300273043408e-06 3.31080723740363e-06
2.00000000000000e+00 5.92979192850956e-02 -1.99696693662591e-05 1.43223819629289e-05
3.00000000000000e+00 1.33611987798133e-01 -1.01266187446761e-04 3.62691295064800e-05
4.00000000000000e+00 2.37904420672674e-01 -3.20925504673795e-04 7.45752048454610e-05
5.00000000000000e+00 3.72356104383037e-01 -7.86034525813326e-04 1.36911119491293e-04
6.00000000000000e+00 5.37171876440293e-01 -1.63574856277833e-03 2.33265668471993e-04
7.00000000000000e+00 7.32580203290561e-01 -3.04218312055750e-03 3.76033554519899e-04
8.00000000000000e+00 9.58832930801127e-01 -5.21143581494221e-03 5.80119768676185e-04
9.00000000000000e+00 1.21620451556698e+00 -8.38473363851796e-03 8.63061057042585e-04
1.00000000000000e+01 1.50501970410558e+00 -1.28401921106279e-02 1.24520827168935e-03
1.10000000000000e+01 1.82554489426461e+00 -1.88924991337169e-02 1.74973391890052e-03
1.20000000000000e+01 2.17813839131134e+00 -2.68966895618444e-02 2.40301270659104e-03
1.30000000000000e+01 2.56319513917337e+00 -3.72495977197035e-02 3.23480047467732e-03
1.40000000000000e+01 2.98100683185082e+00 -5.03874252669549e-02 4.27810636148737e-03
1.50000000000000e+01 3.43198833085829e+00 -6.67935398218388e-02 5.56994680675034e-03
1.60000000000000e+01 3.91658602978259e+00 -8.69990869076806e-02 7.15150715999354e-03
1.70000000000000e+01 4.43509058432067e+00 -1.11576320973809e-01 9.06770869038455e-03
1.80000000000000e+01 4.98801068469068e+00 -1.41156942631712e-01 1.13689207377427e-02
1.90000000000000e+01 5.57562402629547e+00 -1.76412469006547e-01 1.41094652685156e-02
2.00000000000000e+01 6.19844091571212e+00 -2.18081243214349e-01 1.73501492045914e-02
2.10000000000000e+01 6.85670611104126e+00 -2.66940018086596e-01 2.11560385496631e-02
2.20000000000000e+01 7.55090876685870e+00 -3.23840108904454e-01 2.55999063854709e-02
2.30000000000000e+01 8.28123536993027e+00 -3.89667863594987e-01 3.07590380666650e-02
2.40000000000000e+01 9.04812640119508e+00 -4.65391943830030e-01 3.67198417314319e-02
2.50000000000000e+01 9.85167886169600e+00 -5.52009865739808e-01 4.35733759494957e-02
2.60000000000000e+01 1.06922518808218e+01 -6.50608801451023e-01 5.14214327889282e-02
2.70000000000000e+01 1.15698155557153e+01 -7.62294736618228e-01 6.03703848111819e-02
2.80000000000000e+01 1.24846096645501e+01 -8.88269749487463e-01 7.05391345977866e-02
2.90000000000000e+01 1.34365265916078e+01 -1.02975386851440e+00 8.20522049412843e-02
3.00000000000000e+01 1.44253651105098e+01 -1.18801078216557e+00 9.50427935704890e-02
3.10000000000000e+01 1.54510852706626e+01 -1.36439015205626e+00 1.09657948639654e-01
3.20000000000000e+01 1.65131556909348e+01 -1.56021548571356e+00 1.26047825533679e-01
3.30000000000000e+01 1.76113002020055e+01 -1.77690804144550e+00 1.44379485495665e-01
3.40000000000000e+01 1.87446864753750e+01 -2.01582891257042e+00 1.64821015258259e-01
3.50000000000000e+01 1.99127511224920e+01 -2.27843467890848e+00 1.87559340481443e-01
3.60000000000000e+01 2.11143038452790e+01 -2.56607658452578e+00 2.12779034891612e-01
3.70000000000000e+01 2.23484442474805e+01 -2.88019630603570e+00 2.40685328722254e-01
3.80000000000000e+01 2.36135692771480e+01 -3.22207203390793e+00 2.71475959503280e-01
3.90000000000000e+01 2.49083970297743e+01 -3.59306509968797e+00 3.05370930562859e-01
4.00000000000000e+01 2.62308639369658e+01 -3.99430074450211e+00 3.42575300221662e-01
4.10000000000000e+01 2.75792725205190e+01 -4.42697918942987e+00 3.83317732126963e-01
4.20000000000000e+01 2.89512322910387e+01 -4.89203562299991e+00 4.27809245957481e-01
4.30000000000000e+01 3.03441072123666e+01 -5.39023794583920e+00 4.76254902279604e-01
4.40000000000000e+01 3.17555214793991e+01 -5.92235400589690e+00 5.28876503895496e-01
4.50000000000000e+01 3.31821823145990e+01 -6.48868991747583e+00 5.85851163561847e-01
4.60000000000000e+01 3.46212958764065e+01 -7.08959767617826e+00 6.47379021653704e-01
4.70000000000000e+01 3.60690894283818e+01 -7.72485027667347e+00 7.13596325279643e-01
4.80000000000000e+01 3.75223997692271e+01 -8.39427760183046e+00 7.84663173185032e-01
4.90000000000000e+01 3.89772607363932e+01 -9.09711889419283e+00 8.60669490368698e-01
5.00000000000000e+01 4.04295417613403e+01 -9.83224877540836e+00 9.41663099186688e-01
5.10000000000000e+01 4.18756523156019e+01 -1.05985240385511e+01 1.02770094907643e+00
5.20000000000000e+01 4.33109940736092e+01 -1.13939484840621e+01 1.11871690808691e+00
5.30000000000000e+01 4.47318615007099e+01 -1.22166602886617e+01 1.21467203403980e+00
5.40000000000000e+01 4.61335304995008e+01 -1.30638356023088e+01 1.31537475244677e+00
5.50000000000000e+01 4.75123195512224e+01 -1.39328711665786e+01 1.42066917953977e+00
5.60000000000000e+01 4.88635282948220e+01 -1.48201073038402e+01 1.53021669428502e+00
5.70000000000000e+01 5.01836361233374e+01 -1.57222148409208e+01 1.64372748243865e+00
5.80000000000000e+01 5.14681080321503e+01 -1.66347314669476e+01 1.76069999060946e+00
5.90000000000000e+01 5.27136967005269e+01 -1.75536503042613e+01 1.88069923989762e+00
6.00000000000000e+01 5.39161417769743e+01 -1.84737715537492e+01 2.00305204342642e+00
