0.00000000000000e+00 0.00000000000000e+00
1.91150603451381e-02 9.51971960127640e-02
3.81665673197129e-02 3.94013745094741e-01
3.81665673197129e-02 3.94013745094741e-01
5.70889552731057e-02 8.95533292877460e-01
7.58192588342301e-02 1.59603643410260e+00
7.58192588342301e-02 1.59603643410260e+00
9.43166566211586e-02 2.47832480824485e+00
1.12556050879276e-01 3.52321947054978e+00
1.12556050879276e-01 3.52321947054978e+00
1.30522909518937e-01 4.71435701297636e+00
1.48215799965045e-01 6.03409958705375e+00
1.48215799965045e-01 6.03409958705375e+00
1.65638475621732e-01 7.46794005190809e+00
1.82804702739640e-01 9.00058269187930e+00
1.82804702739640e-01 9.00058269187930e+00
1.99728610511688e-01 1.06199395240663e+01
2.16431863574517e-01 1.23132843725053e+01
2.16431863574517e-01 1.23132843725053e+01
2.32933696252477e-01 1.40707203106181e+01
2.49258946738251e-01 1.58817990560411e+01
2.49258946738251e-01 1.58817990560411e+01
2.65427969818691e-01 1.77386224257575e+01
2.81465340643175e-01 1.96327658539289e+01
2.81465340643175e-01 1.96327658539289e+01
2.97389858848834e-01 2.15581090146866e+01
3.13223613439141e-01 2.35080049118856e+01
3.13223613439141e-01 2.35080049118856e+01
3.28982251005126e-01 2.54778953017621e+01
3.44684056669178e-01 2.74627070420437e+01
3.44684056669178e-01 2.74627070420437e+01
3.60340743970222e-01 2.94592517028557e+01
3.75966221622724e-01 3.14638486927535e+01
3.75966221622724e-01 3.14638486927535e+01
3.91568164915806e-01 3.34744873485918e+01
4.07156081552215e-01 3.54887128133919e+01
4.07156081552215e-01 3.54887128133919e+01
4.22733996462919e-01 3.75054905278744e+01
4.38307525410176e-01 3.95233856520950e+01
4.38307525410176e-01 3.95233856520950e+01
4.51931796257245e-01 4.12896885656004e+01
4.65555538555053e-01 4.30561259973014e+01
4.65555538555053e-01 4.30561259973014e+01
4.73340330977114e-01 4.40655826534277e+01
4.81125118578605e-01 4.50750405362168e+01
