0.00000000000000e+00 0.00000000000000e+00
1.00000000000000e+00 8.92389253006513e-04
2.00000000000000e+00 3.57340230590692e-03
3.00000000000000e+00 8.05038796559581e-03
4.00000000000000e+00 1.43335157392977e-02
5.00000000000000e+00 2.24352365267674e-02
6.00000000000000e+00 3.23706694681553e-02
7.00000000000000e+00 4.41579581165690e-02
8.00000000000000e+00 5.78174783778463e-02
9.00000000000000e+00 7.33726673949046e-02
1.00000000000000e+01 9.08510920297512e-02
1.10000000000000e+01 1.10278282575650e-01
1.20000000000000e+01 1.31687018449445e-01
1.30000000000000e+01 1.55111336679267e-01
1.40000000000000e+01 1.80591275218876e-01
1.50000000000000e+01 2.08160283205116e-01
1.60000000000000e+01 2.37866776925991e-01
1.70000000000000e+01 2.69748401746950e-01
1.80000000000000e+01 3.03859574402543e-01
1.90000000000000e+01 3.40241627326881e-01
2.00000000000000e+01 3.78954555132089e-01
2.10000000000000e+01 4.20042832177969e-01
2.20000000000000e+01 4.63571367511247e-01
2.30000000000000e+01 5.09586834857592e-01
2.40000000000000e+01 5.58158205415370e-01
2.50000000000000e+01 6.09333042067945e-01
2.60000000000000e+01 6.63183070027351e-01
2.70000000000000e+01 7.19754995236730e-01
2.80000000000000e+01 7.79121610350194e-01
2.90000000000000e+01 8.41326369430087e-01
3.00000000000000e+01 9.06440952200406e-01
3.10000000000000e+01 9.74502535876571e-01
3.20000000000000e+01 1.04557883319461e+00
3.30000000000000e+01 1.11969696868855e+00
3.40000000000000e+01 1.19691720802955e+00
3.50000000000000e+01 1.27725199025767e+00
3.60000000000000e+01 1.36074994021643e+00
3.70000000000000e+01 1.44740333550173e+00
3.80000000000000e+01 1.53724430157139e+00
3.90000000000000e+01 1.63023867650530e+00
4.00000000000000e+01 1.72639664142853e+00
4.10000000000000e+01 1.82566787792425e+00
4.20000000000000e+01 1.92798316083580e+00
4.30000000000000e+01 2.03330583948152e+00
4.40000000000000e+01 2.14150777333024e+00
4.50000000000000e+01 2.25251555831884e+00
4.60000000000000e+01 2.36615003125293e+00
4.70000000000000e+01 2.48229601483544e+00
4.80000000000000e+01 2.60071728552394e+00
4.90000000000000e+01 2.72125319938866e+00
5.00000000000000e+01 2.84360612797465e+00
5.10000000000000e+01 2.96756822444777e+00
5.20000000000000e+01 3.09277853999621e+00
5.30000000000000e+01 3.21898270545210e+00
5.40000000000000e+01 3.34579603654011e+00
5.50000000000000e+01 3.47280523790284e+00
5.60000000000000e+01 3.59968728789574e+00
5.70000000000000e+01 3.72593989473076e+00
5.80000000000000e+01 3.85115826691261e+00
5.90000000000000e+01 3.97493282360149e+00
6.00000000000000e+01 4.09668656064763e+00
