0.00000000000000e+00 0.00000000000000e+00
7.50000000000000e+00 3.65525495257311e-02
1.00000000000000e+01 6.52065923055147e-02
1.25000000000000e+01 1.02331541238627e-01
1.50000000000000e+01 1.48125682023801e-01
1.75000000000000e+01 2.02822497229837e-01
2.00000000000000e+01 2.66668905558697e-01
2.25000000000000e+01 3.39914297783600e-01
2.50000000000000e+01 4.22788064798282e-01
2.75000000000000e+01 5.15468292399564e-01
3.00000000000000e+01 6.18044406836885e-01
3.25000000000000e+01 7.30469942642284e-01
3.50000000000000e+01 8.52505066831538e-01
3.75000000000000e+01 9.83668305138517e-01
4.00000000000000e+01 1.12316147909462e+00
4.25000000000000e+01 1.26983474655697e+00
4.50000000000000e+01 1.42216527625787e+00
4.75000000000000e+01 1.57826656083490e+00
5.00000000000000e+01 1.73594960350701e+00
5.25000000000000e+01 1.89282748173389e+00
5.50000000000000e+01 2.04645628665722e+00
5.75000000000000e+01 2.19448564636075e+00
6.00000000000000e+01 2.33481317822675e+00
