0.00000000000000e+00 0.00000000000000e+00
1.91119990956497e-02 1.10067694301288e-01
3.81444282097125e-02 4.45488495819737e-01
3.81444282097125e-02 4.45488495819737e-01
5.70290015710847e-02 9.92169021389004e-01
7.57090489567500e-02 1.73579353049489e+00
7.57090489567500e-02 1.73579353049489e+00
9.41455915856152e-02 2.65930272350149e+00
1.12311884159344e-01 3.74559511945837e+00
1.12311884159344e-01 3.74559511945837e+00
1.30193291509142e-01 4.97865197865177e+00
1.47785121372899e-01 6.34252164517347e+00
1.47785121372899e-01 6.34252164517347e+00
1.65089354786513e-01 7.82326469214444e+00
1.82116965891462e-01 9.40650109724364e+00
1.82116965891462e-01 9.40650109724364e+00
1.98881143786426e-01 1.10802380208122e+01
2.15400669900754e-01 1.28325583298520e+01
2.15400669900754e-01 1.28325583298520e+01
2.31694234429340e-01 1.46535586623132e+01
2.47785004756858e-01 1.65332269603256e+01
2.47785004756858e-01 1.65332269603256e+01
2.63693654990561e-01 1.84635082295416e+01
2.79444326821984e-01 2.04361486034411e+01
2.79444326821984e-01 2.04361486034411e+01
2.95056953479330e-01 2.24447620875132e+01
3.10554463844248e-01 2.44826271995941e+01
3.10554463844248e-01 2.44826271995941e+01
3.25954517203391e-01 2.65447801537630e+01
3.41277192437897e-01 2.86258950318487e+01
3.41277192437897e-01 2.86258950318487e+01
3.56536690370438e-01 3.07223013859517e+01
3.71749466123287e-01 3.28298990317922e+01
3.71749466123287e-01 3.28298990317922e+01
3.86925926988024e-01 3.49461334204101e+01
4.02078400706108e-01 3.70680400312046e+01
4.02078400706108e-01 3.70680400312046e+01
4.17213196944532e-01 3.91941123609164e+01
4.32338758382132e-01 4.13223551482438e+01
4.32338758382132e-01 4.13223551482438e+01
4.45568187253230e-01 4.31858354778298e+01
4.58795980006086e-01 4.50496995436399e+01
4.58795980006086e-01 4.50496995436399e+01
4.66354035038651e-01 4.61149365452698e+01
4.73912049525846e-01 4.71801830523412e+01
