0.00000000000000e+00 0.00000000000000e+00
1.00000000000000e+00 1.98524970910351e-03
2.00000000000000e+00 7.95744413404909e-03
3.00000000000000e+00 1.79445124767489e-02
4.00000000000000e+00 3.19786037543618e-02
5.00000000000000e+00 5.00951826722129e-02
6.00000000000000e+00 7.23339197811697e-02
7.00000000000000e+00 9.87387146012572e-02
8.00000000000000e+00 1.29359151721754e-01
9.00000000000000e+00 1.64245874242170e-01
1.00000000000000e+01 2.03457474466508e-01
1.10000000000000e+01 2.47056530131807e-01
1.20000000000000e+01 2.95110782465635e-01
1.30000000000000e+01 3.47696822785117e-01
1.40000000000000e+01 4.04887120613939e-01
1.50000000000000e+01 4.66769166937247e-01
1.60000000000000e+01 5.33433644322119e-01
1.70000000000000e+01 6.04983826549172e-01
1.80000000000000e+01 6.81512224851325e-01
1.90000000000000e+01 7.63134885002356e-01
2.00000000000000e+01 8.49978679911985e-01
2.10000000000000e+01 9.42153313204032e-01
2.20000000000000e+01 1.03981071428659e+00
2.30000000000000e+01 1.14307381223200e+00
2.40000000000000e+01 1.25211556968029e+00
2.50000000000000e+01 1.36707333716610e+00
2.60000000000000e+01 1.48814354713850e+00
2.70000000000000e+01 1.61549489142925e+00
2.80000000000000e+01 1.74930341804990e+00
2.90000000000000e+01 1.88980473766540e+00
3.00000000000000e+01 2.03719941461346e+00
3.10000000000000e+01 2.19169642118069e+00
3.20000000000000e+01 2.35357799265152e+00
3.30000000000000e+01 2.52308218887255e+00
3.40000000000000e+01 2.70048179521471e+00
3.50000000000000e+01 2.88606594210695e+00
3.60000000000000e+01 3.08014110317341e+00
3.70000000000000e+01 3.28303218209846e+00
3.80000000000000e+01 3.49508366631045e+00
3.90000000000000e+01 3.71666087844030e+00
4.00000000000000e+01 3.94815131438602e+00
4.10000000000000e+01 4.18996609444322e+00
4.20000000000000e+01 4.44254151516790e+00
4.30000000000000e+01 4.70634072909135e+00
4.40000000000000e+01 4.98189675403143e+00
4.50000000000000e+01 5.26965270501122e+00
4.60000000000000e+01 5.57020219389493e+00
4.70000000000000e+01 5.88418310657327e+00
4.80000000000000e+01 6.21213170940369e+00
4.90000000000000e+01 6.55481206354205e+00
5.00000000000000e+01 6.91288822163296e+00
5.10000000000000e+01 7.28706418636401e+00
5.20000000000000e+01 7.67825412881905e+00
5.30000000000000e+01 8.08726584330124e+00
5.40000000000000e+01 8.51501725331767e+00
5.50000000000000e+01 8.96248772565520e+00
5.60000000000000e+01 9.43072269486966e+00
5.70000000000000e+01 9.92083868083384e+00
5.80000000000000e+01 1.04340287165535e+01
5.90000000000000e+01 1.09716456768796e+01
6.00000000000000e+01 1.15349047029440e+01
6.10000000000000e+01 1.21254228461041e+01
6.20000000000000e+01 1.27446884925051e+01
6.30000000000000e+01 1.33943792828165e+01
6.40000000000000e+01 1.40762936074890e+01
6.50000000000000e+01 1.47923603061093e+01
6.60000000000000e+01 1.55446491779657e+01
6.70000000000000e+01 1.63354883960193e+01
6.80000000000000e+01 1.71671705682535e+01
6.90000000000000e+01 1.80422654110544e+01
7.00000000000000e+01 1.89635360661037e+01
7.10000000000000e+01 1.99340758186141e+01
7.20000000000000e+01 2.09568508890278e+01
7.30000000000000e+01 2.20356843263277e+01
7.40000000000000e+01 2.31739157293333e+01
7.50000000000000e+01 2.43758107295906e+01
7.60000000000000e+01 2.56455496390804e+01
7.70000000000000e+01 2.69879240881428e+01
7.80000000000000e+01 2.84077801747458e+01
7.90000000000000e+01 2.99106343286954e+01
8.00000000000000e+01 3.15022255104163e+01
