1.00000000000000e+00 1.04979735238158e+02
2.00000000000000e+00 1.04979735238158e+02
3.00000000000000e+00 1.04979735238158e+02
4.00000000000000e+00 1.04979735238158e+02
5.00000000000000e+00 1.04979735238158e+02
6.00000000000000e+00 1.04979735238158e+02
7.00000000000000e+00 1.04979735238158e+02
8.00000000000000e+00 1.04979735238158e+02
9.00000000000000e+00 1.04979735238158e+02
1.00000000000000e+01 1.04979735238158e+02
1.10000000000000e+01 1.04979735238158e+02
1.20000000000000e+01 1.04979735238158e+02
1.30000000000000e+01 1.04979733646609e+02
1.40000000000000e+01 1.04979733646609e+02
1.50000000000000e+01 1.04979733646609e+02
1.60000000000000e+01 1.04979733646609e+02
1.70000000000000e+01 1.04979733646609e+02
1.80000000000000e+01 1.04979733646609e+02
1.90000000000000e+01 1.04979733646609e+02
2.00000000000000e+01 1.04979733646609e+02
2.10000000000000e+01 1.04979733646609e+02
2.20000000000000e+01 1.04979733646609e+02
2.30000000000000e+01 1.04979733646609e+02
2.40000000000000e+01 1.04979733646609e+02
2.50000000000000e+01 1.04979733646609e+02
2.60000000000000e+01 1.04979732055060e+02
2.70000000000000e+01 1.04979732055060e+02
2.80000000000000e+01 1.04979732055060e+02
2.90000000000000e+01 1.04979732055060e+02
3.00000000000000e+01 1.04979732055060e+02
3.10000000000000e+01 1.04979732055060e+02
3.20000000000000e+01 1.04979732055060e+02
3.30000000000000e+01 1.04979732055060e+02
3.40000000000000e+01 1.04979730463510e+02
3.50000000000000e+01 1.04979730463510e+02
3.60000000000000e+01 1.04979730463510e+02
3.70000000000000e+01 1.04979730463510e+02
3.80000000000000e+01 1.04979730463510e+02
3.90000000000000e+01 1.04979730463510e+02
4.00000000000000e+01 1.04979728871961e+02
4.10000000000000e+01 1.04979728871961e+02
4.20000000000000e+01 1.04979728871961e+02
4.30000000000000e+01 1.04979728871961e+02
4.40000000000000e+01 1.04979728871961e+02
4.50000000000000e+01 1.04979727280411e+02
4.60000000000000e+01 1.04979727280411e+02
4.70000000000000e+01 1.04979727280411e+02
4.80000000000000e+01 1.04979727280411e+02
4.90000000000000e+01 1.04979727280411e+02
5.00000000000000e+01 1.04979725688862e+02
5.10000000000000e+01 1.04979725688862e+02
5.20000000000000e+01 1.04979725688862e+02
5.30000000000000e+01 1.04979725688862e+02
5.40000000000000e+01 1.04979724097312e+02
5.50000000000000e+01 1.04979724097312e+02
5.60000000000000e+01 1.04979724097312e+02
5.70000000000000e+01 1.04979724097312e+02
5.80000000000000e+01 1.04979722505763e+02
5.90000000000000e+01 1.04979722505763e+02
6.00000000000000e+01 1.04979722505763e+02
6.10000000000000e+01 1.04979720914214e+02
6.20000000000000e+01 1.04979720914214e+02
6.30000000000000e+01 1.04979720914214e+02
6.40000000000000e+01 1.04979719322664e+02
6.50000000000000e+01 1.04979719322664e+02
6.60000000000000e+01 1.04979719322664e+02
6.70000000000000e+01 1.04979719322664e+02
6.80000000000000e+01 1.04979717731115e+02
6.90000000000000e+01 1.04979717731115e+02
7.00000000000000e+01 1.04979716139565e+02
7.10000000000000e+01 1.04979716139565e+02
7.20000000000000e+01 1.04979716139565e+02
7.30000000000000e+01 1.04979714548016e+02
7.40000000000000e+01 1.04979714548016e+02
7.50000000000000e+01 1.04979714548016e+02
7.60000000000000e+01 1.04979712956466e+02
7.70000000000000e+01 1.04979712956466e+02
7.80000000000000e+01 1.04979711364917e+02
7.90000000000000e+01 1.04979711364917e+02
8.00000000000000e+01 1.04979711364917e+02
8.10000000000000e+01 1.04979709773368e+02
8.20000000000000e+01 1.04979709773368e+02
8.30000000000000e+01 1.04979708181818e+02
8.40000000000000e+01 1.04979708181818e+02
8.50000000000000e+01 1.04979708181818e+02
8.60000000000000e+01 1.04979706590269e+02
8.70000000000000e+01 1.04979706590269e+02
8.80000000000000e+01 1.04979704998719e+02
8.90000000000000e+01 1.04979704998719e+02
9.00000000000000e+01 1.04979703407170e+02
9.10000000000000e+01 1.04979703407170e+02
9.20000000000000e+01 1.04979701815620e+02
9.30000000000000e+01 1.04979701815620e+02
9.40000000000000e+01 1.04979700224071e+02
9.50000000000000e+01 1.04979700224071e+02
9.60000000000000e+01 1.04979698632522e+02
9.70000000000000e+01 1.04979698632522e+02
9.80000000000000e+01 1.04979697040972e+02
9.90000000000000e+01 1.04979697040972e+02
1.00000000000000e+02 1.04979695449423e+02
1.01000000000000e+02 1.04979695449423e+02
1.02000000000000e+02 1.04979693857873e+02
1.03000000000000e+02 1.04979692266324e+02
1.04000000000000e+02 1.04979692266324e+02
1.05000000000000e+02 1.04979690674774e+02
1.06000000000000e+02 1.04979690674774e+02
1.07000000000000e+02 1.04979689083225e+02
1.08000000000000e+02 1.04979687491675e+02
1.09000000000000e+02 1.04979687491675e+02
1.10000000000000e+02 1.04979685900126e+02
1.11000000000000e+02 1.04979685900126e+02
1.12000000000000e+02 1.04979684308577e+02
1.13000000000000e+02 1.04979682717027e+02
1.14000000000000e+02 1.04979682717027e+02
1.15000000000000e+02 1.04979681125478e+02
1.16000000000000e+02 1.04979679533928e+02
1.17000000000000e+02 1.04979677942379e+02
1.18000000000000e+02 1.04979677942379e+02
1.19000000000000e+02 1.04979676350829e+02
1.20000000000000e+02 1.04979674759280e+02
1.21000000000000e+02 1.04979674759280e+02
