1.00000000000000e+00 4.18921768389087e+01
2.00000000000000e+00 4.18868849370509e+01
3.00000000000000e+00 4.18799457815321e+01
4.00000000000000e+00 4.18699285694139e+01
5.00000000000000e+00 4.18569797232439e+01
6.00000000000000e+00 4.18410467218910e+01
7.00000000000000e+00 4.18220770442239e+01
8.00000000000000e+00 4.18000054367159e+01
9.00000000000000e+00 4.17747650542909e+01
1.00000000000000e+01 4.17462842772246e+01
1.10000000000000e+01 4.17144883026937e+01
1.20000000000000e+01 4.16792927785784e+01
1.30000000000000e+01 4.16406324513519e+01
1.40000000000000e+01 4.15984181942462e+01
1.50000000000000e+01 4.15525672466909e+01
1.60000000000000e+01 4.15029936650166e+01
1.70000000000000e+01 4.14496083224553e+01
1.80000000000000e+01 4.13923364161837e+01
1.90000000000000e+01 4.13310744954888e+01
2.00000000000000e+01 4.12657413913496e+01
2.10000000000000e+01 4.11962543431956e+01
2.20000000000000e+01 4.11225083087646e+01
2.30000000000000e+01 4.10443982457939e+01
2.40000000000000e+01 4.09618461683616e+01
2.50000000000000e+01 4.08747502173040e+01
2.60000000000000e+01 4.07830117165564e+01
2.70000000000000e+01 4.06865303985046e+01
2.80000000000000e+01 4.05851996293369e+01
2.90000000000000e+01 4.04789191414390e+01
3.00000000000000e+01 4.03675807094496e+01
3.10000000000000e+01 4.02510761080075e+01
3.20000000000000e+01 4.01293002948502e+01
3.30000000000000e+01 4.00021370868692e+01
3.40000000000000e+01 3.98694639347583e+01
3.50000000000000e+01 3.97311646554092e+01
3.60000000000000e+01 3.95871230657133e+01
3.70000000000000e+01 3.94372261656611e+01
3.80000000000000e+01 3.92813609552429e+01
3.90000000000000e+01 3.91194176175480e+01
4.00000000000000e+01 3.89512974765118e+01
4.10000000000000e+01 3.87768986729705e+01
4.20000000000000e+01 3.85961034322664e+01
4.30000000000000e+01 3.84087796557967e+01
4.40000000000000e+01 3.82148127520023e+01
4.50000000000000e+01 3.80141040448186e+01
4.60000000000000e+01 3.78065787314222e+01
4.70000000000000e+01 3.75921938399785e+01
4.80000000000000e+01 3.73709684690808e+01
4.90000000000000e+01 3.71430172102880e+01
5.00000000000000e+01 3.69085405988284e+01
5.10000000000000e+01 3.66678298882480e+01
5.20000000000000e+01 3.64212956982997e+01
5.30000000000000e+01 3.61694982543835e+01
5.40000000000000e+01 3.59131696692374e+01
5.50000000000000e+01 3.56532521401246e+01
5.60000000000000e+01 3.53908915826353e+01
5.70000000000000e+01 3.51272800672934e+01
5.80000000000000e+01 3.48637338054781e+01
5.90000000000000e+01 3.46017377128085e+01
6.00000000000000e+01 3.43428769725178e+01
6.10000000000000e+01 3.40887176692461e+01
6.20000000000000e+01 3.38406730988879e+01
6.30000000000000e+01 3.35998859939347e+01
6.40000000000000e+01 3.33671425798055e+01
6.50000000000000e+01 3.31428487016049e+01
6.60000000000000e+01 3.29270759790575e+01
6.70000000000000e+01 3.27196493417258e+01
6.80000000000000e+01 3.25202425219766e+01
6.90000000000000e+01 3.23285483507695e+01
7.00000000000000e+01 3.21443010393498e+01
7.10000000000000e+01 3.19672284327646e+01
7.20000000000000e+01 3.17970917985994e+01
7.30000000000000e+01 3.16337176579661e+01
7.40000000000000e+01 3.14770184756461e+01
7.50000000000000e+01 3.13269799276945e+01
7.60000000000000e+01 3.11836640845391e+01
7.70000000000000e+01 3.10471775799918e+01
7.80000000000000e+01 3.09176620619519e+01
7.90000000000000e+01 3.07952559952199e+01
8.00000000000000e+01 3.06800707882560e+01
8.10000000000000e+01 3.05721653283892e+01
8.20000000000000e+01 3.04715316578722e+01
8.30000000000000e+01 3.03780758752886e+01
8.40000000000000e+01 3.02916260932999e+01
8.50000000000000e+01 3.02120056499194e+01
8.60000000000000e+01 3.01387100239773e+01
8.70000000000000e+01 3.00714702436198e+01
8.80000000000000e+01 3.00098740975444e+01
8.90000000000000e+01 2.99535014167012e+01
9.00000000000000e+01 2.99019256658429e+01
9.10000000000000e+01 2.98547266759195e+01
9.20000000000000e+01 2.98114970102769e+01
9.30000000000000e+01 2.97718610632493e+01
9.40000000000000e+01 2.97354750601596e+01
9.50000000000000e+01 2.97020206911217e+01
9.60000000000000e+01 2.96712146603368e+01
9.70000000000000e+01 2.96427975452478e+01
9.80000000000000e+01 2.96165290218905e+01
9.90000000000000e+01 2.95921958226411e+01
1.00000000000000e+02 2.95696085531175e+01
1.01000000000000e+02 2.95485905513328e+01
1.02000000000000e+02 2.95290781553098e+01
1.03000000000000e+02 2.95107848861508e+01
1.04000000000000e+02 2.94936486734281e+01
1.05000000000000e+02 2.94775565171321e+01
1.06000000000000e+02 2.94624081496486e+01
1.07000000000000e+02 2.94481112611106e+01
1.08000000000000e+02 2.94345878655961e+01
1.09000000000000e+02 2.94217583856335e+01
1.10000000000000e+02 2.94095559761466e+01
1.11000000000000e+02 2.93979233413560e+01
1.12000000000000e+02 2.93868079601305e+01
1.13000000000000e+02 2.93761541282399e+01
1.14000000000000e+02 2.93659236484980e+01
1.15000000000000e+02 2.93560671828723e+01
1.16000000000000e+02 2.93465513088248e+01
1.17000000000000e+02 2.93373457869164e+01
1.18000000000000e+02 2.93284108284112e+01
1.19000000000000e+02 2.93197225600678e+01
1.20000000000000e+02 2.93112507424470e+01
1.21000000000000e+02 2.93029699107580e+01
