1.00000000000000e+00 -4.95862060000000e-07
2.00000000000000e+00 -9.92938650000000e-07
3.00000000000000e+00 -1.49037720000000e-06
4.00000000000000e+00 -1.98828260000000e-06
5.00000000000000e+00 -2.48925580000000e-06
6.00000000000000e+00 -2.99347580000000e-06
7.00000000000000e+00 -3.50014140000000e-06
8.00000000000000e+00 -4.01003020000000e-06
9.00000000000000e+00 -4.52378880000000e-06
1.00000000000000e+01 -5.04184950000000e-06
1.10000000000000e+01 -5.56462470000000e-06
1.20000000000000e+01 -6.09256390000000e-06
1.30000000000000e+01 -6.62601610000000e-06
1.40000000000000e+01 -7.16535100000000e-06
1.50000000000000e+01 -7.71093670000000e-06
1.60000000000000e+01 -8.26309950000000e-06
1.70000000000000e+01 -8.82215780000000e-06
1.80000000000000e+01 -9.38842050000000e-06
1.90000000000000e+01 -9.96214820000000e-06
2.00000000000000e+01 -1.05436160000000e-05
2.10000000000000e+01 -1.11330780000000e-05
2.20000000000000e+01 -1.17307600000000e-05
2.30000000000000e+01 -1.23368830000000e-05
2.40000000000000e+01 -1.29516250000000e-05
2.50000000000000e+01 -1.35751910000000e-05
2.60000000000000e+01 -1.42077520000000e-05
2.70000000000000e+01 -1.48494260000000e-05
2.80000000000000e+01 -1.55004130000000e-05
2.90000000000000e+01 -1.61607780000000e-05
3.00000000000000e+01 -1.68306850000000e-05
3.10000000000000e+01 -1.75102230000000e-05
3.20000000000000e+01 -1.81994660000000e-05
3.30000000000000e+01 -1.88985090000000e-05
3.40000000000000e+01 -1.96074010000000e-05
3.50000000000000e+01 -2.03262110000000e-05
3.60000000000000e+01 -2.10550000000000e-05
3.70000000000000e+01 -2.17937910000000e-05
3.80000000000000e+01 -2.25426090000000e-05
3.90000000000000e+01 -2.33014780000000e-05
4.00000000000000e+01 -2.40704470000000e-05
4.10000000000000e+01 -2.48494670000000e-05
4.20000000000000e+01 -2.56385030000000e-05
4.30000000000000e+01 -2.64376770000000e-05
4.40000000000000e+01 -2.72468320000000e-05
4.50000000000000e+01 -2.80660660000000e-05
4.60000000000000e+01 -2.88952910000000e-05
4.70000000000000e+01 -2.97344840000000e-05
4.80000000000000e+01 -3.05836420000000e-05
4.90000000000000e+01 -3.14426680000000e-05
5.00000000000000e+01 -3.23115640000000e-05
5.10000000000000e+01 -3.31902870000000e-05
5.20000000000000e+01 -3.40787470000000e-05
5.30000000000000e+01 -3.49770030000000e-05
5.40000000000000e+01 -3.58849140000000e-05
5.50000000000000e+01 -3.68024180000000e-05
5.60000000000000e+01 -3.77294560000000e-05
5.70000000000000e+01 -3.86660610000000e-05
5.80000000000000e+01 -3.96122010000000e-05
5.90000000000000e+01 -4.05677810000000e-05
6.00000000000000e+01 -4.15326770000000e-05
6.10000000000000e+01 -4.25068890000000e-05
6.20000000000000e+01 -4.34904170000000e-05
6.30000000000000e+01 -4.44832520000000e-05
6.40000000000000e+01 -4.54853270000000e-05
6.50000000000000e+01 -4.64965160000000e-05
6.60000000000000e+01 -4.75167280000000e-05
6.70000000000000e+01 -4.85460290000000e-05
6.80000000000000e+01 -4.95844530000000e-05
6.90000000000000e+01 -5.06321050000000e-05
7.00000000000000e+01 -5.16889940000000e-05
7.10000000000000e+01 -5.27551060000000e-05
7.20000000000000e+01 -5.38304050000000e-05
7.30000000000000e+01 -5.49148010000000e-05
7.40000000000000e+01 -5.60083660000000e-05
7.50000000000000e+01 -5.71111660000000e-05
7.60000000000000e+01 -5.82231980000000e-05
7.70000000000000e+01 -5.93445600000000e-05
7.80000000000000e+01 -6.04752360000000e-05
7.90000000000000e+01 -6.16152530000000e-05
8.00000000000000e+01 -6.27646440000000e-05
8.10000000000000e+01 -6.39233360000000e-05
8.20000000000000e+01 -6.50915150000000e-05
8.30000000000000e+01 -6.62692530000000e-05
8.40000000000000e+01 -6.74569270000000e-05
8.50000000000000e+01 -6.86549410000000e-05
8.60000000000000e+01 -6.98636390000000e-05
8.70000000000000e+01 -7.10832840000000e-05
8.80000000000000e+01 -7.23142590000000e-05
8.90000000000000e+01 -7.35568650000000e-05
9.00000000000000e+01 -7.48114630000000e-05
9.10000000000000e+01 -7.60782320000000e-05
9.20000000000000e+01 -7.73576290000000e-05
9.30000000000000e+01 -7.86499360000000e-05
9.40000000000000e+01 -7.99554980000000e-05
9.50000000000000e+01 -8.12745690000000e-05
9.60000000000000e+01 -8.26073870000000e-05
9.70000000000000e+01 -8.39542630000000e-05
9.80000000000000e+01 -8.53154670000000e-05
9.90000000000000e+01 -8.66913480000000e-05
1.00000000000000e+02 -8.80822990000000e-05
1.01000000000000e+02 -8.94887250000000e-05
1.02000000000000e+02 -9.09110580000000e-05
1.03000000000000e+02 -9.23498200000000e-05
1.04000000000000e+02 -9.38055210000000e-05
1.05000000000000e+02 -9.52787430000000e-05
1.06000000000000e+02 -9.67701020000000e-05
1.07000000000000e+02 -9.82802890000000e-05
1.08000000000000e+02 -9.98099940000000e-05
1.09000000000000e+02 -1.01360030000000e-04
1.10000000000000e+02 -1.02931450000000e-04
1.11000000000000e+02 -1.04525820000000e-04
1.12000000000000e+02 -1.06144820000000e-04
1.13000000000000e+02 -1.07790080000000e-04
1.14000000000000e+02 -1.09463370000000e-04
1.15000000000000e+02 -1.11166340000000e-04
1.16000000000000e+02 -1.12900760000000e-04
1.17000000000000e+02 -1.14668590000000e-04
1.18000000000000e+02 -1.16471700000000e-04
1.19000000000000e+02 -1.18312010000000e-04
1.20000000000000e+02 -1.20191650000000e-04
1.21000000000000e+02 -1.22112700000000e-04
