1.00000000000000e+00 -1.53981110000000e-01
2.00000000000000e+00 -3.08206190000000e-01
3.00000000000000e+00 -4.62590320000000e-01
4.00000000000000e+00 -6.17636970000000e-01
5.00000000000000e+00 -7.73489290000000e-01
6.00000000000000e+00 -9.30065680000000e-01
7.00000000000000e+00 -1.08759050000000e+00
8.00000000000000e+00 -1.24617690000000e+00
9.00000000000000e+00 -1.40592270000000e+00
1.00000000000000e+01 -1.56691330000000e+00
1.10000000000000e+01 -1.72922350000000e+00
1.20000000000000e+01 -1.89291830000000e+00
1.30000000000000e+01 -2.05805390000000e+00
1.40000000000000e+01 -2.22467890000000e+00
1.50000000000000e+01 -2.39283480000000e+00
1.60000000000000e+01 -2.56255730000000e+00
1.70000000000000e+01 -2.73387660000000e+00
1.80000000000000e+01 -2.90681820000000e+00
1.90000000000000e+01 -3.08140320000000e+00
2.00000000000000e+01 -3.25764910000000e+00
2.10000000000000e+01 -3.43557030000000e+00
2.20000000000000e+01 -3.61517800000000e+00
2.30000000000000e+01 -3.79648110000000e+00
2.40000000000000e+01 -3.97948590000000e+00
2.50000000000000e+01 -4.16419700000000e+00
2.60000000000000e+01 -4.35061730000000e+00
2.70000000000000e+01 -4.53874830000000e+00
2.80000000000000e+01 -4.72858930000000e+00
2.90000000000000e+01 -4.92013960000000e+00
3.00000000000000e+01 -5.11339730000000e+00
3.10000000000000e+01 -5.30835830000000e+00
3.20000000000000e+01 -5.50502060000000e+00
3.30000000000000e+01 -5.70337770000000e+00
3.40000000000000e+01 -5.90342720000000e+00
3.50000000000000e+01 -6.10516110000000e+00
3.60000000000000e+01 -6.30857650000000e+00
3.70000000000000e+01 -6.51366620000000e+00
3.80000000000000e+01 -6.72034420000000e+00
3.90000000000000e+01 -6.92876270000000e+00
4.00000000000000e+01 -7.13883600000000e+00
4.10000000000000e+01 -7.35055890000000e+00
4.20000000000000e+01 -7.56392830000000e+00
4.30000000000000e+01 -7.77893530000000e+00
4.40000000000000e+01 -7.99557200000000e+00
4.50000000000000e+01 -8.21383750000000e+00
4.60000000000000e+01 -8.43372660000000e+00
4.70000000000000e+01 -8.65523000000000e+00
4.80000000000000e+01 -8.87834170000000e+00
4.90000000000000e+01 -9.10306180000000e+00
5.00000000000000e+01 -9.32938690000000e+00
5.10000000000000e+01 -9.55731050000000e+00
5.20000000000000e+01 -9.78682450000000e+00
5.30000000000000e+01 -1.00179270000000e+01
5.40000000000000e+01 -1.02506210000000e+01
5.50000000000000e+01 -1.04849050000000e+01
5.60000000000000e+01 -1.07205350000000e+01
5.70000000000000e+01 -1.09579860000000e+01
5.80000000000000e+01 -1.11970150000000e+01
5.90000000000000e+01 -1.14376250000000e+01
6.00000000000000e+01 -1.16798170000000e+01
6.10000000000000e+01 -1.19235950000000e+01
6.20000000000000e+01 -1.21689560000000e+01
6.30000000000000e+01 -1.24159020000000e+01
6.40000000000000e+01 -1.26644290000000e+01
6.50000000000000e+01 -1.29145360000000e+01
6.60000000000000e+01 -1.31662310000000e+01
6.70000000000000e+01 -1.34195210000000e+01
6.80000000000000e+01 -1.36744150000000e+01
6.90000000000000e+01 -1.39309200000000e+01
7.00000000000000e+01 -1.41886100000000e+01
7.10000000000000e+01 -1.44483670000000e+01
7.20000000000000e+01 -1.47097540000000e+01
7.30000000000000e+01 -1.49727750000000e+01
7.40000000000000e+01 -1.52374370000000e+01
7.50000000000000e+01 -1.55037470000000e+01
7.60000000000000e+01 -1.57717160000000e+01
7.70000000000000e+01 -1.60413520000000e+01
7.80000000000000e+01 -1.63126660000000e+01
7.90000000000000e+01 -1.65850960000000e+01
8.00000000000000e+01 -1.68598410000000e+01
8.10000000000000e+01 -1.71362960000000e+01
8.20000000000000e+01 -1.74144730000000e+01
8.30000000000000e+01 -1.76943830000000e+01
8.40000000000000e+01 -1.79753870000000e+01
8.50000000000000e+01 -1.82589170000000e+01
8.60000000000000e+01 -1.85442170000000e+01
8.70000000000000e+01 -1.88307320000000e+01
8.80000000000000e+01 -1.91199050000000e+01
8.90000000000000e+01 -1.94109350000000e+01
9.00000000000000e+01 -1.97038490000000e+01
9.10000000000000e+01 -1.99986750000000e+01
9.20000000000000e+01 -2.02954410000000e+01
9.30000000000000e+01 -2.05918410000000e+01
9.40000000000000e+01 -2.08919090000000e+01
9.50000000000000e+01 -2.11939770000000e+01
9.60000000000000e+01 -2.14980760000000e+01
9.70000000000000e+01 -2.18042340000000e+01
9.80000000000000e+01 -2.21124830000000e+01
9.90000000000000e+01 -2.24228520000000e+01
1.00000000000000e+02 -2.27353740000000e+01
1.01000000000000e+02 -2.30500820000000e+01
1.02000000000000e+02 -2.33670090000000e+01
1.03000000000000e+02 -2.36861910000000e+01
1.04000000000000e+02 -2.40076610000000e+01
1.05000000000000e+02 -2.43314510000000e+01
1.06000000000000e+02 -2.46575920000000e+01
1.07000000000000e+02 -2.49861150000000e+01
1.08000000000000e+02 -2.53170550000000e+01
1.09000000000000e+02 -2.56504460000000e+01
1.10000000000000e+02 -2.59863250000000e+01
1.11000000000000e+02 -2.63247320000000e+01
1.12000000000000e+02 -2.66657060000000e+01
1.13000000000000e+02 -2.70092900000000e+01
1.14000000000000e+02 -2.73555280000000e+01
1.15000000000000e+02 -2.77044660000000e+01
1.16000000000000e+02 -2.80561510000000e+01
1.17000000000000e+02 -2.84106330000000e+01
1.18000000000000e+02 -2.87679650000000e+01
1.19000000000000e+02 -2.91281990000000e+01
1.20000000000000e+02 -2.94913930000000e+01
1.21000000000000e+02 -2.98576040000000e+01
