1.00000000000000e+00 -9.34592970000000e-02
2.00000000000000e+00 -1.87340210000000e-01
3.00000000000000e+00 -2.82478710000000e-01
4.00000000000000e+00 -3.79173680000000e-01
5.00000000000000e+00 -4.77974310000000e-01
6.00000000000000e+00 -5.79326670000000e-01
7.00000000000000e+00 -6.83632370000000e-01
8.00000000000000e+00 -7.91247680000000e-01
9.00000000000000e+00 -9.02484440000000e-01
1.00000000000000e+01 -1.01761160000000e+00
1.10000000000000e+01 -1.13685750000000e+00
1.20000000000000e+01 -1.26039690000000e+00
1.30000000000000e+01 -1.38841190000000e+00
1.40000000000000e+01 -1.52100910000000e+00
1.50000000000000e+01 -1.65827750000000e+00
1.60000000000000e+01 -1.80027470000000e+00
1.70000000000000e+01 -1.94698710000000e+00
1.80000000000000e+01 -2.09850470000000e+00
1.90000000000000e+01 -2.25469670000000e+00
2.00000000000000e+01 -2.41558550000000e+00
2.10000000000000e+01 -2.58124390000000e+00
2.20000000000000e+01 -2.75144510000000e+00
2.30000000000000e+01 -2.92569600000000e+00
2.40000000000000e+01 -3.10431190000000e+00
2.50000000000000e+01 -3.28697760000000e+00
2.60000000000000e+01 -3.47344680000000e+00
2.70000000000000e+01 -3.66352090000000e+00
2.80000000000000e+01 -3.85697410000000e+00
2.90000000000000e+01 -4.05346220000000e+00
3.00000000000000e+01 -4.25264070000000e+00
3.10000000000000e+01 -4.45406430000000e+00
3.20000000000000e+01 -4.65721380000000e+00
3.30000000000000e+01 -4.86179800000000e+00
3.40000000000000e+01 -5.06751970000000e+00
3.50000000000000e+01 -5.27390530000000e+00
3.60000000000000e+01 -5.48030720000000e+00
3.70000000000000e+01 -5.68579740000000e+00
3.80000000000000e+01 -5.88927230000000e+00
3.90000000000000e+01 -6.08952890000000e+00
4.00000000000000e+01 -6.28525840000000e+00
4.10000000000000e+01 -6.47512570000000e+00
4.20000000000000e+01 -6.65849830000000e+00
4.30000000000000e+01 -6.83491620000000e+00
4.40000000000000e+01 -7.00356190000000e+00
4.50000000000000e+01 -7.16326270000000e+00
4.60000000000000e+01 -7.31249000000000e+00
4.70000000000000e+01 -7.44935280000000e+00
4.80000000000000e+01 -7.57102010000000e+00
4.90000000000000e+01 -7.67322890000000e+00
5.00000000000000e+01 -7.75144080000000e+00
5.10000000000000e+01 -7.80099330000000e+00
5.20000000000000e+01 -7.81713710000000e+00
5.30000000000000e+01 -7.79511100000000e+00
5.40000000000000e+01 -7.73029590000000e+00
5.50000000000000e+01 -7.61843780000000e+00
5.60000000000000e+01 -7.45628460000000e+00
5.70000000000000e+01 -7.24404760000000e+00
5.80000000000000e+01 -6.98413940000000e+00
5.90000000000000e+01 -6.68021090000000e+00
6.00000000000000e+01 -6.33759340000000e+00
6.10000000000000e+01 -5.96357160000000e+00
6.20000000000000e+01 -5.56735260000000e+00
6.30000000000000e+01 -5.15967670000000e+00
6.40000000000000e+01 -4.75212040000000e+00
6.50000000000000e+01 -4.35629550000000e+00
6.60000000000000e+01 -3.98305120000000e+00
6.70000000000000e+01 -3.64193890000000e+00
6.80000000000000e+01 -3.34087500000000e+00
6.90000000000000e+01 -3.08523590000000e+00
7.00000000000000e+01 -2.87825640000000e+00
7.10000000000000e+01 -2.72223490000000e+00
7.20000000000000e+01 -2.61861600000000e+00
7.30000000000000e+01 -2.56804180000000e+00
7.40000000000000e+01 -2.57040280000000e+00
7.50000000000000e+01 -2.62486730000000e+00
7.60000000000000e+01 -2.72990710000000e+00
7.70000000000000e+01 -2.88331670000000e+00
7.80000000000000e+01 -3.08224880000000e+00
7.90000000000000e+01 -3.32326390000000e+00
8.00000000000000e+01 -3.60241370000000e+00
8.10000000000000e+01 -3.91536420000000e+00
8.20000000000000e+01 -4.25754720000000e+00
8.30000000000000e+01 -4.62432300000000e+00
8.40000000000000e+01 -5.01115450000000e+00
8.50000000000000e+01 -5.41762670000000e+00
8.60000000000000e+01 -5.83082650000000e+00
8.70000000000000e+01 -6.25270210000000e+00
8.80000000000000e+01 -6.68023250000000e+00
8.90000000000000e+01 -7.11089270000000e+00
9.00000000000000e+01 -7.54262740000000e+00
9.10000000000000e+01 -7.97381290000000e+00
9.20000000000000e+01 -8.40320720000000e+00
9.30000000000000e+01 -8.82989930000000e+00
9.40000000000000e+01 -9.25330560000000e+00
9.50000000000000e+01 -9.67310500000000e+00
9.60000000000000e+01 -1.00891180000000e+01
9.70000000000000e+01 -1.05012770000000e+01
9.80000000000000e+01 -1.09096050000000e+01
9.90000000000000e+01 -1.13141940000000e+01
1.00000000000000e+02 -1.17151880000000e+01
1.01000000000000e+02 -1.21127700000000e+01
1.02000000000000e+02 -1.25038790000000e+01
1.03000000000000e+02 -1.28947170000000e+01
1.04000000000000e+02 -1.32827880000000e+01
1.05000000000000e+02 -1.36683420000000e+01
1.06000000000000e+02 -1.40516340000000e+01
1.07000000000000e+02 -1.44329170000000e+01
1.08000000000000e+02 -1.48124430000000e+01
1.09000000000000e+02 -1.51904600000000e+01
1.10000000000000e+02 -1.55672110000000e+01
1.11000000000000e+02 -1.59429320000000e+01
1.12000000000000e+02 -1.63178530000000e+01
1.13000000000000e+02 -1.66922010000000e+01
1.14000000000000e+02 -1.70661920000000e+01
1.15000000000000e+02 -1.74400390000000e+01
1.16000000000000e+02 -1.78139470000000e+01
1.17000000000000e+02 -1.81881170000000e+01
1.18000000000000e+02 -1.85627430000000e+01
1.19000000000000e+02 -1.89380140000000e+01
1.20000000000000e+02 -1.93141170000000e+01
1.21000000000000e+02 -1.96912320000000e+01
