1.00000000000000e+00 2.82950257406627e+01
2.00000000000000e+00 2.82972045718336e+01
3.00000000000000e+00 2.82997637833185e+01
4.00000000000000e+00 2.83031601498041e+01
5.00000000000000e+00 2.83072727135336e+01
6.00000000000000e+00 2.83119836998491e+01
7.00000000000000e+00 2.83171864749388e+01
8.00000000000000e+00 2.83227871373862e+01
9.00000000000000e+00 2.83286965604232e+01
1.00000000000000e+01 2.83348399412266e+01
1.10000000000000e+01 2.83411488431707e+01
1.20000000000000e+01 2.83475596042785e+01
1.30000000000000e+01 2.83539942386277e+01
1.40000000000000e+01 2.83604543377678e+01
1.50000000000000e+01 2.83668698735238e+01
1.60000000000000e+01 2.83731994656106e+01
1.70000000000000e+01 2.83794065083912e+01
1.80000000000000e+01 2.83854289314377e+01
1.90000000000000e+01 2.83912937910907e+01
2.00000000000000e+01 2.83969422000210e+01
2.10000000000000e+01 2.84023120878009e+01
2.20000000000000e+01 2.84074480178145e+01
2.30000000000000e+01 2.84122863280845e+01
2.40000000000000e+01 2.84167713143808e+01
2.50000000000000e+01 2.84209109344507e+01
2.60000000000000e+01 2.84246940474480e+01
2.70000000000000e+01 2.84281333857682e+01
2.80000000000000e+01 2.84311286817972e+01
2.90000000000000e+01 2.84335573862287e+01
3.00000000000000e+01 2.84355468230174e+01
3.10000000000000e+01 2.84370094569444e+01
3.20000000000000e+01 2.84379102739223e+01
3.30000000000000e+01 2.84382126683142e+01
3.40000000000000e+01 2.84378736682854e+01
3.50000000000000e+01 2.84368439358036e+01
3.60000000000000e+01 2.84350693581881e+01
3.70000000000000e+01 2.84324814988134e+01
3.80000000000000e+01 2.84290023717574e+01
3.90000000000000e+01 2.84245348925049e+01
4.00000000000000e+01 2.84189740187932e+01
4.10000000000000e+01 2.84121828773715e+01
4.20000000000000e+01 2.84040532428784e+01
4.30000000000000e+01 2.83943925378327e+01
4.40000000000000e+01 2.83829811284130e+01
4.50000000000000e+01 2.83695786906552e+01
4.60000000000000e+01 2.83539592245402e+01
4.70000000000000e+01 2.83357312089079e+01
4.80000000000000e+01 2.83146017986630e+01
4.90000000000000e+01 2.82900696557348e+01
5.00000000000000e+01 2.82614615547140e+01
5.10000000000000e+01 2.82282395518930e+01
5.20000000000000e+01 2.81894534922615e+01
5.30000000000000e+01 2.81441166151724e+01
5.40000000000000e+01 2.80905657514703e+01
5.50000000000000e+01 2.80276788588064e+01
5.60000000000000e+01 2.79537848102782e+01
5.70000000000000e+01 2.78662304929845e+01
5.80000000000000e+01 2.77626492729214e+01
5.90000000000000e+01 2.76401970512560e+01
6.00000000000000e+01 2.74958116868830e+01
6.10000000000000e+01 2.73263785175662e+01
6.20000000000000e+01 2.71289229374193e+01
6.30000000000000e+01 2.69007313546624e+01
6.40000000000000e+01 2.66412881072800e+01
6.50000000000000e+01 2.63461177582723e+01
6.60000000000000e+01 2.60149401949396e+01
6.70000000000000e+01 2.56467861636783e+01
6.80000000000000e+01 2.52411415940222e+01
6.90000000000000e+01 2.47981051620362e+01
7.00000000000000e+01 2.43187066002019e+01
7.10000000000000e+01 2.38054748805652e+01
7.20000000000000e+01 2.32632339894511e+01
7.30000000000000e+01 2.26995469697554e+01
7.40000000000000e+01 2.21230575264374e+01
7.50000000000000e+01 2.15450338294679e+01
7.60000000000000e+01 2.09799478378224e+01
7.70000000000000e+01 2.04434938204392e+01
7.80000000000000e+01 1.99487781868817e+01
7.90000000000000e+01 1.95027687405587e+01
8.00000000000000e+01 1.91053843124492e+01
8.10000000000000e+01 1.87513584654861e+01
8.20000000000000e+01 1.84330278891597e+01
8.30000000000000e+01 1.81424793996995e+01
8.40000000000000e+01 1.78726672077746e+01
8.50000000000000e+01 1.76177773833141e+01
8.60000000000000e+01 1.73732039822648e+01
8.70000000000000e+01 1.71353771592531e+01
8.80000000000000e+01 1.69015498999614e+01
8.90000000000000e+01 1.66696245422396e+01
9.00000000000000e+01 1.64379888465142e+01
9.10000000000000e+01 1.62054029957786e+01
9.20000000000000e+01 1.59708961448798e+01
9.30000000000000e+01 1.57337030768516e+01
9.40000000000000e+01 1.54932148648815e+01
9.50000000000000e+01 1.52489225314617e+01
9.60000000000000e+01 1.50004899413523e+01
9.70000000000000e+01 1.47478252621511e+01
9.80000000000000e+01 1.44908344332869e+01
9.90000000000000e+01 1.42293801040436e+01
1.00000000000000e+02 1.39632687420104e+01
1.01000000000000e+02 1.36922531795609e+01
1.02000000000000e+02 1.34160267251196e+01
1.03000000000000e+02 1.31290614500481e+01
1.04000000000000e+02 1.28417167495922e+01
1.05000000000000e+02 1.25477909922396e+01
1.06000000000000e+02 1.22466671342757e+01
1.07000000000000e+02 1.19376261136677e+01
1.08000000000000e+02 1.16198255233018e+01
1.09000000000000e+02 1.12922744645023e+01
1.10000000000000e+02 1.09537977371694e+01
1.11000000000000e+02 1.06029887299162e+01
1.12000000000000e+02 1.02381444848514e+01
1.13000000000000e+02 9.85716447503619e+00
1.14000000000000e+02 9.45742885095233e+00
1.15000000000000e+02 9.03556543766557e+00
1.16000000000000e+02 8.58714718127887e+00
1.17000000000000e+02 8.10613112775798e+00
1.18000000000000e+02 7.58390508482229e+00
1.19000000000000e+02 7.00742471333602e+00
1.20000000000000e+02 6.35523226640667e+00
1.21000000000000e+02 5.58704451385308e+00
