1.00000000000000e+00 8.22888303818129e+01
2.00000000000000e+00 8.22977780727135e+01
3.00000000000000e+00 8.22900176776884e+01
4.00000000000000e+00 8.22922044666065e+01
5.00000000000000e+00 8.22955721852023e+01
6.00000000000000e+00 8.22979308614589e+01
7.00000000000000e+00 8.23006492278869e+01
8.00000000000000e+00 8.23037384253323e+01
9.00000000000000e+00 8.23071825383008e+01
1.00000000000000e+01 8.23109688343970e+01
1.10000000000000e+01 8.23150782150276e+01
1.20000000000000e+01 8.23194963562479e+01
1.30000000000000e+01 8.23242073425634e+01
1.40000000000000e+01 8.23291968500293e+01
1.50000000000000e+01 8.23344505547008e+01
1.60000000000000e+01 8.23399525410834e+01
1.70000000000000e+01 8.23456916683313e+01
1.80000000000000e+01 8.23516536124996e+01
1.90000000000000e+01 8.23578256411927e+01
2.00000000000000e+01 8.23641950220152e+01
2.10000000000000e+01 8.23707506141212e+01
2.20000000000000e+01 8.23774796851151e+01
2.30000000000000e+01 8.23843726857004e+01
2.40000000000000e+01 8.23914200665805e+01
2.50000000000000e+01 8.23986090953600e+01
2.60000000000000e+01 8.24059302227422e+01
2.70000000000000e+01 8.24133770825295e+01
2.80000000000000e+01 8.24209369423263e+01
2.90000000000000e+01 8.24286050274845e+01
3.00000000000000e+01 8.24363701971580e+01
3.10000000000000e+01 8.24442244935995e+01
3.20000000000000e+01 8.24521631421610e+01
3.30000000000000e+01 8.24601750019962e+01
3.40000000000000e+01 8.24682552984570e+01
3.50000000000000e+01 8.24763976653456e+01
3.60000000000000e+01 8.24845941449148e+01
3.70000000000000e+01 8.24928383709670e+01
3.80000000000000e+01 8.25010428082833e+01
3.90000000000000e+01 8.25093682033565e+01
4.00000000000000e+01 8.25177254294182e+01
4.10000000000000e+01 8.25261081202709e+01
4.20000000000000e+01 8.25345099097167e+01
4.30000000000000e+01 8.25429292062063e+01
4.40000000000000e+01 8.25513580519924e+01
4.50000000000000e+01 8.25597916724269e+01
4.60000000000000e+01 8.25682284759602e+01
4.70000000000000e+01 8.25766636879440e+01
4.80000000000000e+01 8.25850909421807e+01
4.90000000000000e+01 8.25935070555714e+01
5.00000000000000e+01 8.26019072534678e+01
5.10000000000000e+01 8.26102915358699e+01
5.20000000000000e+01 8.26186519450305e+01
5.30000000000000e+01 8.26269868894003e+01
5.40000000000000e+01 8.26352931858802e+01
5.50000000000000e+01 8.26435676513716e+01
5.60000000000000e+01 8.26516972858647e+01
5.70000000000000e+01 8.26599017231811e+01
5.80000000000000e+01 8.26680631886628e+01
5.90000000000000e+01 8.26761816823100e+01
6.00000000000000e+01 8.26842508379247e+01
6.10000000000000e+01 8.26922706555071e+01
6.20000000000000e+01 8.27002379519583e+01
6.30000000000000e+01 8.27081495441794e+01
6.40000000000000e+01 8.27160038406210e+01
6.50000000000000e+01 8.27237960666348e+01
6.60000000000000e+01 8.27315262222207e+01
6.70000000000000e+01 8.27391895327306e+01
6.80000000000000e+01 8.27467875897138e+01
6.90000000000000e+01 8.27543140269726e+01
7.00000000000000e+01 8.27616574360469e+01
7.10000000000000e+01 8.27690454085052e+01
7.20000000000000e+01 8.27763569865909e+01
7.30000000000000e+01 8.27835889872050e+01
7.40000000000000e+01 8.27907414103475e+01
7.50000000000000e+01 8.27978094813702e+01
7.60000000000000e+01 8.28047947918225e+01
7.70000000000000e+01 8.28116925670561e+01
7.80000000000000e+01 8.28185012155216e+01
7.90000000000000e+01 8.28251125118576e+01
8.00000000000000e+01 8.28317492729846e+01
8.10000000000000e+01 8.28382889495962e+01
8.20000000000000e+01 8.28447315416926e+01
8.30000000000000e+01 8.28510738661748e+01
8.40000000000000e+01 8.28572172469781e+01
8.50000000000000e+01 8.28633749517264e+01
8.60000000000000e+01 8.28694244311133e+01
8.70000000000000e+01 8.28752892907662e+01
8.80000000000000e+01 8.28811573335180e+01
8.90000000000000e+01 8.28869091931614e+01
9.00000000000000e+01 8.28925480527951e+01
9.10000000000000e+01 8.28980675462215e+01
9.20000000000000e+01 8.29034692649901e+01
9.30000000000000e+01 8.29085128851366e+01
9.40000000000000e+01 8.29136169841616e+01
9.50000000000000e+01 8.29185969423310e+01
9.60000000000000e+01 8.29234559427436e+01
9.70000000000000e+01 8.29281876192017e+01
9.80000000000000e+01 8.29327935632547e+01
9.90000000000000e+01 8.29372690002545e+01
1.00000000000000e+02 8.29416123386515e+01
1.01000000000000e+02 8.29458219868962e+01
1.02000000000000e+02 8.29498963534394e+01
1.03000000000000e+02 8.29538290720832e+01
1.04000000000000e+02 8.29576233259265e+01
1.05000000000000e+02 8.29612727487716e+01
1.06000000000000e+02 8.29647741575196e+01
1.07000000000000e+02 8.29681259606212e+01
1.08000000000000e+02 8.29713233834279e+01
1.09000000000000e+02 8.29743648343903e+01
1.10000000000000e+02 8.29772423557615e+01
1.11000000000000e+02 8.29799575390906e+01
1.12000000000000e+02 8.29825024266306e+01
1.13000000000000e+02 8.29848754268321e+01
1.14000000000000e+02 8.29870701734974e+01
1.15000000000000e+02 8.29890850750769e+01
1.16000000000000e+02 8.29909121738236e+01
1.17000000000000e+02 8.29925498781880e+01
1.18000000000000e+02 8.29939902304230e+01
1.19000000000000e+02 8.29952316389791e+01
1.20000000000000e+02 8.29962645545598e+01
1.21000000000000e+02 8.29970873856156e+01
