1.00000000000000e+00 4.17378379243948e+00
2.00000000000000e+00 4.17958403518552e+00
3.00000000000000e+00 4.18639586674985e+00
4.00000000000000e+00 4.19327390677051e+00
5.00000000000000e+00 4.19978525380228e+00
6.00000000000000e+00 4.20575308670340e+00
7.00000000000000e+00 4.21111310687685e+00
8.00000000000000e+00 4.21584796643383e+00
9.00000000000000e+00 4.21995527805021e+00
1.00000000000000e+01 4.22345318538948e+00
1.10000000000000e+01 4.22638768423021e+00
1.20000000000000e+01 4.22879060556101e+00
1.30000000000000e+01 4.23068009304540e+00
1.40000000000000e+01 4.23206776499421e+00
1.50000000000000e+01 4.23296714957763e+00
1.60000000000000e+01 4.23338827355705e+00
1.70000000000000e+01 4.23333527496100e+00
1.80000000000000e+01 4.23280640308510e+00
1.90000000000000e+01 4.23179608750636e+00
2.00000000000000e+01 4.23029461977323e+00
2.10000000000000e+01 4.22828751678590e+00
2.20000000000000e+01 4.22575870389511e+00
2.30000000000000e+01 4.22268637687366e+00
2.40000000000000e+01 4.21904602586032e+00
2.50000000000000e+01 4.21480916212027e+00
2.60000000000000e+01 4.20994204480558e+00
2.70000000000000e+01 4.20440806827933e+00
2.80000000000000e+01 4.19817969873637e+00
2.90000000000000e+01 4.19122494603314e+00
3.00000000000000e+01 4.18350433974376e+00
3.10000000000000e+01 4.17497522634346e+00
3.20000000000000e+01 4.16557840019343e+00
3.30000000000000e+01 4.15525210917574e+00
3.40000000000000e+01 4.14392011807265e+00
3.50000000000000e+01 4.13149568744019e+00
3.60000000000000e+01 4.11788109614328e+00
3.70000000000000e+01 4.10295427234057e+00
3.80000000000000e+01 4.08658407235897e+00
3.90000000000000e+01 4.06861213703009e+00
4.00000000000000e+01 4.04885655225398e+00
4.10000000000000e+01 4.02710007153332e+00
4.20000000000000e+01 4.00309345822722e+00
4.30000000000000e+01 3.97653161230979e+00
4.40000000000000e+01 3.94706391544138e+00
4.50000000000000e+01 3.91425491969770e+00
4.60000000000000e+01 3.87758816728842e+00
4.70000000000000e+01 3.83780929912191e+00
4.80000000000000e+01 3.79155330223640e+00
4.90000000000000e+01 3.73906479777941e+00
5.00000000000000e+01 3.67910094480033e+00
5.10000000000000e+01 3.61004902626083e+00
5.20000000000000e+01 3.52977588845862e+00
5.30000000000000e+01 3.43540162269848e+00
5.40000000000000e+01 3.32289865399051e+00
5.50000000000000e+01 3.18642981564188e+00
5.60000000000000e+01 3.01706635619018e+00
5.70000000000000e+01 2.80022252087577e+00
5.80000000000000e+01 2.50951917365587e+00
5.90000000000000e+01 2.08844103085832e+00
6.00000000000000e+01 1.36193775635136e+00
6.10000000000000e+01 0.00000000000000e+00
6.20000000000000e+01 0.00000000000000e+00
6.30000000000000e+01 0.00000000000000e+00
6.40000000000000e+01 0.00000000000000e+00
6.50000000000000e+01 0.00000000000000e+00
6.60000000000000e+01 0.00000000000000e+00
6.70000000000000e+01 0.00000000000000e+00
6.80000000000000e+01 0.00000000000000e+00
6.90000000000000e+01 0.00000000000000e+00
7.00000000000000e+01 0.00000000000000e+00
7.10000000000000e+01 0.00000000000000e+00
7.20000000000000e+01 0.00000000000000e+00
7.30000000000000e+01 0.00000000000000e+00
7.40000000000000e+01 0.00000000000000e+00
7.50000000000000e+01 0.00000000000000e+00
7.60000000000000e+01 0.00000000000000e+00
7.70000000000000e+01 0.00000000000000e+00
7.80000000000000e+01 0.00000000000000e+00
7.90000000000000e+01 0.00000000000000e+00
8.00000000000000e+01 0.00000000000000e+00
8.10000000000000e+01 0.00000000000000e+00
8.20000000000000e+01 0.00000000000000e+00
8.30000000000000e+01 0.00000000000000e+00
8.40000000000000e+01 0.00000000000000e+00
8.50000000000000e+01 0.00000000000000e+00
8.60000000000000e+01 0.00000000000000e+00
8.70000000000000e+01 0.00000000000000e+00
8.80000000000000e+01 0.00000000000000e+00
8.90000000000000e+01 0.00000000000000e+00
9.00000000000000e+01 0.00000000000000e+00
9.10000000000000e+01 0.00000000000000e+00
9.20000000000000e+01 0.00000000000000e+00
9.30000000000000e+01 0.00000000000000e+00
9.40000000000000e+01 0.00000000000000e+00
9.50000000000000e+01 0.00000000000000e+00
9.60000000000000e+01 0.00000000000000e+00
9.70000000000000e+01 0.00000000000000e+00
9.80000000000000e+01 0.00000000000000e+00
9.90000000000000e+01 0.00000000000000e+00
1.00000000000000e+02 0.00000000000000e+00
1.01000000000000e+02 0.00000000000000e+00
1.02000000000000e+02 0.00000000000000e+00
1.03000000000000e+02 0.00000000000000e+00
1.04000000000000e+02 0.00000000000000e+00
1.05000000000000e+02 0.00000000000000e+00
1.06000000000000e+02 0.00000000000000e+00
1.07000000000000e+02 0.00000000000000e+00
1.08000000000000e+02 0.00000000000000e+00
1.09000000000000e+02 0.00000000000000e+00
1.10000000000000e+02 0.00000000000000e+00
1.11000000000000e+02 0.00000000000000e+00
1.12000000000000e+02 0.00000000000000e+00
1.13000000000000e+02 0.00000000000000e+00
1.14000000000000e+02 0.00000000000000e+00
1.15000000000000e+02 0.00000000000000e+00
1.16000000000000e+02 0.00000000000000e+00
1.17000000000000e+02 0.00000000000000e+00
1.18000000000000e+02 0.00000000000000e+00
1.19000000000000e+02 0.00000000000000e+00
1.20000000000000e+02 0.00000000000000e+00
1.21000000000000e+02 0.00000000000000e+00
