1.00000000000000e+00 -1.39237190000000e-01
2.00000000000000e+00 -2.79931700000000e-01
3.00000000000000e+00 -4.23161590000000e-01
4.00000000000000e+00 -5.69786240000000e-01
5.00000000000000e+00 -7.20384830000000e-01
6.00000000000000e+00 -8.75348860000000e-01
7.00000000000000e+00 -1.03493690000000e+00
8.00000000000000e+00 -1.19931450000000e+00
9.00000000000000e+00 -1.36858220000000e+00
1.00000000000000e+01 -1.54279640000000e+00
1.10000000000000e+01 -1.72198420000000e+00
1.20000000000000e+01 -1.90615300000000e+00
1.30000000000000e+01 -2.09527640000000e+00
1.40000000000000e+01 -2.28939460000000e+00
1.50000000000000e+01 -2.48847920000000e+00
1.60000000000000e+01 -2.69252840000000e+00
1.70000000000000e+01 -2.90154490000000e+00
1.80000000000000e+01 -3.11548810000000e+00
1.90000000000000e+01 -3.33449990000000e+00
2.00000000000000e+01 -3.55856560000000e+00
2.10000000000000e+01 -3.78763750000000e+00
2.20000000000000e+01 -4.02199630000000e+00
2.30000000000000e+01 -4.26160800000000e+00
2.40000000000000e+01 -4.50649400000000e+00
2.50000000000000e+01 -4.75690560000000e+00
2.60000000000000e+01 -5.01307820000000e+00
2.70000000000000e+01 -5.27544320000000e+00
2.80000000000000e+01 -5.54386190000000e+00
2.90000000000000e+01 -5.81776670000000e+00
3.00000000000000e+01 -6.09854590000000e+00
3.10000000000000e+01 -6.38614530000000e+00
3.20000000000000e+01 -6.68098430000000e+00
3.30000000000000e+01 -6.98350690000000e+00
3.40000000000000e+01 -7.29418990000000e+00
3.50000000000000e+01 -7.61355310000000e+00
3.60000000000000e+01 -7.94216310000000e+00
3.70000000000000e+01 -8.28058980000000e+00
3.80000000000000e+01 -8.62944040000000e+00
3.90000000000000e+01 -8.98940690000000e+00
4.00000000000000e+01 -9.36127440000000e+00
4.10000000000000e+01 -9.74710010000000e+00
4.20000000000000e+01 -1.01442530000000e+01
4.30000000000000e+01 -1.05567490000000e+01
4.40000000000000e+01 -1.09861070000000e+01
4.50000000000000e+01 -1.14333170000000e+01
4.60000000000000e+01 -1.18991950000000e+01
4.70000000000000e+01 -1.23874540000000e+01
4.80000000000000e+01 -1.28984330000000e+01
4.90000000000000e+01 -1.34353260000000e+01
5.00000000000000e+01 -1.40023370000000e+01
5.10000000000000e+01 -1.45997050000000e+01
5.20000000000000e+01 -1.52318280000000e+01
5.30000000000000e+01 -1.59007900000000e+01
5.40000000000000e+01 -1.66142680000000e+01
5.50000000000000e+01 -1.73690540000000e+01
5.60000000000000e+01 -1.81649430000000e+01
5.70000000000000e+01 -1.90079020000000e+01
5.80000000000000e+01 -1.98948800000000e+01
5.90000000000000e+01 -2.08217290000000e+01
6.00000000000000e+01 -2.17803050000000e+01
6.10000000000000e+01 -2.27584220000000e+01
6.20000000000000e+01 -2.37397130000000e+01
6.30000000000000e+01 -2.47041280000000e+01
6.40000000000000e+01 -2.56186190000000e+01
6.50000000000000e+01 -2.64730240000000e+01
6.60000000000000e+01 -2.72321940000000e+01
6.70000000000000e+01 -2.78652270000000e+01
6.80000000000000e+01 -2.83380110000000e+01
6.90000000000000e+01 -2.86122090000000e+01
7.00000000000000e+01 -2.86442080000000e+01
7.10000000000000e+01 -2.83845950000000e+01
7.20000000000000e+01 -2.77792430000000e+01
7.30000000000000e+01 -2.67762240000000e+01
7.40000000000000e+01 -2.53440740000000e+01
7.50000000000000e+01 -2.34699690000000e+01
7.60000000000000e+01 -2.11676430000000e+01
7.70000000000000e+01 -1.84887150000000e+01
7.80000000000000e+01 -1.55220350000000e+01
7.90000000000000e+01 -1.23761210000000e+01
8.00000000000000e+01 -9.15412380000000e+00
8.10000000000000e+01 -5.93643970000000e+00
8.20000000000000e+01 -2.77656960000000e+00
8.30000000000000e+01 2.94354530000000e-01
8.40000000000000e+01 3.26064600000000e+00
8.50000000000000e+01 6.11614920000000e+00
8.60000000000000e+01 8.86015010000000e+00
8.70000000000000e+01 1.14948330000000e+01
8.80000000000000e+01 1.40238060000000e+01
8.90000000000000e+01 1.64512480000000e+01
9.00000000000000e+01 1.87814810000000e+01
9.10000000000000e+01 2.10186720000000e+01
9.20000000000000e+01 2.31668030000000e+01
9.30000000000000e+01 2.52295450000000e+01
9.40000000000000e+01 2.72101830000000e+01
9.50000000000000e+01 2.91117650000000e+01
9.60000000000000e+01 3.09373030000000e+01
9.70000000000000e+01 3.26904480000000e+01
9.80000000000000e+01 3.43748140000000e+01
9.90000000000000e+01 3.59936920000000e+01
1.00000000000000e+02 3.75501750000000e+01
1.01000000000000e+02 3.90470490000000e+01
1.02000000000000e+02 4.04867640000000e+01
1.03000000000000e+02 4.18434950000000e+01
1.04000000000000e+02 4.31766440000000e+01
1.05000000000000e+02 4.44582700000000e+01
1.06000000000000e+02 4.56895490000000e+01
1.07000000000000e+02 4.68711860000000e+01
1.08000000000000e+02 4.80035010000000e+01
1.09000000000000e+02 4.90863630000000e+01
1.10000000000000e+02 5.01190440000000e+01
1.11000000000000e+02 5.11001330000000e+01
1.12000000000000e+02 5.20274660000000e+01
1.13000000000000e+02 5.28976130000000e+01
1.14000000000000e+02 5.37060510000000e+01
1.15000000000000e+02 5.44457920000000e+01
1.16000000000000e+02 5.51072830000000e+01
1.17000000000000e+02 5.56763080000000e+01
1.18000000000000e+02 5.61312990000000e+01
1.19000000000000e+02 5.64374480000000e+01
1.20000000000000e+02 5.65340180000000e+01
1.21000000000000e+02 5.62978000000000e+01
