1.00000000000000e+00 -1.09499820000000e-01
2.00000000000000e+00 -2.37723740000000e-01
3.00000000000000e+00 -3.83867350000000e-01
4.00000000000000e+00 -5.44080100000000e-01
5.00000000000000e+00 -7.15011450000000e-01
6.00000000000000e+00 -8.94347930000000e-01
7.00000000000000e+00 -1.08001530000000e+00
8.00000000000000e+00 -1.27113950000000e+00
9.00000000000000e+00 -1.46747560000000e+00
1.00000000000000e+01 -1.66820800000000e+00
1.10000000000000e+01 -1.87220420000000e+00
1.20000000000000e+01 -2.07884790000000e+00
1.30000000000000e+01 -2.28786080000000e+00
1.40000000000000e+01 -2.49922730000000e+00
1.50000000000000e+01 -2.71341280000000e+00
1.60000000000000e+01 -2.93089240000000e+00
1.70000000000000e+01 -3.15201930000000e+00
1.80000000000000e+01 -3.37708370000000e+00
1.90000000000000e+01 -3.60634650000000e+00
2.00000000000000e+01 -3.84006020000000e+00
2.10000000000000e+01 -4.07848260000000e+00
2.20000000000000e+01 -4.32188470000000e+00
2.30000000000000e+01 -4.57055680000000e+00
2.40000000000000e+01 -4.82481320000000e+00
2.50000000000000e+01 -5.08499620000000e+00
2.60000000000000e+01 -5.35147900000000e+00
2.70000000000000e+01 -5.62464920000000e+00
2.80000000000000e+01 -5.90482490000000e+00
2.90000000000000e+01 -6.19234740000000e+00
3.00000000000000e+01 -6.48762190000000e+00
3.10000000000000e+01 -6.79111710000000e+00
3.20000000000000e+01 -7.10336570000000e+00
3.30000000000000e+01 -7.42496530000000e+00
3.40000000000000e+01 -7.75658300000000e+00
3.50000000000000e+01 -8.09896170000000e+00
3.60000000000000e+01 -8.45292440000000e+00
3.70000000000000e+01 -8.81938770000000e+00
3.80000000000000e+01 -9.19936810000000e+00
3.90000000000000e+01 -9.59400010000000e+00
4.00000000000000e+01 -1.00045490000000e+01
4.10000000000000e+01 -1.04324330000000e+01
4.20000000000000e+01 -1.08792460000000e+01
4.30000000000000e+01 -1.13467920000000e+01
4.40000000000000e+01 -1.18371120000000e+01
4.50000000000000e+01 -1.23525410000000e+01
4.60000000000000e+01 -1.28957570000000e+01
4.70000000000000e+01 -1.34648460000000e+01
4.80000000000000e+01 -1.40728060000000e+01
4.90000000000000e+01 -1.47193780000000e+01
5.00000000000000e+01 -1.54095590000000e+01
5.10000000000000e+01 -1.61493420000000e+01
5.20000000000000e+01 -1.69460020000000e+01
5.30000000000000e+01 -1.78085120000000e+01
5.40000000000000e+01 -1.87481290000000e+01
5.50000000000000e+01 -1.97792860000000e+01
5.60000000000000e+01 -2.09209820000000e+01
5.70000000000000e+01 -2.21990550000000e+01
5.80000000000000e+01 -2.36500690000000e+01
5.90000000000000e+01 -2.53282180000000e+01
6.00000000000000e+01 -2.73166820000000e+01
6.10000000000000e+01 -2.30630760000000e+01
6.20000000000000e+01 -1.91293420000000e+01
6.30000000000000e+01 -1.68051770000000e+01
6.40000000000000e+01 -1.50685110000000e+01
6.50000000000000e+01 -1.36540500000000e+01
6.60000000000000e+01 -1.24467930000000e+01
6.70000000000000e+01 -1.13851160000000e+01
6.80000000000000e+01 -1.04317090000000e+01
6.90000000000000e+01 -9.56206770000000e+00
7.00000000000000e+01 -8.75914400000000e+00
7.10000000000000e+01 -8.01053990000000e+00
7.20000000000000e+01 -7.30692320000000e+00
7.30000000000000e+01 -6.64106890000000e+00
7.40000000000000e+01 -6.00725000000000e+00
7.50000000000000e+01 -5.40083600000000e+00
7.60000000000000e+01 -4.81801610000000e+00
7.70000000000000e+01 -4.25560600000000e+00
7.80000000000000e+01 -3.71090680000000e+00
7.90000000000000e+01 -3.18160160000000e+00
8.00000000000000e+01 -2.66567760000000e+00
8.10000000000000e+01 -2.16136570000000e+00
8.20000000000000e+01 -1.66709400000000e+00
8.30000000000000e+01 -1.18145110000000e+00
8.40000000000000e+01 -7.03155610000000e-01
8.50000000000000e+01 -2.31032260000000e-01
8.60000000000000e+01 2.36008400000000e-01
8.70000000000000e+01 6.98987140000000e-01
8.80000000000000e+01 1.15887070000000e+00
8.90000000000000e+01 1.61658480000000e+00
9.00000000000000e+01 2.07302560000000e+00
9.10000000000000e+01 2.52907030000000e+00
9.20000000000000e+01 2.98558720000000e+00
9.30000000000000e+01 3.44344580000000e+00
9.40000000000000e+01 3.90352580000000e+00
9.50000000000000e+01 4.36672780000000e+00
9.60000000000000e+01 4.83398330000000e+00
9.70000000000000e+01 5.30626640000000e+00
9.80000000000000e+01 5.78460650000000e+00
9.90000000000000e+01 6.27010210000000e+00
1.00000000000000e+02 6.76393810000000e+00
1.01000000000000e+02 7.26740440000000e+00
1.02000000000000e+02 7.78191980000000e+00
1.03000000000000e+02 8.30905970000000e+00
1.04000000000000e+02 8.85059080000000e+00
1.05000000000000e+02 9.40851440000000e+00
1.06000000000000e+02 9.98512060000000e+00
1.07000000000000e+02 1.05830590000000e+01
1.08000000000000e+02 1.12054290000000e+01
1.09000000000000e+02 1.18559030000000e+01
1.10000000000000e+02 1.25388900000000e+01
1.11000000000000e+02 1.32597590000000e+01
1.12000000000000e+02 1.40251660000000e+01
1.13000000000000e+02 1.48435140000000e+01
1.14000000000000e+02 1.57256560000000e+01
1.15000000000000e+02 1.66859860000000e+01
1.16000000000000e+02 1.77442160000000e+01
1.17000000000000e+02 1.89284600000000e+01
1.18000000000000e+02 2.02809480000000e+01
1.19000000000000e+02 2.18697330000000e+01
1.20000000000000e+02 2.38160330000000e+01
1.21000000000000e+02 2.63725720000000e+01
