0.000000000000 5.605665113800 -0.047051900993
0.019124999200 5.604518454293 -0.046977229176
0.038249998400 5.601679757653 -0.046908333535
0.038249998400 5.601679757653 -0.046908333535
0.057374998000 5.596740902422 -0.046788139312
0.076499997600 5.589990632833 -0.046557045530
0.076499997600 5.589990632833 -0.046557045530
0.095624997300 5.581598337401 -0.046289181177
0.114749997000 5.570420119627 -0.045881944409
0.114749997000 5.570420119627 -0.045881944409
0.133874996500 5.557081316777 -0.045492884957
0.152999996000 5.541540582674 -0.044857411296
0.152999996000 5.541540582674 -0.044857411296
0.172124995500 5.522772872129 -0.044184678901
0.191249995000 5.501385908764 -0.043399031632
0.191249995000 5.501385908764 -0.043399031632
0.210374995000 5.476101483119 -0.042403206023
0.229499995000 5.447221929809 -0.041295704444
0.229499995000 5.447221929809 -0.041295704444
0.248624994500 5.413277403427 -0.039999341228
0.267749994000 5.374876213111 -0.038411162338
0.267749994000 5.374876213111 -0.038411162338
0.286874993500 5.329507100209 -0.036544480658
0.305999993000 5.277227983916 -0.034307795837
0.305999993000 5.277227983916 -0.034307795837
0.325124993000 5.216779781376 -0.031613464307
0.344249993000 5.145206897679 -0.028383895361
0.344249993000 5.145206897679 -0.028383895361
0.363374992500 5.061531243904 -0.024445106767
0.382499992000 4.960792907017 -0.019449756147
0.382499992000 4.960792907017 -0.019449756147
0.401624991500 4.842013130247 -0.013378046759
0.420749991000 4.695711650456 -0.005624614773
0.420749991000 4.695711650456 -0.005624614773
0.439874990500 4.516506694917 0.004008988114
0.458999990000 4.290130923656 0.016389626534
0.458999990000 4.290130923656 0.016389626534
0.478124990000 3.997959306173 0.031994745469
0.497249990000 3.614949255179 0.050616707808
0.497249990000 3.614949255179 0.050616707808
0.513984336500 3.145496974674 0.069012687687
0.530718683000 2.458169315763 0.082133342062
0.530718683000 2.458169315763 0.082133342062
0.540281205500 2.060026267792 0.083111968368
0.549843728000 0.000000000000 0.000000000000
