0.00000000000000e+00 0.00000000000000e+00
1.00000000000000e+00 1.41892127577332e-02
2.00000000000000e+00 5.68304385954658e-02
3.00000000000000e+00 1.28049202061872e-01
4.00000000000000e+00 2.27991600076136e-01
5.00000000000000e+00 3.56824568001407e-01
6.00000000000000e+00 5.14736004964464e-01
7.00000000000000e+00 7.01941385636030e-01
8.00000000000000e+00 9.18658178623264e-01
9.00000000000000e+00 1.16514024126018e+00
1.00000000000000e+01 1.44166878594815e+00
1.10000000000000e+01 1.74850571418689e+00
1.20000000000000e+01 2.08598208574077e+00
1.30000000000000e+01 2.45438184828144e+00
1.40000000000000e+01 2.85407339243760e+00
1.50000000000000e+01 3.28537892742469e+00
1.60000000000000e+01 3.74864669633606e+00
1.70000000000000e+01 4.24422953524622e+00
1.80000000000000e+01 4.77248133044447e+00
1.90000000000000e+01 5.33375300911332e+00
2.00000000000000e+01 5.92838804346627e+00
2.10000000000000e+01 6.55671743445592e+00
2.20000000000000e+01 7.21905414612514e+00
2.30000000000000e+01 7.91568696356528e+00
2.40000000000000e+01 8.64687376152811e+00
2.50000000000000e+01 9.41283415076003e+00
2.60000000000000e+01 1.02137415076002e+01
2.70000000000000e+01 1.10497143685641e+01
2.80000000000000e+01 1.19208072100171e+01
2.90000000000000e+01 1.28270006296073e+01
3.00000000000000e+01 1.37681909609411e+01
3.10000000000000e+01 1.47441793788984e+01
3.20000000000000e+01 1.57546605665350e+01
3.30000000000000e+01 1.67992110362351e+01
3.40000000000000e+01 1.78772772276254e+01
3.50000000000000e+01 1.89882202746780e+01
3.60000000000000e+01 2.01310799019132e+01
3.70000000000000e+01 2.13048951697359e+01
3.80000000000000e+01 2.25084744021207e+01
3.90000000000000e+01 2.37404390661930e+01
4.00000000000000e+01 2.49992145904027e+01
4.10000000000000e+01 2.62830225785722e+01
4.20000000000000e+01 2.75898747490760e+01
4.30000000000000e+01 2.89175689385397e+01
4.40000000000000e+01 3.02636875102290e+01
4.50000000000000e+01 3.16255984921954e+01
4.60000000000000e+01 3.30004597417496e+01
4.70000000000000e+01 3.43853218180777e+01
4.80000000000000e+01 3.57767617606392e+01
4.90000000000000e+01 3.71714563394833e+01
5.00000000000000e+01 3.85658320087084e+01
5.10000000000000e+01 3.99561771597099e+01
5.20000000000000e+01 4.13386665389160e+01
5.30000000000000e+01 4.27093882517436e+01
5.40000000000000e+01 4.40643726966816e+01
5.50000000000000e+01 4.53996225863989e+01
5.60000000000000e+01 4.67111430436933e+01
5.70000000000000e+01 4.79949705987361e+01
5.80000000000000e+01 4.92471997828371e+01
5.90000000000000e+01 5.04640059145021e+01
6.00000000000000e+01 5.16416626109801e+01
6.10000000000000e+01 5.27764101508486e+01
6.20000000000000e+01 5.38650275123634e+01
6.30000000000000e+01 5.49039713233327e+01
6.40000000000000e+01 5.58899257668761e+01
6.50000000000000e+01 5.68194821311146e+01
6.60000000000000e+01 5.76896858337275e+01
6.70000000000000e+01 5.84969319474046e+01
6.80000000000000e+01 5.92380890043204e+01
6.90000000000000e+01 5.99091814418331e+01
7.00000000000000e+01 6.05064897410257e+01
7.10000000000000e+01 6.10251677144690e+01
7.20000000000000e+01 6.14601274396993e+01
7.30000000000000e+01 6.18051956284702e+01
7.40000000000000e+01 6.20531372133925e+01
7.50000000000000e+01 6.21946696039728e+01
7.60000000000000e+01 6.22189679292461e+01
7.70000000000000e+01 6.21124923083963e+01
7.80000000000000e+01 6.18584669808100e+01
7.90000000000000e+01 6.14360449674167e+01
8.00000000000000e+01 6.08192901503479e+01
