0.00000000000000e+00 0.00000000000000e+00
1.00000000000000e+00 6.03580386326405e-03
2.00000000000000e+00 2.41510716186683e-02
3.00000000000000e+00 5.43693389601589e-02
4.00000000000000e+00 9.67298784679988e-02
5.00000000000000e+00 1.51287773068670e-01
6.00000000000000e+00 2.18113913396016e-01
7.00000000000000e+00 2.97295182353670e-01
8.00000000000000e+00 3.88938441341322e-01
9.00000000000000e+00 4.93156179095973e-01
1.00000000000000e+01 6.10086864696115e-01
1.10000000000000e+01 7.39882542807364e-01
1.20000000000000e+01 8.82720502044480e-01
1.30000000000000e+01 1.03877096837686e+00
1.40000000000000e+01 1.20824360923196e+00
1.50000000000000e+01 1.39137140915259e+00
1.60000000000000e+01 1.58836767511744e+00
1.70000000000000e+01 1.79951452298098e+00
1.80000000000000e+01 2.02505457603117e+00
1.90000000000000e+01 2.26531165583922e+00
2.00000000000000e+01 2.52057790900174e+00
2.10000000000000e+01 2.79117953197402e+00
2.20000000000000e+01 3.07743837944412e+00
2.30000000000000e+01 3.37975937607250e+00
2.40000000000000e+01 3.69850002229211e+00
2.50000000000000e+01 4.03405601700647e+00
2.60000000000000e+01 4.38683938440841e+00
2.70000000000000e+01 4.75727773388012e+00
2.80000000000000e+01 5.14581329992000e+00
2.90000000000000e+01 5.55290174149402e+00
3.00000000000000e+01 5.97897972378472e+00
3.10000000000000e+01 6.42458601878760e+00
3.20000000000000e+01 6.89017617390149e+00
3.30000000000000e+01 7.37624120757956e+00
3.40000000000000e+01 7.88327443019022e+00
3.50000000000000e+01 8.41176787017672e+00
3.60000000000000e+01 8.96220813794329e+00
3.70000000000000e+01 9.53507167692290e+00
3.80000000000000e+01 1.01308193609797e+01
3.90000000000000e+01 1.07498903976464e+01
4.00000000000000e+01 1.13926955151122e+01
4.10000000000000e+01 1.20596094166030e+01
4.20000000000000e+01 1.27509625138628e+01
4.30000000000000e+01 1.34670319668786e+01
4.40000000000000e+01 1.42079884167004e+01
4.50000000000000e+01 1.49740605226001e+01
4.60000000000000e+01 1.57652627047172e+01
4.70000000000000e+01 1.65815586315652e+01
4.80000000000000e+01 1.74227603130273e+01
4.90000000000000e+01 1.82887053584772e+01
5.00000000000000e+01 1.91789156980741e+01
5.10000000000000e+01 2.00929747494766e+01
5.20000000000000e+01 2.10301250486557e+01
5.30000000000000e+01 2.19896638344389e+01
5.40000000000000e+01 2.29705342976200e+01
5.50000000000000e+01 2.39716798483810e+01
5.60000000000000e+01 2.49918953571084e+01
5.70000000000000e+01 2.60296760962581e+01
5.80000000000000e+01 2.70835330589441e+01
5.90000000000000e+01 2.81518001544893e+01
6.00000000000000e+01 2.92326487436742e+01
6.10000000000000e+01 3.03243068834900e+01
6.20000000000000e+01 3.14247730234431e+01
6.30000000000000e+01 3.25320415921249e+01
6.40000000000000e+01 3.36440282307110e+01
6.50000000000000e+01 3.47587784643635e+01
6.60000000000000e+01 3.58741637191544e+01
6.70000000000000e+01 3.69882711360312e+01
6.80000000000000e+01 3.80990662311120e+01
6.90000000000000e+01 3.92047561093865e+01
7.00000000000000e+01 4.03034762887471e+01
7.10000000000000e+01 4.13935826213212e+01
7.20000000000000e+01 4.24735383001494e+01
7.30000000000000e+01 4.35418278034211e+01
7.40000000000000e+01 4.45971639989190e+01
7.50000000000000e+01 4.56383829593848e+01
7.60000000000000e+01 4.66643692184197e+01
7.70000000000000e+01 4.76742425548819e+01
7.80000000000000e+01 4.86671521224764e+01
7.90000000000000e+01 4.96424382871527e+01
8.00000000000000e+01 5.05995521542782e+01
8.10000000000000e+01 5.15379985232926e+01
8.20000000000000e+01 5.24574560689061e+01
8.30000000000000e+01 5.33576319329759e+01
8.40000000000000e+01 5.42383810363496e+01
8.50000000000000e+01 5.50995807557876e+01
8.60000000000000e+01 5.59412326192326e+01
8.70000000000000e+01 5.67633528073466e+01
8.80000000000000e+01 5.75660610048227e+01
8.90000000000000e+01 5.83494831787586e+01
9.00000000000000e+01 5.91138312435773e+01
9.10000000000000e+01 5.98593242904437e+01
9.20000000000000e+01 6.05862167149550e+01
9.30000000000000e+01 6.12948162500354e+01
9.40000000000000e+01 6.19854200487299e+01
9.50000000000000e+01 6.26583777027925e+01
9.60000000000000e+01 6.33140297736234e+01
9.70000000000000e+01 6.39527377169435e+01
9.80000000000000e+01 6.45748659705961e+01
9.90000000000000e+01 6.51808057784706e+01
1.00000000000000e+02 6.57709325560159e+01
