0.00000000000000e+00 0.00000000000000e+00
1.00000000000000e+00 5.85417438955374e-03
2.00000000000000e+00 2.34990967639681e-02
3.00000000000000e+00 5.30619645304348e-02
4.00000000000000e+00 9.46754029008939e-02
5.00000000000000e+00 1.48478433998567e-01
6.00000000000000e+00 2.14617329971771e-01
7.00000000000000e+00 2.93246421369747e-01
8.00000000000000e+00 3.84532682221653e-01
9.00000000000000e+00 4.88642241995951e-01
1.00000000000000e+01 6.05760753946537e-01
1.10000000000000e+01 7.36081924308324e-01
1.20000000000000e+01 8.79819366208934e-01
1.30000000000000e+01 1.03717474359745e+00
1.40000000000000e+01 1.20838462469058e+00
1.50000000000000e+01 1.39370483521884e+00
1.60000000000000e+01 1.59336724063652e+00
1.70000000000000e+01 1.80766962799507e+00
1.80000000000000e+01 2.03686599658018e+00
1.90000000000000e+01 2.28128997787781e+00
2.00000000000000e+01 2.54121845825855e+00
2.10000000000000e+01 2.81702330061803e+00
2.20000000000000e+01 3.10903024771573e+00
2.30000000000000e+01 3.41760140372213e+00
2.40000000000000e+01 3.74308723654269e+00
2.50000000000000e+01 4.08593707425118e+00
2.60000000000000e+01 4.44653530177731e+00
2.70000000000000e+01 4.82530949038803e+00
2.80000000000000e+01 5.22270352622219e+00
2.90000000000000e+01 5.63917739740961e+00
3.00000000000000e+01 6.07520686195145e+00
3.10000000000000e+01 6.53128298094398e+00
3.20000000000000e+01 7.00791149246102e+00
3.30000000000000e+01 7.50561200145772e+00
3.40000000000000e+01 8.02491697525832e+00
3.50000000000000e+01 8.56637050082631e+00
3.60000000000000e+01 9.13057452736688e+00
3.70000000000000e+01 9.71799876601443e+00
3.80000000000000e+01 1.03292572793210e+01
3.90000000000000e+01 1.09649225266912e+01
4.00000000000000e+01 1.16256228933814e+01
4.10000000000000e+01 1.23118224058954e+01
4.20000000000000e+01 1.30241371393021e+01
4.30000000000000e+01 1.37631822990891e+01
4.40000000000000e+01 1.45293759858942e+01
4.50000000000000e+01 1.53232915030380e+01
4.60000000000000e+01 1.61454875196156e+01
4.70000000000000e+01 1.69962787036884e+01
4.80000000000000e+01 1.78762166400007e+01
4.90000000000000e+01 1.87855858699157e+01
5.00000000000000e+01 1.97245995372801e+01
5.10000000000000e+01 2.06936336763285e+01
5.20000000000000e+01 2.16927410181793e+01
5.30000000000000e+01 2.27219521181991e+01
5.40000000000000e+01 2.37810873848889e+01
5.50000000000000e+01 2.48701155256120e+01
5.60000000000000e+01 2.59885784988590e+01
5.70000000000000e+01 2.71359417852912e+01
5.80000000000000e+01 2.83114827925139e+01
5.90000000000000e+01 2.95143865766835e+01
6.00000000000000e+01 3.07432634468302e+01
6.10000000000000e+01 3.19968085769595e+01
6.20000000000000e+01 3.32734595261013e+01
6.30000000000000e+01 3.45709746659461e+01
6.40000000000000e+01 3.58871651727125e+01
6.50000000000000e+01 3.72195269747903e+01
6.60000000000000e+01 3.85649137018140e+01
6.70000000000000e+01 3.99197926021514e+01
6.80000000000000e+01 4.12806970106687e+01
6.90000000000000e+01 4.26433233078011e+01
7.00000000000000e+01 4.40029640357812e+01
7.10000000000000e+01 4.53550277732195e+01
7.20000000000000e+01 4.66940701859731e+01
7.30000000000000e+01 4.80142952864318e+01
7.40000000000000e+01 4.93101439181047e+01
7.50000000000000e+01 5.05752599206608e+01
7.60000000000000e+01 5.18030614530404e+01
7.70000000000000e+01 5.29873674679502e+01
7.80000000000000e+01 5.41211105925096e+01
7.90000000000000e+01 5.51977101122794e+01
8.00000000000000e+01 5.62103274339414e+01
8.10000000000000e+01 5.71520518116448e+01
8.20000000000000e+01 5.80158667296017e+01
8.30000000000000e+01 5.87945783845025e+01
8.40000000000000e+01 5.94804964016938e+01
8.50000000000000e+01 6.00658770518673e+01
8.60000000000000e+01 6.05420880457544e+01
8.70000000000000e+01 6.08995215162572e+01
8.80000000000000e+01 6.11272417747430e+01
8.90000000000000e+01 6.12123654165498e+01
9.00000000000000e+01 6.11402059717609e+01
9.10000000000000e+01 6.08931419023503e+01
9.20000000000000e+01 6.04500989633661e+01
9.30000000000000e+01 5.97867185967272e+01
9.40000000000000e+01 5.88742482414904e+01
9.50000000000000e+01 5.76804351016149e+01
9.60000000000000e+01 5.61695245985060e+01
9.70000000000000e+01 5.43035530280549e+01
9.80000000000000e+01 5.20459050712656e+01
9.90000000000000e+01 4.93644431980956e+01
1.00000000000000e+02 4.62359055449010e+01
