0.00000000000000e+00 0.00000000000000e+00
1.00000000000000e+00 1.39693078327602e-02
2.00000000000000e+00 5.58949131665964e-02
3.00000000000000e+00 1.25829791027904e-01
4.00000000000000e+00 2.23861898320876e-01
5.00000000000000e+00 3.50113530557324e-01
6.00000000000000e+00 5.04740740197456e-01
7.00000000000000e+00 6.87938950541407e-01
8.00000000000000e+00 8.99916848597468e-01
9.00000000000000e+00 1.14092911606947e+00
1.00000000000000e+01 1.41126636071449e+00
1.10000000000000e+01 1.71120849864988e+00
1.20000000000000e+01 2.04110920029425e+00
1.30000000000000e+01 2.40130076089690e+00
1.40000000000000e+01 2.79214401791984e+00
1.50000000000000e+01 3.21401081647045e+00
1.60000000000000e+01 3.66725601735468e+00
1.70000000000000e+01 4.15230191316957e+00
1.80000000000000e+01 4.66949770537212e+00
1.90000000000000e+01 5.21919994660701e+00
2.00000000000000e+01 5.80174236409597e+00
2.10000000000000e+01 6.41742643575621e+00
2.20000000000000e+01 7.06651102989569e+00
2.30000000000000e+01 7.74920112192538e+00
2.40000000000000e+01 8.46563565195586e+00
2.50000000000000e+01 9.21587462349042e+00
2.60000000000000e+01 9.99988559755518e+00
2.70000000000000e+01 1.08175297935659e+01
2.80000000000000e+01 1.16685182765508e+01
2.90000000000000e+01 1.25525180656481e+01
3.00000000000000e+01 1.34689582058578e+01
3.10000000000000e+01 1.44171087411471e+01
3.20000000000000e+01 1.53961609613401e+01
3.30000000000000e+01 1.64050057121673e+01
3.40000000000000e+01 1.74424722720574e+01
3.50000000000000e+01 1.85070817663698e+01
3.60000000000000e+01 1.95972605249419e+01
3.70000000000000e+01 2.07112246386478e+01
3.80000000000000e+01 2.18470188987582e+01
3.90000000000000e+01 2.30025301475767e+01
4.00000000000000e+01 2.41755046900920e+01
4.10000000000000e+01 2.53635694299398e+01
4.20000000000000e+01 2.65642562085609e+01
4.30000000000000e+01 2.77750286593038e+01
4.40000000000000e+01 2.89933107609306e+01
4.50000000000000e+01 3.02164932260729e+01
4.60000000000000e+01 3.14420565978468e+01
4.70000000000000e+01 3.26674556475724e+01
4.80000000000000e+01 3.38902245573279e+01
4.90000000000000e+01 3.51080539164921e+01
5.00000000000000e+01 3.63186910568748e+01
5.10000000000000e+01 3.75200251554150e+01
5.20000000000000e+01 3.87101403299611e+01
5.30000000000000e+01 3.98872190124935e+01
5.40000000000000e+01 4.10496651455430e+01
5.50000000000000e+01 4.21959988632080e+01
5.60000000000000e+01 4.33249567883719e+01
5.70000000000000e+01 4.44354058195038e+01
5.80000000000000e+01 4.55263777292685e+01
5.90000000000000e+01 4.65970837270373e+01
6.00000000000000e+01 4.76468469252583e+01
6.10000000000000e+01 4.86751589337411e+01
6.20000000000000e+01 4.96816146467405e+01
6.30000000000000e+01 5.06659275954529e+01
6.40000000000000e+01 5.16279361276916e+01
6.50000000000000e+01 5.25675552660608e+01
6.60000000000000e+01 5.34847872785183e+01
6.70000000000000e+01 5.43797271293533e+01
6.80000000000000e+01 5.52525202696644e+01
6.90000000000000e+01 5.61033766202945e+01
7.00000000000000e+01 5.69325522717615e+01
7.10000000000000e+01 5.77403609090715e+01
7.20000000000000e+01 5.85271386053275e+01
7.30000000000000e+01 5.92932570450180e+01
7.40000000000000e+01 6.00391131274520e+01
7.50000000000000e+01 6.07651200739366e+01
7.60000000000000e+01 6.14717190797089e+01
7.70000000000000e+01 6.21593510240311e+01
7.80000000000000e+01 6.28284694908545e+01
7.90000000000000e+01 6.34795335659111e+01
8.00000000000000e+01 6.41130051908835e+01
8.10000000000000e+01 6.47293435277024e+01
8.20000000000000e+01 6.53290164787503e+01
8.30000000000000e+01 6.59124784914974e+01
8.40000000000000e+01 6.64801829371019e+01
8.50000000000000e+01 6.70325773875560e+01
8.60000000000000e+01 6.75701025926206e+01
8.70000000000000e+01 6.80931916339685e+01
8.80000000000000e+01 6.86022664780408e+01
8.90000000000000e+01 6.90977485705872e+01
9.00000000000000e+01 6.95800415039406e+01
9.10000000000000e+01 7.00495420822463e+01
9.20000000000000e+01 7.05066372054661e+01
9.30000000000000e+01 7.09517037129472e+01
9.40000000000000e+01 7.13851082952582e+01
9.50000000000000e+01 7.18072074646302e+01
9.60000000000000e+01 7.22183475755582e+01
9.70000000000000e+01 7.26188648878435e+01
9.80000000000000e+01 7.30090835632143e+01
9.90000000000000e+01 7.33893242799840e+01
1.00000000000000e+02 7.37598915411746e+01
