0.00000000000000e+00 0.00000000000000e+00
1.00000000000000e+00 1.39693079776459e-02
2.00000000000000e+00 5.58949220251928e-02
3.00000000000000e+00 1.25829891075143e-01
4.00000000000000e+00 2.23862461013228e-01
5.00000000000000e+00 3.50115683187545e-01
6.00000000000000e+00 5.04747193978191e-01
7.00000000000000e+00 6.87948545918394e-01
8.00000000000000e+00 8.99953530061148e-01
9.00000000000000e+00 1.14100400279015e+00
1.00000000000000e+01 1.41139532211374e+00
1.10000000000000e+01 1.71146230857008e+00
1.20000000000000e+01 2.04152336490174e+00
1.30000000000000e+01 2.40198683248614e+00
1.40000000000000e+01 2.79323556600187e+00
1.50000000000000e+01 3.21566639465230e+00
1.60000000000000e+01 3.66976681035224e+00
1.70000000000000e+01 4.15597006788167e+00
1.80000000000000e+01 4.67474413672255e+00
1.90000000000000e+01 5.22656438728576e+00
2.00000000000000e+01 5.81190847651608e+00
2.10000000000000e+01 6.43125054893866e+00
2.20000000000000e+01 7.08505469824586e+00
2.30000000000000e+01 7.77376764407530e+00
2.40000000000000e+01 8.49781058564900e+00
2.50000000000000e+01 9.25757020249542e+00
2.60000000000000e+01 1.00533510160040e+01
2.70000000000000e+01 1.08855154467444e+01
2.80000000000000e+01 1.17542467294547e+01
2.90000000000000e+01 1.26596864819547e+01
3.00000000000000e+01 1.36018844236390e+01
3.10000000000000e+01 1.45807849019512e+01
3.20000000000000e+01 1.55961716483556e+01
3.30000000000000e+01 1.66478203077668e+01
3.40000000000000e+01 1.77352343177933e+01
3.50000000000000e+01 1.88577561770281e+01
3.60000000000000e+01 2.00146862936937e+01
3.70000000000000e+01 2.12049665987188e+01
3.80000000000000e+01 2.24275251704349e+01
3.90000000000000e+01 2.36809106254884e+01
4.00000000000000e+01 2.49636032886933e+01
4.10000000000000e+01 2.62738825927381e+01
4.20000000000000e+01 2.76096840648346e+01
4.30000000000000e+01 2.89688873272040e+01
4.40000000000000e+01 3.03491397345653e+01
4.50000000000000e+01 3.17479163483894e+01
4.60000000000000e+01 3.31625376193106e+01
4.70000000000000e+01 3.45901906387002e+01
4.80000000000000e+01 3.60279535561199e+01
4.90000000000000e+01 3.74728226236244e+01
5.00000000000000e+01 3.89217412129079e+01
5.10000000000000e+01 4.03715846645153e+01
5.20000000000000e+01 4.18193743059690e+01
5.30000000000000e+01 4.32620303445566e+01
5.40000000000000e+01 4.46965433677046e+01
5.50000000000000e+01 4.61201337049822e+01
5.60000000000000e+01 4.75300048399955e+01
5.70000000000000e+01 4.89235064343048e+01
5.80000000000000e+01 5.02982773626096e+01
5.90000000000000e+01 5.16520018314255e+01
6.00000000000000e+01 5.29825558715627e+01
6.10000000000000e+01 5.42881333782179e+01
6.20000000000000e+01 5.55669639717736e+01
6.30000000000000e+01 5.68176441830473e+01
6.40000000000000e+01 5.80388460728694e+01
6.50000000000000e+01 5.92294405940307e+01
6.60000000000000e+01 6.03886093851964e+01
6.70000000000000e+01 6.15155943578805e+01
6.80000000000000e+01 6.26098114355033e+01
6.90000000000000e+01 6.36709596847235e+01
7.00000000000000e+01 6.46987672639432e+01
7.10000000000000e+01 6.56931018562711e+01
7.20000000000000e+01 6.66540820273847e+01
7.30000000000000e+01 6.75818175221569e+01
7.40000000000000e+01 6.84765636977367e+01
7.50000000000000e+01 6.93386268654105e+01
7.60000000000000e+01 7.01685202205487e+01
7.70000000000000e+01 7.09667021863575e+01
7.80000000000000e+01 7.17337349853664e+01
7.90000000000000e+01 7.24702332862917e+01
8.00000000000000e+01 7.31768140240802e+01
8.10000000000000e+01 7.38542564298447e+01
8.20000000000000e+01 7.45032422613381e+01
8.30000000000000e+01 7.51245185497491e+01
8.40000000000000e+01 7.57188493297240e+01
8.50000000000000e+01 7.62870104353554e+01
8.60000000000000e+01 7.68297848569983e+01
8.70000000000000e+01 7.73479182446869e+01
8.80000000000000e+01 7.78422775441714e+01
8.90000000000000e+01 7.83136032905138e+01
9.00000000000000e+01 7.87626706109579e+01
9.10000000000000e+01 7.91902457077467e+01
9.20000000000000e+01 7.95970838147009e+01
9.30000000000000e+01 7.99839274650824e+01
9.40000000000000e+01 8.03515050400791e+01
9.50000000000000e+01 8.07005295692311e+01
9.60000000000000e+01 8.10316977560549e+01
9.70000000000000e+01 8.13456892042883e+01
9.80000000000000e+01 8.16431309906386e+01
9.90000000000000e+01 8.19247373982342e+01
1.00000000000000e+02 8.21910980880826e+01
