0.00000000000000e+00 0.00000000000000e+00
1.00000000000000e+00 1.00269901198646e-02
2.00000000000000e+00 4.01208554262343e-02
3.00000000000000e+00 9.03202714739575e-02
4.00000000000000e+00 1.60689646328094e-01
5.00000000000000e+00 2.51318936231560e-01
6.00000000000000e+00 3.62323654337437e-01
7.00000000000000e+00 4.93844515086051e-01
8.00000000000000e+00 6.46053723195695e-01
9.00000000000000e+00 8.19130645356124e-01
1.00000000000000e+01 1.01329482178631e+00
1.10000000000000e+01 1.22879625917069e+00
1.20000000000000e+01 1.46587566906832e+00
1.30000000000000e+01 1.72484151723101e+00
1.40000000000000e+01 2.00597103138452e+00
1.50000000000000e+01 2.30962153511172e+00
1.60000000000000e+01 2.63612185369959e+00
1.70000000000000e+01 2.98583320310912e+00
1.80000000000000e+01 3.35913187290432e+00
1.90000000000000e+01 3.75638340537161e+00
2.00000000000000e+01 4.17803300806059e+00
2.10000000000000e+01 4.62446405031260e+00
2.20000000000000e+01 5.09608572172419e+00
2.30000000000000e+01 5.59330627870932e+00
2.40000000000000e+01 6.11652829488740e+00
2.50000000000000e+01 6.66614328519929e+00
2.60000000000000e+01 7.24252567185396e+00
2.70000000000000e+01 7.84602606099917e+00
2.80000000000000e+01 8.47696381387520e+00
2.90000000000000e+01 9.13561891373461e+00
3.00000000000000e+01 9.82219107535389e+00
3.10000000000000e+01 1.05369186093566e+01
3.20000000000000e+01 1.12798760204544e+01
3.30000000000000e+01 1.20510916747488e+01
3.40000000000000e+01 1.28505050759260e+01
3.50000000000000e+01 1.36779223875702e+01
3.60000000000000e+01 1.45331411653347e+01
3.70000000000000e+01 1.54157008904181e+01
3.80000000000000e+01 1.63251516428016e+01
3.90000000000000e+01 1.72607620644036e+01
4.00000000000000e+01 1.82218000272556e+01
4.10000000000000e+01 1.92072382770037e+01
4.20000000000000e+01 2.02160050555004e+01
4.30000000000000e+01 2.12468768267316e+01
4.40000000000000e+01 2.22983703870342e+01
4.50000000000000e+01 2.33689670196798e+01
4.60000000000000e+01 2.44569767497200e+01
4.70000000000000e+01 2.55605863412623e+01
4.80000000000000e+01 2.66778742924537e+01
4.90000000000000e+01 2.78068284519210e+01
5.00000000000000e+01 2.89453335840818e+01
5.10000000000000e+01 3.00913236511731e+01
5.20000000000000e+01 3.12426055717919e+01
5.30000000000000e+01 3.23970161827190e+01
5.40000000000000e+01 3.35523842944581e+01
5.50000000000000e+01 3.47066620112265e+01
5.60000000000000e+01 3.58577525664055e+01
5.70000000000000e+01 3.70037434809571e+01
5.80000000000000e+01 3.81427388912049e+01
5.90000000000000e+01 3.92729595158191e+01
6.00000000000000e+01 4.03928053756384e+01
6.10000000000000e+01 4.15007248471097e+01
6.20000000000000e+01 4.25953725023795e+01
6.30000000000000e+01 4.36754700229751e+01
6.40000000000000e+01 4.47399383069490e+01
6.50000000000000e+01 4.57877739845100e+01
6.60000000000000e+01 4.68181590217311e+01
6.70000000000000e+01 4.78303513231972e+01
6.80000000000000e+01 4.88237759876445e+01
6.90000000000000e+01 4.97979280366582e+01
7.00000000000000e+01 5.07524496143196e+01
7.10000000000000e+01 5.16870511543595e+01
7.20000000000000e+01 5.26015364198364e+01
7.30000000000000e+01 5.34958150771201e+01
7.40000000000000e+01 5.43698471365039e+01
7.50000000000000e+01 5.52236614762006e+01
7.60000000000000e+01 5.60573666599270e+01
7.70000000000000e+01 5.68711034216058e+01
7.80000000000000e+01 5.76650658231868e+01
7.90000000000000e+01 5.84394826959838e+01
8.00000000000000e+01 5.91946340806917e+01
8.10000000000000e+01 5.99308124728763e+01
8.20000000000000e+01 6.06483409412651e+01
8.30000000000000e+01 6.13475583338197e+01
8.40000000000000e+01 6.20288346180148e+01
8.50000000000000e+01 6.26925382327088e+01
8.60000000000000e+01 6.33390527777398e+01
8.70000000000000e+01 6.39687650273665e+01
8.80000000000000e+01 6.45820796405041e+01
8.90000000000000e+01 6.51793909745846e+01
9.00000000000000e+01 6.57610988370434e+01
9.10000000000000e+01 6.63276023891856e+01
9.20000000000000e+01 6.68792987377893e+01
9.30000000000000e+01 6.74165782641042e+01
9.40000000000000e+01 6.79398375983720e+01
9.50000000000000e+01 6.84494574549920e+01
9.60000000000000e+01 6.89458162747638e+01
9.70000000000000e+01 6.94292859685952e+01
9.80000000000000e+01 6.99002314160439e+01
9.90000000000000e+01 7.03590100619518e+01
1.00000000000000e+02 7.08059688280029e+01
