0.00000000000000e+00 0.00000000000000e+00
1.00000000000000e+00 1.42571765849193e-02
2.00000000000000e+00 5.70862673101079e-02
3.00000000000000e+00 1.28589875404303e-01
4.00000000000000e+00 2.28892550205934e-01
5.00000000000000e+00 3.58140813429427e-01
6.00000000000000e+00 5.16503146055448e-01
7.00000000000000e+00 7.04169519238134e-01
8.00000000000000e+00 9.21351020178710e-01
9.00000000000000e+00 1.16827899949000e+00
1.00000000000000e+01 1.44523141957007e+00
1.10000000000000e+01 1.75242892213418e+00
1.20000000000000e+01 2.09017847772711e+00
1.30000000000000e+01 2.45878015509387e+00
1.40000000000000e+01 2.85859459933572e+00
1.50000000000000e+01 3.28985767051686e+00
1.60000000000000e+01 3.75299379659396e+00
1.70000000000000e+01 4.24823862813645e+00
1.80000000000000e+01 4.77603275199714e+00
1.90000000000000e+01 5.33659788279330e+00
2.00000000000000e+01 5.93037379845072e+00
2.10000000000000e+01 6.55755047781761e+00
2.20000000000000e+01 7.21854633900089e+00
2.30000000000000e+01 7.91349726272453e+00
2.40000000000000e+01 8.64277577271789e+00
2.50000000000000e+01 9.40643632866442e+00
2.60000000000000e+01 1.02047767333844e+01
2.70000000000000e+01 1.10377374980646e+01
2.80000000000000e+01 1.19055084590747e+01
2.90000000000000e+01 1.28078784530163e+01
3.00000000000000e+01 1.37448918723267e+01
3.10000000000000e+01 1.47161433216943e+01
3.20000000000000e+01 1.57214906589639e+01
3.30000000000000e+01 1.67602877581637e+01
3.40000000000000e+01 1.78321624340225e+01
3.50000000000000e+01 1.89361789378098e+01
3.60000000000000e+01 2.00716910281046e+01
3.70000000000000e+01 2.12374244052111e+01
3.80000000000000e+01 2.24324169786239e+01
3.90000000000000e+01 2.36550101889184e+01
4.00000000000000e+01 2.49038901057417e+01
4.10000000000000e+01 2.61771258944562e+01
4.20000000000000e+01 2.74725749853955e+01
4.30000000000000e+01 2.87883254687074e+01
4.40000000000000e+01 3.01216460417989e+01
4.50000000000000e+01 3.14702357065455e+01
4.60000000000000e+01 3.28309122816046e+01
4.70000000000000e+01 3.42010057573134e+01
4.80000000000000e+01 3.55769102348289e+01
4.90000000000000e+01 3.69556316806911e+01
5.00000000000000e+01 3.83331950667395e+01
5.10000000000000e+01 3.97063526876484e+01
5.20000000000000e+01 4.10708419362469e+01
5.30000000000000e+01 4.24232537294653e+01
5.40000000000000e+01 4.37593944653728e+01
5.50000000000000e+01 4.50750405362168e+01
5.60000000000000e+01 4.63667031375798e+01
5.70000000000000e+01 4.76299124696813e+01
5.80000000000000e+01 4.88609979436365e+01
5.90000000000000e+01 5.00564157967324e+01
6.00000000000000e+01 5.12118210383584e+01
