0.00000000000000e+00 0.00000000000000e+00
1.00000000000000e+00 1.02007948244050e-02
2.00000000000000e+00 4.09514548178224e-02
3.00000000000000e+00 9.24780326477464e-02
4.00000000000000e+00 1.65013127623499e-01
5.00000000000000e+00 2.58797643037932e-01
6.00000000000000e+00 3.74082298114196e-01
7.00000000000000e+00 5.11129097065948e-01
8.00000000000000e+00 6.70212233072072e-01
9.00000000000000e+00 8.51619305394784e-01
1.00000000000000e+01 1.05565189857136e+00
1.10000000000000e+01 1.28265117030849e+00
1.20000000000000e+01 1.53290418202330e+00
1.30000000000000e+01 1.80677755065356e+00
1.40000000000000e+01 2.10463313947214e+00
1.50000000000000e+01 2.42689040089798e+00
1.60000000000000e+01 2.77386374225425e+00
1.70000000000000e+01 3.14599469844774e+00
1.80000000000000e+01 3.54375828250884e+00
1.90000000000000e+01 3.96748314485416e+00
2.00000000000000e+01 4.41772055387088e+00
2.10000000000000e+01 4.89480843859051e+00
2.20000000000000e+01 5.39932493356458e+00
2.30000000000000e+01 5.93160893336693e+00
2.40000000000000e+01 6.49225611550110e+00
2.50000000000000e+01 7.08159455832703e+00
2.60000000000000e+01 7.70022524400832e+00
2.70000000000000e+01 8.34844958845251e+00
2.80000000000000e+01 9.02685815908723e+00
2.90000000000000e+01 9.73570515248615e+00
3.00000000000000e+01 1.04755509344868e+01
3.10000000000000e+01 1.12465765241742e+01
3.20000000000000e+01 1.20492876555903e+01
3.30000000000000e+01 1.28838610152998e+01
3.40000000000000e+01 1.37504155079416e+01
3.50000000000000e+01 1.46492982408808e+01
3.60000000000000e+01 1.55803729357863e+01
3.70000000000000e+01 1.65438460636481e+01
3.80000000000000e+01 1.75393681426535e+01
3.90000000000000e+01 1.85669615732748e+01
4.00000000000000e+01 1.96261476221330e+01
4.10000000000000e+01 2.07162969916043e+01
4.20000000000000e+01 2.18370396890886e+01
4.30000000000000e+01 2.29874202695584e+01
4.40000000000000e+01 2.41662828385846e+01
4.50000000000000e+01 2.53727419451703e+01
4.60000000000000e+01 2.66052272893848e+01
4.70000000000000e+01 2.78619182858140e+01
4.80000000000000e+01 2.91412951666929e+01
4.90000000000000e+01 3.04410436997318e+01
5.00000000000000e+01 3.17585581157773e+01
5.10000000000000e+01 3.30915933699846e+01
5.20000000000000e+01 3.44369988962801e+01
5.30000000000000e+01 3.57915572551994e+01
5.40000000000000e+01 3.71515289757162e+01
5.50000000000000e+01 3.85136420760545e+01
5.60000000000000e+01 3.98736256002294e+01
5.70000000000000e+01 4.12272054412667e+01
5.80000000000000e+01 4.25695918520165e+01
5.90000000000000e+01 4.38966344339723e+01
6.00000000000000e+01 4.52031409505044e+01
