0.00000000000000e+00 0.00000000000000e+00
7.50000000000000e+00 8.02788494037343e-01
1.00000000000000e+01 1.43374982099254e+00
1.25000000000000e+01 2.25307013788088e+00
1.50000000000000e+01 3.26630802623851e+00
1.75000000000000e+01 4.47990925284680e+00
2.00000000000000e+01 5.90061005837148e+00
2.25000000000000e+01 7.53513377787708e+00
2.50000000000000e+01 9.38912017572259e+00
2.75000000000000e+01 1.14665286531853e+01
3.00000000000000e+01 1.37682494382782e+01
3.25000000000000e+01 1.62911459555148e+01
3.50000000000000e+01 1.90263286105838e+01
3.75000000000000e+01 2.19585416569859e+01
4.00000000000000e+01 2.50652889356378e+01
4.25000000000000e+01 2.83169920489042e+01
4.50000000000000e+01 3.16779320300472e+01
4.75000000000000e+01 3.51081880379541e+01
5.00000000000000e+01 3.85657030331752e+01
5.25000000000000e+01 4.20089981949210e+01
5.50000000000000e+01 4.53995855809718e+01
5.75000000000000e+01 4.87038507682596e+01
6.00000000000000e+01 5.18930697997657e+01
