0.00000000000000e+00 1.40272753875329e-06
2.50000000000000e+00 8.80882694482086e-02
5.00000000000000e+00 3.53054149752011e-01
7.50000000000000e+00 7.97013951419285e-01
1.00000000000000e+01 1.42353927125108e+00
1.25000000000000e+01 2.23772501167150e+00
1.50000000000000e+01 3.24629162796627e+00
1.75000000000000e+01 4.45771043662044e+00
2.00000000000000e+01 5.88238803136237e+00
2.25000000000000e+01 7.53287707033835e+00
2.50000000000000e+01 9.42415271830886e+00
2.75000000000000e+01 1.15739509245991e+01
3.00000000000000e+01 1.40032012733801e+01
3.25000000000000e+01 1.67365362192929e+01
3.50000000000000e+01 1.98029549124597e+01
3.75000000000000e+01 2.32366397941815e+01
4.00000000000000e+01 2.70779496064063e+01
4.25000000000000e+01 3.13747706848328e+01
4.50000000000000e+01 3.61841192324291e+01
4.75000000000000e+01 4.15742873838511e+01
5.00000000000000e+01 4.76275894404173e+01
5.25000000000000e+01 5.44440356414014e+01
5.50000000000000e+01 6.21461335284918e+01
5.75000000000000e+01 7.08854352609660e+01
6.00000000000000e+01 8.08514856130933e+01
