0.00000000000000e+00 0.00000000000000e+00
7.50000000000000e+00 8.36979490717089e-01
1.00000000000000e+01 1.49513870941869e+00
1.25000000000000e+01 2.35011695141728e+00
1.50000000000000e+01 3.40795393309044e+00
1.75000000000000e+01 4.67557598641214e+00
2.00000000000000e+01 6.16012514101735e+00
2.25000000000000e+01 7.86856155667510e+00
2.50000000000000e+01 9.80643772039218e+00
2.75000000000000e+01 1.19771491425654e+01
3.00000000000000e+01 1.43804066501080e+01
3.25000000000000e+01 1.70108759998523e+01
3.50000000000000e+01 1.98567883927742e+01
3.75000000000000e+01 2.28989256401410e+01
4.00000000000000e+01 2.61101654888471e+01
4.25000000000000e+01 2.94565164609506e+01
4.50000000000000e+01 3.28968577797654e+01
4.75000000000000e+01 3.63877771082946e+01
5.00000000000000e+01 3.98846253944530e+01
5.25000000000000e+01 4.33448996505734e+01
5.50000000000000e+01 4.67305708876904e+01
5.75000000000000e+01 5.00094299525483e+01
6.00000000000000e+01 5.31559786899441e+01
