0.00000000000000e+00 0.00000000000000e+00
7.50000000000000e+00 6.00878227158069e-01
1.00000000000000e+01 1.07359112361270e+00
1.25000000000000e+01 1.68805292446244e+00
1.50000000000000e+01 2.44905453968158e+00
1.75000000000000e+01 3.36261108791551e+00
2.00000000000000e+01 4.43543433595340e+00
2.25000000000000e+01 5.67515819896771e+00
2.50000000000000e+01 7.08969853315765e+00
2.75000000000000e+01 8.68724727112639e+00
3.00000000000000e+01 1.04755521162080e+01
3.25000000000000e+01 1.24612724460620e+01
3.50000000000000e+01 1.46490918160494e+01
3.75000000000000e+01 1.70405780104319e+01
4.00000000000000e+01 1.96333081098088e+01
4.25000000000000e+01 2.24191668155205e+01
4.50000000000000e+01 2.53839154591931e+01
4.75000000000000e+01 2.85063252901960e+01
5.00000000000000e+01 3.17585589824219e+01
5.25000000000000e+01 3.51069405203734e+01
5.50000000000000e+01 3.85136416493745e+01
5.75000000000000e+01 4.19390272760291e+01
6.00000000000000e+01 4.53437641979396e+01
