0.00000000000000e+00 0.00000000000000e+00 4.02764648808810e+00 2.78954433455534e+01 3.85836425671074e+01 8.25690978624903e+01 1.01750375324561e+02
1.00000000000000e+00 1.39694331038459e-02 4.02766031230534e+00 2.78972509993527e+01 3.85832428491684e+01 8.26018353626737e+01 1.01750798657377e+02
2.00000000000000e+00 5.58954242730858e-02 4.02766056958860e+00 2.78974096231431e+01 3.85832136468119e+01 8.26004808586151e+01 1.01748968458882e+02
3.00000000000000e+00 1.25831023596085e-01 4.02764465042601e+00 2.78951384726796e+01 3.85834570362882e+01 8.25657668654117e+01 1.01740342325406e+02
4.00000000000000e+00 2.23864474608762e-01 4.02764810027610e+00 2.78956873554617e+01 3.85835190604737e+01 8.25702885828946e+01 1.01720326370155e+02
5.00000000000000e+00 3.50118849613340e-01 4.02764795710573e+00 2.78954924019446e+01 3.85823580986660e+01 8.25690437548567e+01 1.01678417575376e+02
6.00000000000000e+00 5.04751773758762e-01 4.02764908936950e+00 2.78953894631751e+01 3.85804124444686e+01 8.25682513824471e+01 1.01602905245223e+02
7.00000000000000e+00 6.87954811071170e-01 4.02765140297520e+00 2.78952826097530e+01 3.85771455830675e+01 8.25673649397186e+01 1.01479379388108e+02
8.00000000000000e+00 8.99952789239284e-01 4.02765511527962e+00 2.78951273726642e+01 3.85720014604293e+01 8.25661122917800e+01 1.01291288206783e+02
9.00000000000000e+00 1.14100293917075e+00 4.02766073662999e+00 2.78949175466667e+01 3.85643798458501e+01 8.25644429930542e+01 1.01020449998252e+02
1.00000000000000e+01 1.41142028875054e+00 4.02766868428532e+00 2.78946133628858e+01 3.85535500630725e+01 8.25620906819910e+01 1.00647748358245e+02
1.10000000000000e+01 1.71147681993726e+00 4.02767955960953e+00 2.78941966160743e+01 3.85387102901095e+01 8.25589200318681e+01 1.00154294484495e+02
1.20000000000000e+01 2.04154079983593e+00 4.02769398718274e+00 2.78936344125651e+01 3.85189347259105e+01 8.25546944258032e+01 9.95224172922059e+01
1.30000000000000e+01 2.40198621422326e+00 4.02771272442650e+00 2.78929021377102e+01 3.84931942203768e+01 8.25492166691905e+01 9.87370581240107e+01
1.40000000000000e+01 2.79325751630669e+00 4.02773659940978e+00 2.78919680813714e+01 3.84603245232112e+01 8.25422254454983e+01 9.77868128525069e+01
1.50000000000000e+01 3.21569191395070e+00 4.02776648426815e+00 2.78907914438267e+01 3.84190275644266e+01 8.25333697682856e+01 9.66653159750454e+01
1.60000000000000e+01 3.66976781410014e+00 4.02780340322761e+00 2.78893378810216e+01 3.83678550748272e+01 8.25222816981046e+01 9.53712362300119e+01
1.70000000000000e+01 4.15600038196598e+00 4.02784844299845e+00 2.78875610242749e+01 3.83051780042622e+01 8.25084106193125e+01 9.39086526376331e+01
1.80000000000000e+01 4.67474754660998e+00 4.02790278334990e+00 2.78854151647001e+01 3.82292102780005e+01 8.24909960805087e+01 9.22875273692931e+01
1.90000000000000e+01 5.22659934645498e+00 4.02796772364595e+00 2.78828452020859e+01 3.81379283304435e+01 8.24687300566468e+01 9.05222062327284e+01
2.00000000000000e+01 5.81191449954782e+00 4.02804467087320e+00 2.78797968241328e+01 3.80291298329189e+01 8.24390219961758e+01 8.86329008744037e+01
2.10000000000000e+01 6.43128992563192e+00 4.02813515804001e+00 2.78762087841325e+01 3.79003303809328e+01 8.23948092180872e+01 8.66464630555119e+01
2.20000000000000e+01 7.08506345871178e+00 4.02824081266318e+00 2.78720144652026e+01 3.77488409974704e+01 8.23048251727798e+01 8.46168677274685e+01
2.40000000000000e+01 8.49782213696230e+00 4.02850487387995e+00 2.78615179120833e+01 3.73655803510586e+01 8.25004743488899e+01 8.00095633432723e+01
2.50000000000000e+01 9.25761741444352e+00 4.02866721099530e+00 2.78550557453280e+01 3.71271017887328e+01 8.24033916573337e+01 7.78629832875759e+01
2.60000000000000e+01 1.00534031194434e+01 4.02885256466520e+00 2.78476697531274e+01 3.68526075657791e+01 8.23382334518256e+01 7.56911632507442e+01
2.70000000000000e+01 1.08855306527261e+01 4.02906327089093e+00 2.78392646721717e+01 3.65383179863120e+01 8.22776440538863e+01 7.35437224071430e+01
2.80000000000000e+01 1.17543020404607e+01 4.02930175765627e+00 2.78297382042631e+01 3.61804685512453e+01 8.22149914375401e+01 7.14479811963805e+01
2.90000000000000e+01 1.26597045821976e+01 4.02957057026131e+00 2.78189837388341e+01 3.57756175852544e+01 8.21476331414096e+01 6.94258583743670e+01
3.00000000000000e+01 1.36019422093774e+01 4.02987245243951e+00 2.78068822112179e+01 3.53206642116830e+01 8.20740834564605e+01 6.74949704444668e+01
3.10000000000000e+01 1.45808056856469e+01 4.03021016777641e+00 2.77933084574025e+01 3.48134346506999e+01 8.19933308001271e+01 6.56703749333092e+01
3.20000000000000e+01 1.55961936796849e+01 4.03058667257474e+00 2.77781212636148e+01 3.42527607782856e+01 8.19045498620572e+01 6.39633506412628e+01
3.30000000000000e+01 1.66478842374374e+01 4.03100504132174e+00 2.77611594043485e+01 3.36388918487396e+01 8.18070175683644e+01 6.23817537778201e+01
3.40000000000000e+01 1.77352588055939e+01 4.03146831914497e+00 2.77422357516277e+01 3.29739131370402e+01 8.17001029047949e+01 6.09302688218671e+01
3.50000000000000e+01 1.88577820138422e+01 4.03197974882269e+00 2.77211047863540e+01 3.22615810972311e+01 8.15832030729554e+01 5.96097214417665e+01
3.60000000000000e+01 2.00146676353351e+01 4.03254255857264e+00 2.76974127620477e+01 3.15074962368927e+01 8.14557677850743e+01 5.84178285034526e+01
3.70000000000000e+01 2.12050384719814e+01 4.03316006539800e+00 2.76705517237202e+01 3.07188843971668e+01 8.13172855891259e+01 5.73494375584316e+01
3.80000000000000e+01 2.24275542085680e+01 4.03383545070688e+00 2.76392184494114e+01 2.99048920125738e+01 8.11673306493704e+01 5.63974288717791e+01
3.90000000000000e+01 2.36809409301038e+01 4.03457196076177e+00 2.75994962038655e+01 2.90776436453489e+01 8.10055069434934e+01 5.55529011726433e+01
4.00000000000000e+01 2.49636348009665e+01 4.03537278396700e+00 2.75307954004880e+01 2.82660599623158e+01 8.08314979753954e+01 5.48061600638354e+01
4.10000000000000e+01 2.62738675497731e+01 4.03624094855654e+00 2.72112394348646e+01 2.76999850982246e+01 8.06450649337850e+01 5.41472200944678e+01
4.30000000000000e+01 2.89689653390544e+01 4.03819091385199e+00 2.75201295541492e+01 2.56319616541626e+01 8.02343933712666e+01 5.30539819030185e+01
4.40000000000000e+01 3.03492189570768e+01 4.03927789839000e+00 2.74719782016313e+01 2.48184542293493e+01 8.00101500306530e+01 5.26018360495428e+01
4.50000000000000e+01 3.17479962808364e+01 4.04044266786929e+00 2.74245536000406e+01 2.40223257353047e+01 7.97734547045222e+01 5.22020374242793e+01
4.60000000000000e+01 3.31626177389056e+01 4.04168721976534e+00 2.73759013164131e+01 2.32489654814917e+01 7.95245583210892e+01 5.18476772602982e+01
4.70000000000000e+01 3.45902704136336e+01 4.04301321441443e+00 2.73252915623601e+01 2.25016714050071e+01 7.92638187179210e+01 5.15326744853353e+01
4.80000000000000e+01 3.60279407029225e+01 4.04442185014356e+00 2.72724050277607e+01 2.17826225191445e+01 7.89917176848391e+01 5.12517368088510e+01
4.90000000000000e+01 3.74728105620054e+01 4.04591430127318e+00 2.72170851383440e+01 2.10930328353671e+01 7.87087818874893e+01 5.10002243309761e+01
5.00000000000000e+01 3.89217299349815e+01 4.04749102216000e+00 2.71592770108630e+01 2.04336362290644e+01 7.84156873870874e+01 5.07741738867494e+01
5.10000000000000e+01 4.03716195161251e+01 4.04915217772339e+00 2.70989772568036e+01 1.98046248880681e+01 7.81131772006102e+01 5.05701530286405e+01
5.20000000000000e+01 4.18194080720121e+01 4.05089752035203e+00 2.70362206422321e+01 1.92058058777185e+01 7.78020685254381e+01 5.03852067494664e+01
5.30000000000000e+01 4.32620627876594e+01 4.05272643326442e+00 2.69710709054511e+01 1.86366875625883e+01 7.74832407437202e+01 5.02167930321158e+01
5.40000000000000e+01 4.46966184894400e+01 4.05463790045188e+00 2.69036149700560e+01 1.80965508678338e+01 7.71576216063041e+01 5.00627251153236e+01
5.50000000000000e+01 4.61202050391480e+01 4.05663050004038e+00 2.68339589704231e+01 1.75845077277527e+01 7.68261732297549e+01 4.99211213641495e+01
5.60000000000000e+01 4.75299896456089e+01 4.05870233190506e+00 2.67622302040831e+01 1.70995794279520e+01 7.64899002627863e+01 4.97903676582554e+01
5.70000000000000e+01 4.89235334472520e+01 4.06085159193596e+00 2.66885540061930e+01 1.66406111838116e+01 7.61497457201542e+01 4.96690557443259e+01
5.80000000000000e+01 5.02983021941348e+01 4.06307576384391e+00 2.66130818904178e+01 1.62064940698967e+01 7.58067133077277e+01 4.95559888104589e+01
5.90000000000000e+01 5.16520244554754e+01 4.06537211385900e+00 2.65359687977037e+01 1.57960602054306e+01 7.54617641015510e+01 4.94501280180277e+01
6.00000000000000e+01 5.29826164294033e+01 4.06773775979575e+00 2.64573760491810e+01 1.54081358529031e+01 7.51158284702859e+01 4.93505759882206e+01
