0.00000000000000e+00 0.00000000000000e+00 4.02764648808810e+00 2.78954433455534e+01 3.85836425671074e+01 8.25690978624903e+01 1.01750375324561e+02
1.00000000000000e+00 1.39694345037108e-02 4.02764648808810e+00 2.78954433455534e+01 3.85836425671074e+01 8.25690978624903e+01 1.01750375324561e+02
2.00000000000000e+00 5.58954537740648e-02 4.02764648808810e+00 2.78954433455534e+01 3.85836425671074e+01 8.25690978624903e+01 1.01750375324561e+02
3.00000000000000e+00 1.25831256453764e-01 4.02764648808810e+00 2.78954433455534e+01 3.85836425671074e+01 8.25690978624903e+01 1.01750375324561e+02
4.00000000000000e+00 2.23865678432444e-01 4.02764648808810e+00 2.78954433455534e+01 3.85836425671074e+01 8.25690978624903e+01 1.01750375324561e+02
5.00000000000000e+00 3.50123451015737e-01 4.02764648808810e+00 2.78954433455534e+01 3.85836425671074e+01 8.25690978624903e+01 1.01750375324561e+02
6.00000000000000e+00 5.04765564252455e-01 4.02764648808810e+00 2.78954433455534e+01 3.85836425671074e+01 8.25690978624903e+01 1.01750375324561e+02
7.00000000000000e+00 6.87989737328621e-01 4.02764648808810e+00 2.78954433455534e+01 3.85836425671074e+01 8.25690978624903e+01 1.01750375324561e+02
8.00000000000000e+00 9.00030998508697e-01 4.02764648808810e+00 2.78954433455534e+01 3.85836425671074e+01 8.25690978624903e+01 1.01750375324561e+02
9.00000000000000e+00 1.14116237769608e+00 4.02764648808810e+00 2.78954433455534e+01 3.85836425671074e+01 8.25690978624903e+01 1.01750375324561e+02
1.00000000000000e+01 1.41169571530163e+00 4.02764648808810e+00 2.78954433455534e+01 3.85836425671074e+01 8.25690978624903e+01 1.01750375324561e+02
1.10000000000000e+01 1.71198259175603e+00 4.02764648808810e+00 2.78954433455534e+01 3.85836425671074e+01 8.25690978624903e+01 1.01750375324561e+02
1.20000000000000e+01 2.04241538268424e+00 4.02764648808810e+00 2.78954433455534e+01 3.85836425671074e+01 8.25690978624903e+01 1.01750375324561e+02
1.30000000000000e+01 2.40342844548499e+00 4.02764648808810e+00 2.78954433455534e+01 3.85836425671074e+01 8.25690978624903e+01 1.01750375324561e+02
1.40000000000000e+01 2.79555722975572e+00 4.02764648808810e+00 2.78954433455534e+01 3.85836425671074e+01 8.25690978624903e+01 1.01750375324561e+02
1.50000000000000e+01 3.21921927928284e+00 4.02764648808810e+00 2.78954433455534e+01 3.85836425671074e+01 8.25690978624903e+01 1.01750375324561e+02
1.60000000000000e+01 3.67503196388263e+00 4.02764648808810e+00 2.78954433455534e+01 3.85836425671074e+01 8.25690978624903e+01 1.01750375324561e+02
1.70000000000000e+01 4.16361248013368e+00 4.02764648808810e+00 2.78954433455534e+01 3.85836425671074e+01 8.25690978624903e+01 1.01750375324561e+02
1.80000000000000e+01 4.68562819300714e+00 4.02764648808810e+00 2.78954433455534e+01 3.85836425671074e+01 8.25690978624903e+01 1.01750375324561e+02
1.90000000000000e+01 5.24179878233719e+00 4.02764648808810e+00 2.78954433455534e+01 3.85836425671074e+01 8.25690978624903e+01 1.01750375324561e+02
2.00000000000000e+01 5.83301738682106e+00 4.02764648808810e+00 2.78954433455534e+01 3.85836425671074e+01 8.25690978624903e+01 1.01750375324561e+02
2.10000000000000e+01 6.45989614220317e+00 4.02764648808810e+00 2.78954433455534e+01 3.85836425671074e+01 8.25690978624903e+01 1.01750375324561e+02
2.20000000000000e+01 7.12342960145510e+00 4.02764648808810e+00 2.78954433455534e+01 3.85836425671074e+01 8.25690978624903e+01 1.01750375324561e+02
2.40000000000000e+01 7.82457265344832e+00 4.02764648808810e+00 2.78954433455534e+01 3.85836425671074e+01 8.25690978624903e+01 1.01750375324561e+02
2.50000000000000e+01 8.56434654423486e+00 4.02764648808810e+00 2.78954433455534e+01 3.85836425671074e+01 8.25690978624903e+01 1.01750375324561e+02
2.60000000000000e+01 9.34403507851789e+00 4.02764648808810e+00 2.78954433455534e+01 3.85836425671074e+01 8.25690978624903e+01 1.01750375324561e+02
2.70000000000000e+01 1.01644457545182e+01 4.02764648808810e+00 2.78954433455534e+01 3.85836425671074e+01 8.25690978624903e+01 1.01750375324561e+02
2.80000000000000e+01 1.10269902636191e+01 4.02764648808810e+00 2.78954433455534e+01 3.85836425671074e+01 8.25690978624903e+01 1.01750375324561e+02
2.90000000000000e+01 1.19329948178423e+01 4.02764648808810e+00 2.78954433455534e+01 3.85836425671074e+01 8.25690978624903e+01 1.01750375324561e+02
3.00000000000000e+01 1.28841414770538e+01 4.02764648808810e+00 2.78954433455534e+01 3.85836425671074e+01 8.25690978624903e+01 1.01750375324561e+02
3.10000000000000e+01 1.38814391089088e+01 4.02764648808810e+00 2.78954433455534e+01 3.85836425671074e+01 8.25690978624903e+01 1.01750375324561e+02
3.20000000000000e+01 1.49267290230335e+01 4.02764648808810e+00 2.78954433455534e+01 3.85836425671074e+01 8.25690978624903e+01 1.01750375324561e+02
3.30000000000000e+01 1.60217233802748e+01 4.02764648808810e+00 2.78954433455534e+01 3.85836425671074e+01 8.25690978624903e+01 1.01750375324561e+02
3.40000000000000e+01 1.71686217821252e+01 4.02764648808810e+00 2.78954433455534e+01 3.85836425671074e+01 8.25690978624903e+01 1.01750375324561e+02
3.50000000000000e+01 1.83686728806467e+01 4.02764648808810e+00 2.78954433455534e+01 3.85836425671074e+01 8.25690978624903e+01 1.01750375324561e+02
3.60000000000000e+01 1.96242785551724e+01 4.02764648808810e+00 2.78954433455534e+01 3.85836425671074e+01 8.25690978624903e+01 1.01750375324561e+02
3.70000000000000e+01 2.09381140467822e+01 4.02764648808810e+00 2.78954433455534e+01 3.85836425671074e+01 8.25690978624903e+01 1.01750375324561e+02
3.80000000000000e+01 2.23116787037056e+01 4.02764648808810e+00 2.78954433455534e+01 3.85836425671074e+01 8.25690978624903e+01 1.01750375324561e+02
3.90000000000000e+01 2.37484009262560e+01 4.02764648808810e+00 2.78954433455534e+01 3.85836425671074e+01 8.25690978624903e+01 1.01750375324561e+02
4.00000000000000e+01 2.52500335112496e+01 4.02764648808810e+00 2.78954433455534e+01 3.85836425671074e+01 8.25690978624903e+01 1.01750375324561e+02
4.10000000000000e+01 2.68198890503344e+01 4.02764648808810e+00 2.78954433455534e+01 3.85836425671074e+01 8.25690978624903e+01 1.01750375324561e+02
4.30000000000000e+01 2.84616792848040e+01 4.02764648808810e+00 2.78954433455534e+01 3.85836425671074e+01 8.25690978624903e+01 1.01750375324561e+02
4.40000000000000e+01 3.01775019572806e+01 4.02764648808810e+00 2.78954433455534e+01 3.85836425671074e+01 8.25690978624903e+01 1.01750375324561e+02
4.50000000000000e+01 3.19721438933090e+01 4.02764648808810e+00 2.78954433455534e+01 3.85836425671074e+01 8.25690978624903e+01 1.01750375324561e+02
4.60000000000000e+01 3.38480490467304e+01 4.02764648808810e+00 2.78954433455534e+01 3.85836425671074e+01 8.25690978624903e+01 1.01750375324561e+02
4.70000000000000e+01 3.58106785937798e+01 4.02764648808810e+00 2.78954433455534e+01 3.85836425671074e+01 8.25690978624903e+01 1.01750375324561e+02
4.80000000000000e+01 3.78628744701686e+01 4.02764648808810e+00 2.78954433455534e+01 3.85836425671074e+01 8.25690978624903e+01 1.01750375324561e+02
4.90000000000000e+01 4.00109015940259e+01 4.02764648808810e+00 2.78954433455534e+01 3.85836425671074e+01 8.25690978624903e+01 1.01750375324561e+02
5.00000000000000e+01 4.22589714964166e+01 4.02764648808810e+00 2.78954433455534e+01 3.85836425671074e+01 8.25690978624903e+01 1.01750375324561e+02
5.10000000000000e+01 4.46115806800592e+01 4.02764648808810e+00 2.78954433455534e+01 3.85836425671074e+01 8.25690978624903e+01 1.01750375324561e+02
5.20000000000000e+01 4.70763551007352e+01 4.02764648808810e+00 2.78954433455534e+01 3.85836425671074e+01 8.25690978624903e+01 1.01750375324561e+02
5.30000000000000e+01 4.96575899593820e+01 4.02764648808810e+00 2.78954433455534e+01 3.85836425671074e+01 8.25690978624903e+01 1.01750375324561e+02
5.40000000000000e+01 5.23641737648628e+01 4.02764648808810e+00 2.78954433455534e+01 3.85836425671074e+01 8.25690978624903e+01 1.01750375324561e+02
5.50000000000000e+01 5.52023562546010e+01 4.02764648808810e+00 2.78954433455534e+01 3.85836425671074e+01 8.25690978624903e+01 1.01750375324561e+02
5.60000000000000e+01 5.81800486358944e+01 4.02764648808810e+00 2.78954433455534e+01 3.85836425671074e+01 8.25690978624903e+01 1.01750375324561e+02
5.70000000000000e+01 6.13044998191285e+01 4.02764648808810e+00 2.78954433455534e+01 3.85836425671074e+01 8.25690978624903e+01 1.01750375324561e+02
5.80000000000000e+01 6.45876078895274e+01 4.02764648808810e+00 2.78954433455534e+01 3.85836425671074e+01 8.25690978624903e+01 1.01750375324561e+02
5.90000000000000e+01 6.80381759661676e+01 4.02764648808810e+00 2.78954433455534e+01 3.85836425671074e+01 8.25690978624903e+01 1.01750375324561e+02
6.00000000000000e+01 7.16671830431745e+01 4.02764648808810e+00 2.78954433455534e+01 3.85836425671074e+01 8.25690978624903e+01 1.01750375324561e+02
