0.00000000000000e+00 0.00000000000000e+00 4.02764648808810e+00 2.78954433455534e+01 3.85836425671074e+01 8.25690978624903e+01 1.01750375324561e+02
1.00000000000000e+00 1.39694345104888e-02 4.02764648808810e+00 2.78954433455534e+01 3.85836425671074e+01 8.25690978624903e+01 1.01750375324561e+02
2.00000000000000e+00 5.58954538823308e-02 4.02764648808810e+00 2.78954433455534e+01 3.85836425671074e+01 8.25690978624903e+01 1.01750375324561e+02
3.00000000000000e+00 1.25831257000319e-01 4.02764648808810e+00 2.78954433455534e+01 3.85836425671074e+01 8.25690978624903e+01 1.01750375324561e+02
4.00000000000000e+00 2.23865680152978e-01 4.02764648808810e+00 2.78954433455534e+01 3.85836425671074e+01 8.25690978624903e+01 1.01750375324561e+02
5.00000000000000e+00 3.50123455194626e-01 4.02764648808810e+00 2.78954433455534e+01 3.85836425671074e+01 8.25690978624903e+01 1.01750375324561e+02
6.00000000000000e+00 5.04765572862550e-01 4.02764648808810e+00 2.78954433455534e+01 3.85836425671074e+01 8.25690978624903e+01 1.01750375324561e+02
7.00000000000000e+00 6.87989753157819e-01 4.02764648808810e+00 2.78954433455534e+01 3.85836425671074e+01 8.25690978624903e+01 1.01750375324561e+02
8.00000000000000e+00 9.00047352657881e-01 4.02764648808810e+00 2.78954433455534e+01 3.85836425671074e+01 8.25690978624903e+01 1.01750375324561e+02
9.00000000000000e+00 1.14118347526636e+00 4.02764648808810e+00 2.78954433455534e+01 3.85836425671074e+01 8.25690978624903e+01 1.01750375324561e+02
1.00000000000000e+01 1.41172232224916e+00 4.02764648808810e+00 2.78954433455534e+01 3.85836425671074e+01 8.25690978624903e+01 1.01750375324561e+02
1.10000000000000e+01 1.71204192663897e+00 4.02764648808810e+00 2.78954433455534e+01 3.85836425671074e+01 8.25690978624903e+01 1.01750375324561e+02
1.20000000000000e+01 2.04248783341644e+00 4.02764648808810e+00 2.78954433455534e+01 3.85836425671074e+01 8.25690978624903e+01 1.01750375324561e+02
1.30000000000000e+01 2.40354711141333e+00 4.02764648808810e+00 2.78954433455534e+01 3.85836425671074e+01 8.25690978624903e+01 1.01750375324561e+02
1.40000000000000e+01 2.79564128649017e+00 4.02764648808810e+00 2.78954433455534e+01 3.85836425671074e+01 8.25690978624903e+01 1.01750375324561e+02
1.50000000000000e+01 3.21935466769282e+00 4.02764648808810e+00 2.78954433455534e+01 3.85836425671074e+01 8.25690978624903e+01 1.01750375324561e+02
1.60000000000000e+01 3.67522541606446e+00 4.02764648808810e+00 2.78954433455534e+01 3.85836425671074e+01 8.25690978624903e+01 1.01750375324561e+02
1.70000000000000e+01 4.16383925559034e+00 4.02764648808810e+00 2.78954433455534e+01 3.85836425671074e+01 8.25690978624903e+01 1.01750375324561e+02
1.80000000000000e+01 4.68593024771069e+00 4.02764648808810e+00 2.78954433455534e+01 3.85836425671074e+01 8.25690978624903e+01 1.01750375324561e+02
1.90000000000000e+01 5.24214985453038e+00 4.02764648808810e+00 2.78954433455534e+01 3.85836425671074e+01 8.25690978624903e+01 1.01750375324561e+02
2.00000000000000e+01 5.83334620765674e+00 4.02764648808810e+00 2.78954433455534e+01 3.85836425671074e+01 8.25690978624903e+01 1.01750375324561e+02
2.10000000000000e+01 6.46031471678090e+00 4.02764648808810e+00 2.78954433455534e+01 3.85836425671074e+01 8.25690978624903e+01 1.01750375324561e+02
2.20000000000000e+01 7.12391251564614e+00 4.02764648808810e+00 2.78954433455534e+01 3.85836425671074e+01 8.25690978624903e+01 1.01750375324561e+02
2.40000000000000e+01 7.82517033334886e+00 4.02764648808810e+00 2.78954433455534e+01 3.85836425671074e+01 8.25690978624903e+01 1.01750375324561e+02
2.50000000000000e+01 8.56503377625707e+00 4.02764648808810e+00 2.78954433455534e+01 3.85836425671074e+01 8.25690978624903e+01 1.01750375324561e+02
2.60000000000000e+01 9.34467667991191e+00 4.02764648808810e+00 2.78954433455534e+01 3.85836425671074e+01 8.25690978624903e+01 1.01750375324561e+02
2.70000000000000e+01 1.01651825381289e+01 4.02764648808810e+00 2.78954433455534e+01 3.85836425671074e+01 8.25690978624903e+01 1.01750375324561e+02
2.80000000000000e+01 1.10278845271537e+01 4.02764648808810e+00 2.78954433455534e+01 3.85836425671074e+01 8.25690978624903e+01 1.01750375324561e+02
2.90000000000000e+01 1.19340205574787e+01 4.02764648808810e+00 2.78954433455534e+01 3.85836425671074e+01 8.25690978624903e+01 1.01750375324561e+02
3.00000000000000e+01 1.28851025125520e+01 4.02764648808810e+00 2.78954433455534e+01 3.85836425671074e+01 8.25690978624903e+01 1.01750375324561e+02
3.10000000000000e+01 1.38825420703399e+01 4.02764648808810e+00 2.78954433455534e+01 3.85836425671074e+01 8.25690978624903e+01 1.01750375324561e+02
3.20000000000000e+01 1.49280528900221e+01 4.02764648808810e+00 2.78954433455534e+01 3.85836425671074e+01 8.25690978624903e+01 1.01750375324561e+02
3.30000000000000e+01 1.60232431348042e+01 4.02764648808810e+00 2.78954433455534e+01 3.85836425671074e+01 8.25690978624903e+01 1.01750375324561e+02
3.40000000000000e+01 1.71699916553699e+01 4.02764648808810e+00 2.78954433455534e+01 3.85836425671074e+01 8.25690978624903e+01 1.01750375324561e+02
3.50000000000000e+01 1.83703220486893e+01 4.02764648808810e+00 2.78954433455534e+01 3.85836425671074e+01 8.25690978624903e+01 1.01750375324561e+02
3.60000000000000e+01 1.96261759541040e+01 4.02764648808810e+00 2.78954433455534e+01 3.85836425671074e+01 8.25690978624903e+01 1.01750375324561e+02
3.70000000000000e+01 2.09399170327926e+01 4.02764648808810e+00 2.78954433455534e+01 3.85836425671074e+01 8.25690978624903e+01 1.01750375324561e+02
3.80000000000000e+01 2.23137584362924e+01 4.02764648808810e+00 2.78954433455534e+01 3.85836425671074e+01 8.25690978624903e+01 1.01750375324561e+02
3.90000000000000e+01 2.37503888652986e+01 4.02764648808810e+00 2.78954433455534e+01 3.85836425671074e+01 8.25690978624903e+01 1.01750375324561e+02
4.00000000000000e+01 2.52523335202284e+01 4.02764648808810e+00 2.78954433455534e+01 3.85836425671074e+01 8.25690978624903e+01 1.01750375324561e+02
4.10000000000000e+01 2.68226580516230e+01 4.02764648808810e+00 2.78954433455534e+01 3.85836425671074e+01 8.25690978624903e+01 1.01750375324561e+02
4.30000000000000e+01 2.84642479536687e+01 4.02764648808810e+00 2.78954433455534e+01 3.85836425671074e+01 8.25690978624903e+01 1.01750375324561e+02
4.40000000000000e+01 3.01806085390769e+01 4.02764648808810e+00 2.78954433455534e+01 3.85836425671074e+01 8.25690978624903e+01 1.01750375324561e+02
4.50000000000000e+01 3.19750432160639e+01 4.02764648808810e+00 2.78954433455534e+01 3.85836425671074e+01 8.25690978624903e+01 1.01750375324561e+02
4.60000000000000e+01 3.38515731016168e+01 4.02764648808810e+00 2.78954433455534e+01 3.85836425671074e+01 8.25690978624903e+01 1.01750375324561e+02
4.70000000000000e+01 3.58139885836120e+01 4.02764648808810e+00 2.78954433455534e+01 3.85836425671074e+01 8.25690978624903e+01 1.01750375324561e+02
4.80000000000000e+01 3.78669195473987e+01 4.02764648808810e+00 2.78954433455534e+01 3.85836425671074e+01 8.25690978624903e+01 1.01750375324561e+02
4.90000000000000e+01 4.00147264486879e+01 4.02764648808810e+00 2.78954433455534e+01 3.85836425671074e+01 8.25690978624903e+01 1.01750375324561e+02
5.00000000000000e+01 4.22627621388780e+01 4.02764648808810e+00 2.78954433455534e+01 3.85836425671074e+01 8.25690978624903e+01 1.01750375324561e+02
5.10000000000000e+01 4.46162597413511e+01 4.02764648808810e+00 2.78954433455534e+01 3.85836425671074e+01 8.25690978624903e+01 1.01750375324561e+02
5.20000000000000e+01 4.70808294659374e+01 4.02764648808810e+00 2.78954433455534e+01 3.85836425671074e+01 8.25690978624903e+01 1.01750375324561e+02
5.30000000000000e+01 4.96631488410097e+01 4.02764648808810e+00 2.78954433455534e+01 3.85836425671074e+01 8.25690978624903e+01 1.01750375324561e+02
5.40000000000000e+01 5.23697838329373e+01 4.02764648808810e+00 2.78954433455534e+01 3.85836425671074e+01 8.25690978624903e+01 1.01750375324561e+02
5.50000000000000e+01 5.52077847579038e+01 4.02764648808810e+00 2.78954433455534e+01 3.85836425671074e+01 8.25690978624903e+01 1.01750375324561e+02
5.60000000000000e+01 5.81855809798703e+01 4.02764648808810e+00 2.78954433455534e+01 3.85836425671074e+01 8.25690978624903e+01 1.01750375324561e+02
5.70000000000000e+01 6.13114895122241e+01 4.02764648808810e+00 2.78954433455534e+01 3.85836425671074e+01 8.25690978624903e+01 1.01750375324561e+02
5.80000000000000e+01 6.45948081825912e+01 4.02764648808810e+00 2.78954433455534e+01 3.85836425671074e+01 8.25690978624903e+01 1.01750375324561e+02
5.90000000000000e+01 6.80456360007374e+01 4.02764648808810e+00 2.78954433455534e+01 3.85836425671074e+01 8.25690978624903e+01 1.01750375324561e+02
6.00000000000000e+01 7.16749576207967e+01 4.02764648808810e+00 2.78954433455534e+01 3.85836425671074e+01 8.25690978624903e+01 1.01750375324561e+02
