2.50000000000000e+00 1.61553920644158e-02 4.04366714617952e+00 2.75182238859692e+01 3.82957987447946e+01 8.10793053354457e+01 1.03238241160704e+02
5.00000000000000e+00 6.47751318898376e-02 4.04354459687334e+00 2.75180647310261e+01 3.82954645194141e+01 8.10791461805026e+01 1.03235837921064e+02
7.50000000000000e+00 8.36979448095114e-01 4.04357483631253e+00 2.75174758577367e+01 3.82890505752075e+01 8.10758039266977e+01 1.02888068454913e+02
1.00000000000000e+01 1.49513936076034e+00 4.04361939969660e+00 2.75165527590667e+01 3.82714639539959e+01 8.10691194190878e+01 1.02152852195300e+02
1.25000000000000e+01 2.35007863907106e+00 4.04394089268164e+00 2.75150726180960e+01 3.82323595844782e+01 8.10550342066242e+01 1.00682976718375e+02
1.50000000000000e+01 3.40795012214816e+00 4.04387563915498e+00 2.75118576882455e+01 3.81563471836575e+01 8.10274526549864e+01 9.82579646814727e+01
1.75000000000000e+01 4.67536477928143e+00 4.04547992098134e+00 2.75085154344406e+01 3.80296757644507e+01 8.09779872986734e+01 9.48154910088779e+01
2.00000000000000e+01 6.16010845903475e+00 4.04471438570507e+00 2.74998414900421e+01 3.78194161691320e+01 8.08785154592410e+01 9.04871609230337e+01
2.25000000000000e+01 7.86855024378854e+00 4.04482420261580e+00 2.74884300806224e+01 3.75025068464474e+01 8.06218621980110e+01 8.56362296660529e+01
2.50000000000000e+01 9.80628263163529e+00 4.04805823105943e+00 2.74756021922092e+01 3.70460823006484e+01 8.18423896255941e+01 7.89579768454568e+01
2.75000000000000e+01 1.19770703286080e+01 4.04659559713242e+00 2.74512833169047e+01 3.63887883011732e+01 8.10844619556019e+01 7.42414678534114e+01
3.00000000000000e+01 1.43803713625338e+01 4.04730542817861e+00 2.74212985256262e+01 3.54996692115903e+01 8.08122115099489e+01 6.93405937752883e+01
3.25000000000000e+01 1.70107205442198e+01 4.05141799190810e+00 2.73848679591525e+01 3.43457799586798e+01 8.05665717707809e+01 6.49555726987148e+01
3.50000000000000e+01 1.98566782596818e+01 4.05056173831427e+00 2.73297207713712e+01 3.29068760336803e+01 8.02830849861456e+01 6.12794277386725e+01
3.75000000000000e+01 2.28987426041895e+01 4.05170447080567e+00 2.72582442864286e+01 3.12427201177228e+01 7.99489232676299e+01 5.83597780541346e+01
4.00000000000000e+01 2.61083818346292e+01 4.05577087960166e+00 2.71549686438563e+01 2.94571448956805e+01 7.95561766145620e+01 5.61365744850725e+01
4.25000000000000e+01 2.94558966034073e+01 4.05294906246064e+00 2.77810046125082e+01 2.68653703094062e+01 7.90924150258865e+01 5.44792463161737e+01
4.50000000000000e+01 3.28960013162140e+01 4.05336445686211e+00 2.71623534332157e+01 2.55645810440219e+01 7.85672196291776e+01 5.32630956495256e+01
4.75000000000000e+01 3.63865749142455e+01 4.05317824557870e+00 2.69833677842146e+01 2.39242347075509e+01 7.79815294385994e+01 5.23673875452987e+01
5.00000000000000e+01 3.98822590552492e+01 4.05358249913415e+00 2.68322660812431e+01 2.23941986621370e+01 7.73440024830562e+01 5.17026928409697e+01
5.25000000000000e+01 4.33422967043465e+01 4.05109649892306e+00 2.66740501523155e+01 2.10137046012522e+01 7.66614346786180e+01 5.11990151925668e+01
5.50000000000000e+01 4.67278404601534e+01 4.04873782266643e+00 2.65070966170121e+01 1.97890709761373e+01 7.59476884208280e+01 5.08129689626031e+01
5.75000000000000e+01 5.00057536347855e+01 4.04407458283384e+00 2.63286520948174e+01 1.87089659548442e+01 7.52125676541809e+01 5.05089352748146e+01
6.00000000000000e+01 5.31519566592201e+01 4.03797258231570e+00 2.61406264450487e+01 1.77593202404035e+01 7.44674678726019e+01 5.02648711695832e+01
