0.00000000000000e+00 0.00000000000000e+00 4.05061648831170e+00 2.77191544487063e+01 3.82143282112938e+01 8.19050057167764e+01 1.04192854691316e+02
2.50000000000000e+00 1.61800251098323e-02 4.05061842705948e+00 2.77194660847808e+01 3.82144243126945e+01 8.19090785424031e+01 1.04192655950435e+02
5.00000000000000e+00 6.48731312511856e-02 4.05061652474192e+00 2.77191552267585e+01 3.82143611979551e+01 8.19050089898228e+01 1.04189815536090e+02
7.50000000000000e+00 8.37152728212500e-01 4.05062394472447e+00 2.77189017475992e+01 3.82050411911566e+01 8.19026611020788e+01 1.03768417429359e+02
1.00000000000000e+01 1.49545611730152e+00 4.05064150091977e+00 2.77182558474901e+01 3.81828704771112e+01 8.18977991769248e+01 1.02880952164020e+02
1.25000000000000e+01 2.35069315764173e+00 4.05067970640897e+00 2.77168291398492e+01 3.81343837098259e+01 8.18874218545330e+01 1.01120234450623e+02
1.50000000000000e+01 3.40894872564048e+00 4.05075111270165e+00 2.77141382569325e+01 3.80432059676713e+01 8.18678886206465e+01 9.82513563368504e+01
1.75000000000000e+01 4.67726166939782e+00 4.05087194401726e+00 2.77095593873217e+01 3.78875302678283e+01 8.18334337589785e+01 9.42411790079105e+01
2.00000000000000e+01 6.16296771540547e+00 4.05106258398877e+00 2.77023049938882e+01 3.76387661058541e+01 8.17711328375069e+01 8.92823365940956e+01
2.25000000000000e+01 7.87333206335403e+00 4.05134802168205e+00 2.76914026721712e+01 3.72598934686904e+01 8.15780552815879e+01 8.38088804899074e+01
2.50000000000000e+01 9.81435842789862e+00 4.05175816768048e+00 2.76756747248485e+01 3.67043698834426e+01 8.17575103425028e+01 7.77135618133657e+01
2.75000000000000e+01 1.19900726909342e+01 4.05232810802794e+00 2.76537120333780e+01 3.59174334086128e+01 8.15776633642197e+01 7.21163710743873e+01
3.00000000000000e+01 1.44009613945554e+01 4.05309775719208e+00 2.76238331907202e+01 3.48442945477357e+01 8.13955204668002e+01 6.69886927800497e+01
3.25000000000000e+01 1.70428645629889e+01 4.05411118269719e+00 2.75839504431976e+01 3.34496388211386e+01 8.11702026502387e+01 6.25989640527496e+01
3.50000000000000e+01 1.99050863359123e+01 4.05541497039678e+00 2.75310051069985e+01 3.17462046036630e+01 8.08890005153415e+01 5.90591013506314e+01
3.75000000000000e+01 2.29697419520679e+01 4.05705609122385e+00 2.74571912091785e+01 2.98142972634006e+01 8.05437507589181e+01 5.63443982136968e+01
4.00000000000000e+01 2.62109298667809e+01 4.05907889626231e+00 2.72609936515459e+01 2.78735655119650e+01 8.01291607442466e+01 5.43325897027572e+01
4.25000000000000e+01 2.95951050289452e+01 4.06152184268988e+00 2.73661009302032e+01 2.56230424046884e+01 7.96430607537453e+01 5.28640325513719e+01
4.50000000000000e+01 3.30823881239599e+01 4.06441437893692e+00 2.72409900919546e+01 2.36887040680784e+01 7.90868052144970e+01 5.17900469549706e+01
4.75000000000000e+01 3.66288996776165e+01 4.06777467321806e+00 2.71155325042483e+01 2.18971315889132e+01 7.84653452672075e+01 5.09935564048456e+01
5.00000000000000e+01 4.01892511342785e+01 4.07160828323573e+00 2.69786204099542e+01 2.02841183437174e+01 7.77869100321960e+01 5.03900414051925e+01
5.25000000000000e+01 4.37197548743670e+01 4.07590868788733e+00 2.68291348317992e+01 1.88541050904950e+01 7.70621582927421e+01 4.99207974498516e+01
5.50000000000000e+01 4.71801830523412e+01 4.08065790501177e+00 2.66678454569989e+01 1.75977697280434e+01 7.63032713233640e+01 4.95456829191098e+01
5.75000000000000e+01 5.05363224518426e+01 4.08582960739604e+00 2.64962057642597e+01 1.64992027248368e+01 7.55226990050449e+01 4.92371922039656e+01
6.00000000000000e+01 5.37604895951815e+01 4.09139136772754e+00 2.63159861886554e+01 1.55403281917833e+01 7.47322890208513e+01 4.89763915420850e+01
