0.00000000000000e+00 0.00000000000000e+00 4.02764648808810e+00 2.78954433455534e+01 3.85836425671074e+01 8.25690978624903e+01 1.01750375324561e+02
1.00000000000000e+00 1.39694329796148e-02 4.02766032108382e+00 2.78972510603300e+01 3.85832428594252e+01 8.26018354980560e+01 1.01750798499517e+02
2.00000000000000e+00 5.58954155226952e-02 4.02766059020766e+00 2.78974101078497e+01 3.85832137604083e+01 8.26004826777292e+01 1.01748968014641e+02
3.00000000000000e+00 1.25830923637998e-01 4.02764465820939e+00 2.78951387228741e+01 3.85834570634123e+01 8.25657669936205e+01 1.01740342224411e+02
4.00000000000000e+00 2.23863911920972e-01 4.02764809836453e+00 2.78956870907173e+01 3.85835190706691e+01 8.25702887832364e+01 1.01720326401233e+02
5.00000000000000e+00 3.50116697161398e-01 4.02764795720755e+00 2.78954920696269e+01 3.85823581308308e+01 8.25690452012240e+01 1.01678418260191e+02
6.00000000000000e+00 5.04745319588501e-01 4.02764909267872e+00 2.78953892656472e+01 3.85804124143016e+01 8.25682508264204e+01 1.01602909230793e+02
7.00000000000000e+00 6.87938451277666e-01 4.02765139875136e+00 2.78952822956541e+01 3.85771457252201e+01 8.25673640099803e+01 1.01479393167583e+02
8.00000000000000e+00 8.99916112017819e-01 4.02765511010815e+00 2.78951268540441e+01 3.85720022143108e+01 8.25661097456371e+01 1.01291328354203e+02
9.00000000000000e+00 1.14092806125394e+00 4.02766072770047e+00 2.78949167979870e+01 3.85643823132755e+01 8.25644390173014e+01 1.01020552370842e+02
1.00000000000000e+01 1.41127823702558e+00 4.02766866590729e+00 2.78946123418885e+01 3.85535566192823e+01 8.25620852315184e+01 1.00647983495973e+02
1.10000000000000e+01 1.71122299344162e+00 4.02767953038621e+00 2.78941953089540e+01 3.85387254796338e+01 8.25589127155686e+01 1.00154789771896e+02
1.20000000000000e+01 2.04110896138988e+00 4.02769393397207e+00 2.78936329035349e+01 3.85189669495830e+01 8.25546864995263e+01 9.95233869295322e+01
1.30000000000000e+01 2.40131940892988e+00 4.02771266224538e+00 2.78929051936151e+01 3.84932600205456e+01 8.25492378984796e+01 9.87387547030962e+01
1.40000000000000e+01 2.79214545223064e+00 4.02773647961941e+00 2.78919704101922e+01 3.84604473008035e+01 8.25422434911422e+01 9.77899149391356e+01
1.50000000000000e+01 3.21403360207626e+00 4.02776629997207e+00 2.78907994015591e+01 3.84192444451890e+01 8.25334255008887e+01 9.66703343409450e+01
1.60000000000000e+01 3.66728229223789e+00 4.02780308624638e+00 2.78893489895434e+01 3.83682244584612e+01 8.25223618655147e+01 9.53792243366933e+01
1.70000000000000e+01 4.15235258412872e+00 4.02784793308434e+00 2.78875803021255e+01 3.83057948060663e+01 8.25085522314292e+01 9.39209002406838e+01
1.80000000000000e+01 4.66952818327042e+00 4.02790197189936e+00 2.78854449228371e+01 3.82302062349745e+01 8.24912260147890e+01 9.23055584137153e+01
1.90000000000000e+01 5.21925612465186e+00 4.02796646947918e+00 2.78828939438606e+01 3.81395048133719e+01 8.24691357273946e+01 9.05479270412332e+01
2.00000000000000e+01 5.80177672660891e+00 4.02804276651329e+00 2.78798720341914e+01 3.80315648344265e+01 8.24397480865192e+01 8.86683814081598e+01
2.10000000000000e+01 6.41743508111981e+00 4.02813230777178e+00 2.78763228549127e+01 3.79040343154205e+01 8.23963082080264e+01 8.66940366214603e+01
2.20000000000000e+01 7.06654882849645e+00 4.02823663362420e+00 2.78721841581712e+01 3.77543377900125e+01 8.23095724758203e+01 8.46765009046223e+01
2.40000000000000e+01 7.74921238549882e+00 4.02835736779248e+00 2.78673906504468e+01 3.75797267510861e+01 8.18688714272899e+01 8.29506037120777e+01
2.50000000000000e+01 8.46567629016945e+00 4.02849624604954e+00 2.78618731551099e+01 3.73772015000328e+01 8.25069952600933e+01 8.01075163069213e+01
2.60000000000000e+01 9.21588842996047e+00 4.02865504758541e+00 2.78555595128138e+01 3.71436566632479e+01 8.24074499574867e+01 7.79882208071484e+01
2.70000000000000e+01 9.99992831055373e+00 4.02883567366222e+00 2.78483727645723e+01 3.68758143905986e+01 8.23425298969920e+01 7.58434883916788e+01
2.80000000000000e+01 1.08175459410098e+01 4.02904003520154e+00 2.78402353074941e+01 3.65704574599669e+01 8.22829775592545e+01 7.37250193320922e+01
2.90000000000000e+01 1.16685356370733e+01 4.02927013460129e+00 2.78310645048322e+01 3.62244358691052e+01 8.22219384178119e+01 7.16599035290616e+01
3.00000000000000e+01 1.25525652673313e+01 4.02952803457659e+00 2.78207744227440e+01 3.58348946673488e+01 8.21567760146250e+01 6.96688818920348e+01
3.10000000000000e+01 1.34689776039347e+01 4.02981571846187e+00 2.78092789043125e+01 3.53995918334919e+01 8.20861268327596e+01 6.77693199183729e+01
3.20000000000000e+01 1.44171294226912e+01 4.03013524369513e+00 2.77964859891426e+01 3.49170067075727e+01 8.20091039973912e+01 6.59748570075133e+01
3.30000000000000e+01 1.53961514043022e+01 4.03048861235436e+00 2.77822992382045e+01 3.43867105153452e+01 8.19250590945817e+01 6.42959338673156e+01
3.40000000000000e+01 1.64050574752139e+01 4.03087778769961e+00 2.77666136953808e+01 3.38095512034702e+01 8.18334770446768e+01 6.27395072846220e+01
3.50000000000000e+01 1.74424953913684e+01 4.03130454077860e+00 2.77493123986463e+01 3.31879617089089e+01 8.17339537198373e+01 6.13094142735521e+01
3.60000000000000e+01 1.85071059731835e+01 4.03177065099425e+00 2.77302483418122e+01 3.25258134200191e+01 8.16261504910394e+01 6.00059508836844e+01
3.70000000000000e+01 1.95972857377203e+01 4.03227765537248e+00 2.77092185406501e+01 3.18284735197312e+01 8.15098068891512e+01 5.88265410869111e+01
3.80000000000000e+01 2.07112507481958e+01 4.03282695566511e+00 2.76858960131803e+01 3.11025922684012e+01 8.13847377995638e+01 5.77660881730282e+01
3.90000000000000e+01 2.18470457653557e+01 4.03341967524536e+00 2.76596491444873e+01 3.03559229426919e+01 8.12508334755328e+01 5.68175302509894e+01
4.00000000000000e+01 2.30025576000447e+01 4.03405673981952e+00 2.76289588558799e+01 2.95974879215292e+01 8.11080620077920e+01 5.59724474358931e+01
4.10000000000000e+01 2.41755325261850e+01 4.03473879466282e+00 2.75888350923518e+01 2.88397502637232e+01 8.09564718560663e+01 5.52216532836074e+01
4.30000000000000e+01 2.53635974193392e+01 4.03546614487721e+00 2.75105215903660e+01 2.81185531121495e+01 8.07961923720895e+01 5.45557144323575e+01
4.40000000000000e+01 2.65642840984323e+01 4.03623886106736e+00 2.76812611458982e+01 2.71530864607528e+01 8.06274324340636e+01 5.39653649003545e+01
4.50000000000000e+01 2.77750561823786e+01 4.03705664344151e+00 2.75831382864672e+01 2.64668748887322e+01 8.04504794602845e+01 5.34418061657288e+01
4.60000000000000e+01 2.89933376457470e+01 4.03791887297860e+00 2.75343125051884e+01 2.57464651031610e+01 8.02656937194749e+01 5.29768963273189e+01
4.70000000000000e+01 3.02165421733055e+01 4.03882465359597e+00 2.74935992238741e+01 2.50368398273543e+01 8.00735041252513e+01 5.25632510802469e+01
4.80000000000000e+01 3.14421023887237e+01 4.03977274698720e+00 2.74547821763551e+01 2.43471525740199e+01 7.98743997379539e+01 5.21942738625350e+01
4.90000000000000e+01 3.26674614638875e+01 4.04076162268002e+00 2.74161678883357e+01 2.36812694906247e+01 7.96689270570220e+01 5.18641524940025e+01
5.00000000000000e+01 3.38902499665673e+01 4.04178953691351e+00 2.73771587742306e+01 2.30412281247640e+01 7.94576601690271e+01 5.15677616545616e+01
5.10000000000000e+01 3.51080775561898e+01 4.04285446191148e+00 2.73375339785771e+01 2.24281624541679e+01 7.92412219669708e+01 5.13006799990047e+01
5.20000000000000e+01 3.63187128091961e+01 4.04395417113469e+00 2.72972297933443e+01 2.18425496175734e+01 7.90202524605231e+01 5.10590657724365e+01
5.30000000000000e+01 3.75200596625464e+01 4.04508628522313e+00 2.72562591905734e+01 2.12844011991201e+01 7.87954045725289e+01 5.08396019194443e+01
5.40000000000000e+01 3.87101469106633e+01 4.04624822253029e+00 2.72146756590397e+01 2.07533855743815e+01 7.85673360778312e+01 5.06394377978260e+01
5.50000000000000e+01 3.98872379185794e+01 4.04743737998642e+00 2.71725564852801e+01 2.02488948152447e+01 7.83366925438837e+01 5.04560952810809e+01
5.60000000000000e+01 4.10496819909208e+01 4.04865101547294e+00 2.71299913986432e+01 1.97701492875327e+01 7.81041130111985e+01 5.02874652271476e+01
5.70000000000000e+01 4.21960245613299e+01 4.04988636570725e+00 2.70870772799187e+01 1.93162276334549e+01 7.78702131209211e+01 5.01317243560105e+01
5.80000000000000e+01 4.33249793306944e+01 4.05114066580077e+00 2.70439140361261e+01 1.88861181706577e+01 7.76355819814177e+01 4.99873024521304e+01
5.90000000000000e+01 4.44354102678035e+01 4.05241115318994e+00 2.70006006493039e+01 1.84787532654296e+01 7.74007764211083e+01 4.98528528854651e+01
6.00000000000000e+01 4.55263898007116e+01 4.05369510947503e+00 2.69572379733364e+01 1.80930400657847e+01 7.71663208141325e+01 4.97271930786013e+01
