0.00000000000000e+00 0.00000000000000e+00
1.00000000000000e+00 1.45645672168368e-02
2.00000000000000e+00 5.82776528470598e-02
3.00000000000000e+00 1.31197301214666e-01
4.00000000000000e+00 2.33420105962391e-01
5.00000000000000e+00 3.65080762812003e-01
6.00000000000000e+00 5.26351801062614e-01
7.00000000000000e+00 7.17442896029422e-01
8.00000000000000e+00 9.38600131150020e-01
9.00000000000000e+00 1.19010503639971e+00
1.00000000000000e+01 1.47230116028612e+00
1.10000000000000e+01 1.78548832481082e+00
1.20000000000000e+01 2.13006846082890e+00
1.30000000000000e+01 2.50645063786528e+00
1.40000000000000e+01 2.91511896706273e+00
1.50000000000000e+01 3.35644534814068e+00
1.60000000000000e+01 3.83100462160502e+00
1.70000000000000e+01 4.33919499599778e+00
1.80000000000000e+01 4.88157194765074e+00
1.90000000000000e+01 5.45872004492761e+00
2.00000000000000e+01 6.07103167299198e+00
2.10000000000000e+01 6.71915040183888e+00
2.20000000000000e+01 7.40344231640601e+00
2.30000000000000e+01 8.12452432816617e+00
2.40000000000000e+01 8.88270410764762e+00
2.50000000000000e+01 9.67853267918772e+00
2.60000000000000e+01 1.05122195449210e+01
2.70000000000000e+01 1.13842025932567e+01
2.80000000000000e+01 1.22945457486490e+01
2.90000000000000e+01 1.32434399442154e+01
3.00000000000000e+01 1.42309857825270e+01
3.10000000000000e+01 1.52569094877310e+01
3.20000000000000e+01 1.63210436574153e+01
3.30000000000000e+01 1.74230808513314e+01
3.40000000000000e+01 1.85622763154522e+01
3.50000000000000e+01 1.97379638253384e+01
3.60000000000000e+01 2.09492892373821e+01
3.70000000000000e+01 2.21949182510473e+01
3.80000000000000e+01 2.34735671961201e+01
3.90000000000000e+01 2.47836430264135e+01
4.00000000000000e+01 2.61233275432859e+01
4.10000000000000e+01 2.74905784650983e+01
4.20000000000000e+01 2.88832310426208e+01
4.30000000000000e+01 3.02986236600097e+01
4.40000000000000e+01 3.17341853979259e+01
4.50000000000000e+01 3.31870748234770e+01
4.60000000000000e+01 3.46542971723607e+01
4.70000000000000e+01 3.61327310250767e+01
4.80000000000000e+01 3.76190645819516e+01
4.90000000000000e+01 3.91102050178720e+01
5.00000000000000e+01 4.06027431839576e+01
5.10000000000000e+01 4.20933696586382e+01
5.20000000000000e+01 4.35788132871175e+01
5.30000000000000e+01 4.50558742925283e+01
5.40000000000000e+01 4.65214553573556e+01
5.50000000000000e+01 4.79725899462981e+01
5.60000000000000e+01 4.94063854925472e+01
5.70000000000000e+01 5.08203757298553e+01
5.80000000000000e+01 5.22120348482599e+01
5.90000000000000e+01 5.35791302051382e+01
6.00000000000000e+01 5.49196451812302e+01
