0.00000000000000e+00 0.00000000000000e+00
1.00000000000000e+00 1.00270799167385e-02
2.00000000000000e+00 4.01212193006728e-02
3.00000000000000e+00 9.03211216199309e-02
4.00000000000000e+00 1.60691304330197e-01
5.00000000000000e+00 2.51322006616734e-01
6.00000000000000e+00 3.62329331334174e-01
7.00000000000000e+00 4.93855069045395e-01
8.00000000000000e+00 6.46066763358938e-01
9.00000000000000e+00 8.19157596339925e-01
1.00000000000000e+01 1.01334632793905e+00
1.10000000000000e+01 1.22890072938809e+00
1.20000000000000e+01 1.46604827642860e+00
1.30000000000000e+01 1.72510256515192e+00
1.40000000000000e+01 2.00638285958007e+00
1.50000000000000e+01 2.31027208354288e+00
1.60000000000000e+01 2.63706580009411e+00
1.70000000000000e+01 2.98718784510040e+00
1.80000000000000e+01 3.36110175376817e+00
1.90000000000000e+01 3.75914858264636e+00
2.00000000000000e+01 4.18182639912039e+00
2.10000000000000e+01 4.62967106867462e+00
2.20000000000000e+01 5.10305674146501e+00
2.30000000000000e+01 5.60260948825438e+00
2.40000000000000e+01 6.12872388772634e+00
2.50000000000000e+01 6.68198567862425e+00
2.60000000000000e+01 7.26300805380666e+00
2.70000000000000e+01 7.87218051968203e+00
2.80000000000000e+01 8.51019029055921e+00
2.90000000000000e+01 9.17741285230377e+00
3.00000000000000e+01 9.87452287579062e+00
3.10000000000000e+01 1.06018603428237e+01
3.20000000000000e+01 1.13600617059761e+01
3.30000000000000e+01 1.21494044741430e+01
3.40000000000000e+01 1.29703664662703e+01
3.50000000000000e+01 1.38233960988909e+01
3.60000000000000e+01 1.47085961266738e+01
3.70000000000000e+01 1.56263728492638e+01
3.80000000000000e+01 1.65766740673731e+01
3.90000000000000e+01 1.75596314608163e+01
4.00000000000000e+01 1.85752886952212e+01
4.10000000000000e+01 1.96232566609769e+01
4.20000000000000e+01 2.07033200784154e+01
4.30000000000000e+01 2.18151355319291e+01
4.40000000000000e+01 2.29578731882887e+01
4.50000000000000e+01 2.41308618035217e+01
4.60000000000000e+01 2.53331510437645e+01
4.70000000000000e+01 2.65637301158885e+01
4.80000000000000e+01 2.78210447689667e+01
4.90000000000000e+01 2.91037012491789e+01
5.00000000000000e+01 3.04100019145214e+01
5.10000000000000e+01 3.17380628000107e+01
5.20000000000000e+01 3.30858201289422e+01
5.30000000000000e+01 3.44510402825122e+01
5.40000000000000e+01 3.58313332307096e+01
5.50000000000000e+01 3.72241693059262e+01
5.60000000000000e+01 3.86268990714311e+01
5.70000000000000e+01 4.00367759140892e+01
5.80000000000000e+01 4.14509808772303e+01
5.90000000000000e+01 4.28666491559050e+01
6.00000000000000e+01 4.42808976089507e+01
