0.00000000000000e+00 0.00000000000000e+00
1.00000000000000e+00 1.39694331038459e-02
2.00000000000000e+00 5.58954242730858e-02
3.00000000000000e+00 1.25831023596085e-01
4.00000000000000e+00 2.23864474608762e-01
5.00000000000000e+00 3.50118849613340e-01
6.00000000000000e+00 5.04751773758762e-01
7.00000000000000e+00 6.87954811071170e-01
8.00000000000000e+00 8.99952789239284e-01
9.00000000000000e+00 1.14100293917075e+00
1.00000000000000e+01 1.41142028875054e+00
1.10000000000000e+01 1.71147681993726e+00
1.20000000000000e+01 2.04154079983593e+00
1.30000000000000e+01 2.40198621422326e+00
1.40000000000000e+01 2.79325751630669e+00
1.50000000000000e+01 3.21569191395070e+00
1.60000000000000e+01 3.66976781410014e+00
1.70000000000000e+01 4.15600038196598e+00
1.80000000000000e+01 4.67474754660998e+00
1.90000000000000e+01 5.22659934645498e+00
2.00000000000000e+01 5.81191449954782e+00
2.10000000000000e+01 6.43128992563192e+00
2.20000000000000e+01 7.08506345871178e+00
2.30000000000000e+01 7.77381113383726e+00
2.40000000000000e+01 8.49782213696230e+00
2.50000000000000e+01 9.25761741444352e+00
2.60000000000000e+01 1.00534031194434e+01
2.70000000000000e+01 1.08855306527261e+01
2.80000000000000e+01 1.17543020404607e+01
2.90000000000000e+01 1.26597045821976e+01
3.00000000000000e+01 1.36019422093774e+01
3.10000000000000e+01 1.45808056856469e+01
3.20000000000000e+01 1.55961936796849e+01
3.30000000000000e+01 1.66478842374374e+01
3.40000000000000e+01 1.77352588055939e+01
3.50000000000000e+01 1.88577820138422e+01
3.60000000000000e+01 2.00146676353351e+01
3.70000000000000e+01 2.12050384719814e+01
3.80000000000000e+01 2.24275542085680e+01
3.90000000000000e+01 2.36809409301038e+01
4.00000000000000e+01 2.49636348009665e+01
4.10000000000000e+01 2.62738675497731e+01
4.20000000000000e+01 2.76096687802721e+01
4.30000000000000e+01 2.89689653390544e+01
4.40000000000000e+01 3.03492189570768e+01
4.50000000000000e+01 3.17479962808364e+01
4.60000000000000e+01 3.31626177389056e+01
4.70000000000000e+01 3.45902704136336e+01
4.80000000000000e+01 3.60279407029225e+01
4.90000000000000e+01 3.74728105620054e+01
5.00000000000000e+01 3.89217299349815e+01
5.10000000000000e+01 4.03716195161251e+01
5.20000000000000e+01 4.18194080720121e+01
5.30000000000000e+01 4.32620627876594e+01
5.40000000000000e+01 4.46966184894400e+01
5.50000000000000e+01 4.61202050391480e+01
5.60000000000000e+01 4.75299896456089e+01
5.70000000000000e+01 4.89235334472520e+01
5.80000000000000e+01 5.02983021941348e+01
5.90000000000000e+01 5.16520244554754e+01
6.00000000000000e+01 5.29826164294033e+01
