0.00000000000000e+00 0.00000000000000e+00
1.00000000000000e+00 1.04542608189114e-02
2.00000000000000e+00 4.18311749269033e-02
3.00000000000000e+00 9.41730912297602e-02
4.00000000000000e+00 1.67550635215305e-01
5.00000000000000e+00 2.62062599457416e-01
6.00000000000000e+00 3.77836071378608e-01
7.00000000000000e+00 5.15026328676135e-01
8.00000000000000e+00 6.73816850007493e-01
9.00000000000000e+00 8.54419234079592e-01
1.00000000000000e+01 1.05707313730000e+00
1.10000000000000e+01 1.28207089054196e+00
1.20000000000000e+01 1.52966379497850e+00
1.30000000000000e+01 1.80019471299953e+00
1.40000000000000e+01 2.09401370125470e+00
1.50000000000000e+01 2.41153906123930e+00
1.60000000000000e+01 2.75309802286899e+00
1.70000000000000e+01 3.11915406774255e+00
1.80000000000000e+01 3.51021384464422e+00
1.90000000000000e+01 3.92665495535439e+00
2.00000000000000e+01 4.36902203239346e+00
2.10000000000000e+01 4.83790081603480e+00
2.20000000000000e+01 5.33370492449102e+00
2.30000000000000e+01 5.85711693716589e+00
2.40000000000000e+01 6.40857169155950e+00
2.50000000000000e+01 6.98878309820715e+00
2.60000000000000e+01 7.59819470221152e+00
2.70000000000000e+01 8.23753591693790e+00
2.80000000000000e+01 8.90724191957706e+00
2.90000000000000e+01 9.60803682585387e+00
3.00000000000000e+01 1.03403249600043e+01
3.10000000000000e+01 1.11047136299614e+01
3.20000000000000e+01 1.19018019113086e+01
3.30000000000000e+01 1.27318748290957e+01
3.40000000000000e+01 1.35955285285495e+01
3.50000000000000e+01 1.44929326009733e+01
3.60000000000000e+01 1.54245537368366e+01
3.70000000000000e+01 1.63904008688645e+01
3.80000000000000e+01 1.73906606517322e+01
3.90000000000000e+01 1.84254279216169e+01
4.00000000000000e+01 1.94943554893831e+01
4.10000000000000e+01 2.05972626984266e+01
4.20000000000000e+01 2.17338319732623e+01
4.30000000000000e+01 2.29032401799864e+01
4.40000000000000e+01 2.41048140939929e+01
4.50000000000000e+01 2.53377013849279e+01
4.60000000000000e+01 2.66005029906723e+01
4.70000000000000e+01 2.78919532283501e+01
4.80000000000000e+01 2.92104654944746e+01
4.90000000000000e+01 3.05542422143867e+01
5.00000000000000e+01 3.19212776909930e+01
5.10000000000000e+01 3.33093648174191e+01
5.20000000000000e+01 3.47161058162160e+01
5.30000000000000e+01 3.61390574086663e+01
5.40000000000000e+01 3.75752287632646e+01
5.50000000000000e+01 3.90218830715058e+01
5.60000000000000e+01 4.04759156123856e+01
5.70000000000000e+01 4.19345324683575e+01
5.80000000000000e+01 4.33944962309037e+01
5.90000000000000e+01 4.48526811036715e+01
6.00000000000000e+01 4.63059736877865e+01
