0.00000000000000e+00 0.00000000000000e+00 0.00000000000000e+00
2.50000000000000e-02 -5.51306742548002e-01 -2.40579603001718e-02
5.00000000000000e-02 -1.10196029108186e+00 -5.17496340666511e-02
7.50000000000000e-02 -1.65176825972490e+00 -8.30539994761353e-02
1.00000000000000e-01 -2.20067196235850e+00 -1.17954227518043e-01
1.25000000000000e-01 -2.74862237342007e+00 -1.56433081415293e-01
1.50000000000000e-01 -3.29542257302145e+00 -1.98460729953335e-01
1.75000000000000e-01 -3.84102180939765e+00 -2.44015137315778e-01
2.00000000000000e-01 -4.38532377898433e+00 -2.93069143652363e-01
2.25000000000000e-01 -4.92828620847259e+00 -3.45598830843582e-01
2.50000000000000e-01 -5.46971322972155e+00 -4.01563352584824e-01
2.75000000000000e-01 -6.00956297258625e+00 -4.60934415065137e-01
3.00000000000000e-01 -6.54774546106454e+00 -5.23677319564465e-01
3.25000000000000e-01 -7.08422204548750e+00 -5.89761843038449e-01
3.50000000000000e-01 -7.61880893997007e+00 -6.59138010446596e-01
3.75000000000000e-01 -8.15146961020098e+00 -7.31771811061523e-01
4.00000000000000e-01 -8.68212171017613e+00 -8.07622029088062e-01
4.25000000000000e-01 -9.21068496840637e+00 -8.86645996228984e-01
4.50000000000000e-01 -9.73708124416059e+00 -9.68799665232135e-01
4.75000000000000e-01 -1.02612345785143e+01 -1.05403768456616e+00
5.00000000000000e-01 -1.07830712402258e+01 -1.14231347398522e+00
5.25000000000000e-01 -1.13025661336427e+01 -1.23358750126662e+00
5.50000000000000e-01 -1.18195577547614e+01 -1.32779492233173e+00
5.75000000000000e-01 -1.23340251567155e+01 -1.42489374906204e+00
6.00000000000000e-01 -1.28459038770556e+01 -1.52483324984432e+00
6.25000000000000e-01 -1.33551318337169e+01 -1.62756184731396e+00
6.50000000000000e-01 -1.38616493405369e+01 -1.73302719436659e+00
6.75000000000000e-01 -1.43653991180496e+01 -1.84117624950664e+00
7.00000000000000e-01 -1.48663262996524e+01 -1.95195535133929e+00
7.25000000000000e-01 -1.53643784333179e+01 -2.06531029203797e+00
7.50000000000000e-01 -1.58595054789841e+01 -2.18118638961697e+00
7.75000000000000e-01 -1.63516598017872e+01 -2.29952855885730e+00
8.00000000000000e-01 -1.68407961613294e+01 -2.42028138074983e+00
8.25000000000000e-01 -1.73268716971272e+01 -2.54338917031708e+00
8.50000000000000e-01 -1.78098459104550e+01 -2.66879604270424e+00
8.75000000000000e-01 -1.82896806427584e+01 -2.79644597742977e+00
9.00000000000000e-01 -1.87663400508372e+01 -2.92628288070308e+00
9.25000000000000e-01 -1.92397905789833e+01 -3.05825064572354e+00
9.50000000000000e-01 -1.97100009282857e+01 -3.19229321089490e+00
9.75000000000000e-01 -2.01769420232933e+01 -3.32835461589205e+00
1.00000000000000e+00 -2.06405869762263e+01 -3.46637905552964e+00
1.02500000000000e+00 -2.11009110489408e+01 -3.60631093139475e+00
1.05000000000000e+00 -2.15578916128408e+01 -3.74809490121735e+00
1.07500000000000e+00 -2.20115081069175e+01 -3.89167592595247e+00
1.10000000000000e+00 -2.24617419941122e+01 -4.03699931456846e+00
1.12500000000000e+00 -2.29085767161790e+01 -4.18401076653628e+00
1.15000000000000e+00 -2.33519976472318e+01 -4.33265641202816e+00
1.17500000000000e+00 -2.37919920461367e+01 -4.48288284983410e+00
1.20000000000000e+00 -2.42285490079241e+01 -4.63463718302027e+00
1.22500000000000e+00 -2.46616594143795e+01 -4.78786705235433e+00
1.25000000000000e+00 -2.50913158839613e+01 -4.94252066752764e+00
1.27500000000000e+00 -2.55175127211994e+01 -5.09854683621616e+00
1.30000000000000e+00 -2.59402458657049e+01 -5.25589499101517e+00
1.32500000000000e+00 -2.63595128409379e+01 -5.41451521430382e+00
1.35000000000000e+00 -2.67753127028389e+01 -5.57435826107822e+00
1.37500000000000e+00 -2.71876459884662e+01 -5.73537557981853e+00
1.40000000000000e+00 -2.75965146647295e+01 -5.89751933143721e+00
1.42500000000000e+00 -2.80019220773341e+01 -6.06074240636973e+00
1.45000000000000e+00 -2.84038729000349e+01 -6.22499843987282e+00
1.47500000000000e+00 -2.88023730842846e+01 -6.39024182558712e+00
1.50000000000000e+00 -2.91974298093648e+01 -6.55642772743203e+00
1.52500000000000e+00 -2.95890514330673e+01 -6.72351208989220e+00
1.55000000000000e+00 -2.99772474430142e+01 -6.89145164677029e+00
1.57500000000000e+00 -3.03620084454019e+01 -7.06019618856849e+00
1.60000000000000e+00 -3.07433866770324e+01 -7.22971975960550e+00
1.62500000000000e+00 -3.11213740371168e+01 -7.39997352633235e+00
1.65000000000000e+00 -3.14959840602087e+01 -7.57091743825892e+00
1.67500000000000e+00 -3.18672311788203e+01 -7.74251225720812e+00
1.70000000000000e+00 -3.22351306796353e+01 -7.91471955819713e+00
1.72500000000000e+00 -3.25996986606900e+01 -8.08750172923577e+00
1.75000000000000e+00 -3.29609519895334e+01 -8.26082197009569e+00
1.77500000000000e+00 -3.33189082623952e+01 -8.43464429011355e+00
1.80000000000000e+00 -3.36735857643860e+01 -8.60893350508956e+00
1.82500000000000e+00 -3.40250034307302e+01 -8.78365523333138e+00
1.85000000000000e+00 -3.43731808090578e+01 -8.95877589090752e+00
1.87500000000000e+00 -3.47181380227511e+01 -9.13426268615702e+00
1.90000000000000e+00 -3.50598957353576e+01 -9.31008361351195e+00
1.92500000000000e+00 -3.53984751160652e+01 -9.48620744668021e+00
1.95000000000000e+00 -3.57338978062458e+01 -9.66260373124079e+00
1.97500000000000e+00 -3.60661858870538e+01 -9.83924277669372e+00
2.00000000000000e+00 -3.63953618480839e+01 -1.00160956480146e+01
2.02500000000000e+00 -3.67214485570700e+01 -1.01931341567514e+01
2.05000000000000e+00 -3.70444692306255e+01 -1.03703308517118e+01
2.07500000000000e+00 -3.73644474060018e+01 -1.05476590092717e+01
2.10000000000000e+00 -3.76814069138620e+01 -1.07250926233508e+01
2.12500000000000e+00 -3.79953718520503e+01 -1.09026063950874e+01
2.15000000000000e+00 -3.83063665603408e+01 -1.10801757222461e+01
2.17500000000000e+00 -3.86144155961478e+01 -1.12577766883912e+01
2.20000000000000e+00 -3.89195321375280e+01 -1.14353817027669e+01
2.22500000000000e+00 -3.92217645337962e+01 -1.16129770279906e+01
2.25000000000000e+00 -3.95211259903077e+01 -1.17905362397553e+01
2.27500000000000e+00 -3.98176417115187e+01 -1.19680380530847e+01
2.30000000000000e+00 -4.01113370118627e+01 -1.21454618121946e+01
2.32500000000000e+00 -4.04022372968380e+01 -1.23227874788544e+01
2.35000000000000e+00 -4.06903680449140e+01 -1.24999956206925e+01
2.37500000000000e+00 -4.09757547902446e+01 -1.26770673994748e+01
2.40000000000000e+00 -4.12584231061587e+01 -1.28539845593688e+01
2.42500000000000e+00 -4.15383985894094e+01 -1.30307294152138e+01
2.45000000000000e+00 -4.18157068451610e+01 -1.32072848408125e+01
2.47500000000000e+00 -4.20903734726884e+01 -1.33836342572602e+01
2.50000000000000e+00 -4.23624240517702e+01 -1.35597616213244e+01
2.52500000000000e+00 -4.26318841297554e+01 -1.37356514138915e+01
2.55000000000000e+00 -4.28987792092749e+01 -1.39112886284861e+01
2.57500000000000e+00 -4.31631347365846e+01 -1.40866587598800e+01
2.60000000000000e+00 -4.34249760905174e+01 -1.42617477928003e+01
2.62500000000000e+00 -4.36843285720179e+01 -1.44365421907422e+01
2.65000000000000e+00 -4.39412173942495e+01 -1.46110288849000e+01
2.67500000000000e+00 -4.41956676732407e+01 -1.47851952632180e+01
2.70000000000000e+00 -4.44477044190675e+01 -1.49590291595778e+01
2.72500000000000e+00 -4.46973525275348e+01 -1.51325188431153e+01
2.75000000000000e+00 -4.49446367723537e+01 -1.53056530076859e+01
2.77500000000000e+00 -4.51895817977848e+01 -1.54784207614732e+01
2.80000000000000e+00 -4.54322121117377e+01 -1.56508116167523e+01
2.82500000000000e+00 -4.56725520793026e+01 -1.58228154798067e+01
2.85000000000000e+00 -4.59106259167029e+01 -1.59944226410059e+01
2.87500000000000e+00 -4.61464576856451e+01 -1.61656237650416e+01
2.90000000000000e+00 -4.63800712880590e+01 -1.63364098813332e+01
2.92500000000000e+00 -4.66114904612034e+01 -1.65067723745952e+01
2.95000000000000e+00 -4.68407387731273e+01 -1.66767029755739e+01
2.97500000000000e+00 -4.70678295770015e+01 -1.68461907926011e+01
3.00000000000000e+00 -4.72928062103220e+01 -1.70152341619612e+01
3.02500000000000e+00 -4.75156816276357e+01 -1.71838228150962e+01
3.05000000000000e+00 -4.77364786815843e+01 -1.73519497777743e+01
3.07500000000000e+00 -4.79552200376945e+01 -1.75196083780158e+01
3.10000000000000e+00 -4.81719281716721e+01 -1.76867922378533e+01
3.12500000000000e+00 -4.83866253669471e+01 -1.78534952652542e+01
3.15000000000000e+00 -4.85993337124726e+01 -1.80197116462189e+01
3.17500000000000e+00 -4.88100751007548e+01 -1.81854358370396e+01
3.20000000000000e+00 -4.90188712261127e+01 -1.83506625567337e+01
3.22500000000000e+00 -4.92257435831461e+01 -1.85153867796333e+01
3.25000000000000e+00 -4.94307134654140e+01 -1.86796037281475e+01
3.27500000000000e+00 -4.96338019643019e+01 -1.88433088656803e+01
3.30000000000000e+00 -4.98350299680769e+01 -1.90064978897119e+01
3.32500000000000e+00 -5.00344181611166e+01 -1.91691667250384e+01
3.35000000000000e+00 -5.02319870233044e+01 -1.93313115171664e+01
3.37500000000000e+00 -5.04277568295845e+01 -1.94929286258644e+01
3.40000000000000e+00 -5.06217476496648e+01 -1.96540146188654e+01
3.42500000000000e+00 -5.08139793478628e+01 -1.98145662657184e+01
3.45000000000000e+00 -5.10044715830864e+01 -1.99745805317915e+01
3.47500000000000e+00 -5.11932438089402e+01 -2.01340545724156e+01
3.50000000000000e+00 -5.13803152739548e+01 -2.02929857271758e+01
