0.00000000000000e+00 0.00000000000000e+00 0.00000000000000e+00
2.50000000000000e-02 -5.33083015222746e-01 -2.33895682005041e-02
5.00000000000000e-02 -1.06555031594817e+00 -5.01981778909818e-02
7.50000000000000e-02 -1.59721859608940e+00 -8.04061712019621e-02
1.00000000000000e-01 -2.12803746737256e+00 -1.13998303670744e-01
1.25000000000000e-01 -2.65796556691722e+00 -1.50959079074342e-01
1.50000000000000e-01 -3.18681545198433e+00 -1.91260841288818e-01
1.75000000000000e-01 -3.71454389484507e+00 -2.34883767137239e-01
2.00000000000000e-01 -4.24106252110879e+00 -2.81803178155213e-01
2.25000000000000e-01 -4.76633594443848e+00 -3.31997693168806e-01
2.50000000000000e-01 -5.29017757306306e+00 -3.85429632801010e-01
2.75000000000000e-01 -5.81255212516626e+00 -4.42073655666764e-01
3.00000000000000e-01 -6.33337681955073e+00 -5.01898325963059e-01
3.25000000000000e-01 -6.85257046299304e+00 -5.64870651487120e-01
3.50000000000000e-01 -7.37010376975679e+00 -6.30962658401575e-01
3.75000000000000e-01 -7.88579985272644e+00 -7.00125893759384e-01
4.00000000000000e-01 -8.39963136154902e+00 -7.72329050813265e-01
4.25000000000000e-01 -8.91152408607453e+00 -8.47533499453640e-01
4.50000000000000e-01 -9.42140569936885e+00 -9.25699356093278e-01
4.75000000000000e-01 -9.92920580370983e+00 -1.00678554816525e+00
5.00000000000000e-01 -1.04348559722007e+01 -1.09074987944938e+00
5.25000000000000e-01 -1.09383355858914e+01 -1.17755704571352e+00
5.50000000000000e-01 -1.14394890941336e+01 -1.26714726246686e+00
5.75000000000000e-01 -1.19382994660399e+01 -1.35948293578325e+00
6.00000000000000e-01 -1.24347064889339e+01 -1.45451803628502e+00
6.25000000000000e-01 -1.29286520640503e+01 -1.55220574323782e+00
6.50000000000000e-01 -1.34200802223343e+01 -1.65249851079288e+00
6.75000000000000e-01 -1.39089371361950e+01 -1.75534813376379e+00
7.00000000000000e-01 -1.43951711272759e+01 -1.86070581277075e+00
7.25000000000000e-01 -1.48787326703919e+01 -1.96852221861183e+00
7.50000000000000e-01 -1.53595743937080e+01 -2.07874755570760e+00
7.75000000000000e-01 -1.58376510753414e+01 -2.19133162450290e+00
8.00000000000000e-01 -1.63129196364773e+01 -2.30622388268817e+00
8.25000000000000e-01 -1.67853391311643e+01 -2.42337350513464e+00
8.50000000000000e-01 -1.72548707329431e+01 -2.54272944244013e+00
8.75000000000000e-01 -1.77214777184398e+01 -2.66424047798527e+00
9.00000000000000e-01 -1.81851254481054e+01 -2.78785528342102e+00
9.25000000000000e-01 -1.86457813442432e+01 -2.91352247250871e+00
9.50000000000000e-01 -1.91034148664957e+01 -3.04119065324732e+00
9.75000000000000e-01 -1.95579974849437e+01 -3.17080847822802e+00
1.00000000000000e+00 -2.00095026509964e+01 -3.30232469317435e+00
1.02500000000000e+00 -2.04579057662154e+01 -3.43568818361812e+00
1.05000000000000e+00 -2.09031841492487e+01 -3.57084801968894e+00
1.07500000000000e+00 -2.13453170010216e+01 -3.70775349898524e+00
1.10000000000000e+00 -2.17842853683541e+01 -3.84635418751749e+00
1.12500000000000e+00 -2.22200721061462e+01 -3.98659995870938e+00
1.15000000000000e+00 -2.26526618382897e+01 -4.12844103045760e+00
1.17500000000000e+00 -2.30820409174484e+01 -4.27182800025329e+00
1.20000000000000e+00 -2.35081973838469e+01 -4.41671187837342e+00
1.22500000000000e+00 -2.39311209232132e+01 -4.56304411916205e+00
1.25000000000000e+00 -2.43508028239973e+01 -4.71077665041745e+00
1.27500000000000e+00 -2.47672359340013e+01 -4.85986190091395e+00
1.30000000000000e+00 -2.51804146165386e+01 -5.01025282608653e+00
1.32500000000000e+00 -2.55903347062390e+01 -5.16190293191282e+00
1.35000000000000e+00 -2.59969934646113e+01 -5.31476629702916e+00
1.37500000000000e+00 -2.64003895354676e+01 -5.46879759312081e+00
1.40000000000000e+00 -2.68005229003120e+01 -5.62395210363159e+00
1.42500000000000e+00 -2.71973948337801e+01 -5.78018574083541e+00
1.45000000000000e+00 -2.75910078592286e+01 -5.93745506132108e+00
1.47500000000000e+00 -2.79813657045425e+01 -6.09571727993507e+00
1.50000000000000e+00 -2.83684732582513e+01 -6.25493028223823e+00
1.52500000000000e+00 -2.87523365260162e+01 -6.41505263552520e+00
1.55000000000000e+00 -2.91329625875580e+01 -6.57604359846067e+00
1.57500000000000e+00 -2.95103595540832e+01 -6.73786312938503e+00
1.60000000000000e+00 -2.98845365262705e+01 -6.90047189334538e+00
1.62500000000000e+00 -3.02554839371600e+01 -7.06382366386932e+00
1.65000000000000e+00 -3.06232526484343e+01 -7.22789596682229e+00
1.67500000000000e+00 -3.09878341712817e+01 -7.39264378860602e+00
1.70000000000000e+00 -3.13492411567401e+01 -7.55803066726189e+00
1.72500000000000e+00 -3.17074870452719e+01 -7.72402086547363e+00
1.75000000000000e+00 -3.20625860289785e+01 -7.89057937106774e+00
1.77500000000000e+00 -3.24145530146354e+01 -8.05767189660979e+00
1.80000000000000e+00 -3.27634035875559e+01 -8.22526487814110e+00
1.82500000000000e+00 -3.31091539763240e+01 -8.39332547311713e+00
1.85000000000000e+00 -3.34518210183841e+01 -8.56182155758015e+00
1.87500000000000e+00 -3.37914221265220e+01 -8.73072172262713e+00
1.90000000000000e+00 -3.41279752562293e+01 -8.89999527020776e+00
1.92500000000000e+00 -3.44614988739689e+01 -9.06961220830433e+00
1.95000000000000e+00 -3.47920119263366e+01 -9.23954324553119e+00
1.97500000000000e+00 -3.51195338101247e+01 -9.40975978519792e+00
2.00000000000000e+00 -3.54440843432831e+01 -9.58023391887422e+00
2.02500000000000e+00 -3.57656837367788e+01 -9.75093841949739e+00
2.05000000000000e+00 -3.60843525673448e+01 -9.92184673405713e+00
2.07500000000000e+00 -3.64001117511150e+01 -1.00929329758946e+01
2.10000000000000e+00 -3.67129825181340e+01 -1.02641719166489e+01
2.12500000000000e+00 -3.70229863877352e+01 -1.04355389778849e+01
2.15000000000000e+00 -3.73301451447733e+01 -1.06070102224309e+01
2.17500000000000e+00 -3.76344808167034e+01 -1.07785623454603e+01
2.20000000000000e+00 -3.79360156514875e+01 -1.09501726653406e+01
2.22500000000000e+00 -3.82347720963220e+01 -1.11218191142803e+01
2.25000000000000e+00 -3.85307611235928e+01 -1.12934758572673e+01
2.27500000000000e+00 -3.88240290993420e+01 -1.14651309082108e+01
2.30000000000000e+00 -3.91145870055359e+01 -1.16367594653869e+01
2.32500000000000e+00 -3.94024578900628e+01 -1.18083418197737e+01
2.35000000000000e+00 -3.96876649053848e+01 -1.19798588272346e+01
2.37500000000000e+00 -3.99702312918373e+01 -1.21512918984366e+01
2.40000000000000e+00 -4.02501803616308e+01 -1.23226229887178e+01
2.42500000000000e+00 -4.05275354835364e+01 -1.24938345879205e+01
2.45000000000000e+00 -4.08023200682435e+01 -1.26649097102095e+01
2.47500000000000e+00 -4.10745575543627e+01 -1.28358318838848e+01
2.50000000000000e+00 -4.13442713950645e+01 -1.30065851412097e+01
2.52500000000000e+00 -4.16114850453274e+01 -1.31771540082589e+01
2.55000000000000e+00 -4.18762219497856e+01 -1.33475234948076e+01
2.57500000000000e+00 -4.21385055311513e+01 -1.35176790842656e+01
2.60000000000000e+00 -4.23983591792005e+01 -1.36876067236724e+01
2.62500000000000e+00 -4.26558062402988e+01 -1.38572928137590e+01
2.65000000000000e+00 -4.29108700074530e+01 -1.40267241990865e+01
2.67500000000000e+00 -4.31635737108709e+01 -1.41958881582702e+01
2.70000000000000e+00 -4.34139405090140e+01 -1.43647723942988e+01
2.72500000000000e+00 -4.36619934801204e+01 -1.45333650249476e+01
2.75000000000000e+00 -4.39077556141921e+01 -1.47016545733048e+01
2.77500000000000e+00 -4.41512498054178e+01 -1.48696299584023e+01
2.80000000000000e+00 -4.43924988450271e+01 -1.50372804859670e+01
2.82500000000000e+00 -4.46315254145524e+01 -1.52045958392920e+01
2.85000000000000e+00 -4.48683520794895e+01 -1.53715660702329e+01
2.87500000000000e+00 -4.51030012833369e+01 -1.55381815903326e+01
2.90000000000000e+00 -4.53354953420030e+01 -1.57044331620778e+01
2.92500000000000e+00 -4.55658564385648e+01 -1.58703118902894e+01
2.95000000000000e+00 -4.57941066183678e+01 -1.60358092136514e+01
2.97500000000000e+00 -4.60202677844488e+01 -1.62009168963761e+01
3.00000000000000e+00 -4.62443616932742e+01 -1.63656270200127e+01
3.02500000000000e+00 -4.64664099507748e+01 -1.65299319753934e+01
3.05000000000000e+00 -4.66864239217559e+01 -1.66938214962120e+01
3.07500000000000e+00 -4.69044451101849e+01 -1.68572945067095e+01
3.10000000000000e+00 -4.71204845233569e+01 -1.70203412966206e+01
3.12500000000000e+00 -4.73345631312442e+01 -1.71829554163909e+01
3.15000000000000e+00 -4.75467017375381e+01 -1.73451306876369e+01
3.17500000000000e+00 -4.77569209772439e+01 -1.75068611959573e+01
3.20000000000000e+00 -4.79652413144926e+01 -1.76681412838848e+01
3.22500000000000e+00 -4.81716830405687e+01 -1.78289655439839e+01
3.25000000000000e+00 -4.83762662721387e+01 -1.79893288120892e+01
3.27500000000000e+00 -4.85790109496703e+01 -1.81492261606833e+01
3.30000000000000e+00 -4.87799368360405e+01 -1.83086528924183e+01
3.32500000000000e+00 -4.89790635153145e+01 -1.84676045337725e+01
3.35000000000000e+00 -4.91764103916962e+01 -1.86260768288475e+01
3.37500000000000e+00 -4.93719966886350e+01 -1.87840657332998e+01
3.40000000000000e+00 -4.95658414480857e+01 -1.89415674084069e+01
3.42500000000000e+00 -4.97579635299123e+01 -1.90985782152686e+01
3.45000000000000e+00 -4.99483816114303e+01 -1.92550947091374e+01
3.47500000000000e+00 -5.01371141870776e+01 -1.94111136338806e+01
3.50000000000000e+00 -5.03241795682084e+01 -1.95666319165668e+01
