0.00000000000000e+00 0.00000000000000e+00
1.00000000000000e+00 1.41892127577332e-02
2.00000000000000e+00 5.68304385954658e-02
3.00000000000000e+00 1.28049202061872e-01
4.00000000000000e+00 2.27991600076136e-01
5.00000000000000e+00 3.56824568001407e-01
6.00000000000000e+00 5.14736004964464e-01
7.00000000000000e+00 7.01941385636030e-01
8.00000000000000e+00 9.18658178623264e-01
9.00000000000000e+00 1.16514024126018e+00
1.00000000000000e+01 1.44166878594815e+00
1.10000000000000e+01 1.74850571418689e+00
1.20000000000000e+01 2.08598208574077e+00
1.30000000000000e+01 2.45438184828144e+00
1.40000000000000e+01 2.85407339243760e+00
1.50000000000000e+01 3.28537892742469e+00
1.60000000000000e+01 3.74864669633606e+00
1.70000000000000e+01 4.24422953524622e+00
1.80000000000000e+01 4.77248133044447e+00
1.90000000000000e+01 5.33375300911332e+00
2.00000000000000e+01 5.92838804346627e+00
2.10000000000000e+01 6.55671743445592e+00
2.20000000000000e+01 7.21905414612514e+00
2.30000000000000e+01 7.91568696356528e+00
2.40000000000000e+01 8.64687376152811e+00
2.50000000000000e+01 9.41283415076003e+00
2.60000000000000e+01 1.02137415076002e+01
2.70000000000000e+01 1.10497143685641e+01
2.80000000000000e+01 1.19208072100171e+01
2.90000000000000e+01 1.28270006296073e+01
3.00000000000000e+01 1.37681909609411e+01
3.10000000000000e+01 1.47441793788984e+01
3.20000000000000e+01 1.57546605665350e+01
3.30000000000000e+01 1.67992110362351e+01
3.40000000000000e+01 1.78772772276254e+01
3.50000000000000e+01 1.89882202746780e+01
3.60000000000000e+01 2.01310799019132e+01
3.70000000000000e+01 2.13048951697359e+01
3.80000000000000e+01 2.25084744021207e+01
3.90000000000000e+01 2.37404390661930e+01
4.00000000000000e+01 2.49992145904027e+01
4.10000000000000e+01 2.62830225785722e+01
4.20000000000000e+01 2.75898747490760e+01
4.30000000000000e+01 2.89175689385397e+01
4.40000000000000e+01 3.02636875102290e+01
