0.00000000000000e+00 1.20193528166096e+02
2.21742374753090e+01 9.10393611939466e+01
2.33530316112761e+01 8.44232506348723e+01
2.41242087229051e+01 7.93633521724802e+01
2.46740779510356e+01 7.52349043722420e+01
2.50806525505967e+01 7.17376920699337e+01
2.53985100690477e+01 6.87142299992860e+01
2.56633748974501e+01 6.60685912796480e+01
2.58559126334227e+01 6.36882562552975e+01
2.63972062745589e+01 5.63747345595688e+01
2.66985730764774e+01 5.11964279134674e+01
2.68482137328092e+01 4.72323516639264e+01
2.69510766004703e+01 4.41101246530206e+01
2.69091664730690e+01 4.14791237361265e+01
