0.00000000000000e+00 7.24036714220887e+01
5.32326237215643e+00 7.09577516176328e+01
8.75916059085629e+00 6.76636991311159e+01
1.09917109167897e+01 6.45074812516157e+01
1.25778214255451e+01 6.17305404103556e+01
1.37838019731073e+01 5.93034323858902e+01
1.47433120436308e+01 5.71684815660743e+01
1.55314968179864e+01 5.52677440077282e+01
1.61941835297959e+01 5.35619171353030e+01
1.80952615067879e+01 4.82383253108720e+01
1.93286840312746e+01 4.43911277316028e+01
2.02272390958178e+01 4.14443178827304e+01
2.09471212257753e+01 3.91138138778096e+01
2.15292819916791e+01 3.71864329459213e+01
