1.20193528166096e+02 -1.00000000000000e-01
7.24036714220887e+01 -1.00000000000000e-01
7.24036714220887e+01 0.00000000000000e+00
7.09577516176328e+01 2.50000000000000e-01
6.76636991311159e+01 5.00000000000000e-01
6.45074812516157e+01 7.50000000000000e-01
6.17305404103556e+01 1.00000000000000e+00
5.93034323858902e+01 1.25000000000000e+00
5.71684815660743e+01 1.50000000000000e+00
5.52677440077282e+01 1.75000000000000e+00
5.35619171353030e+01 2.00000000000000e+00
4.82383253108720e+01 3.00000000000000e+00
4.43911277316028e+01 4.00000000000000e+00
4.14443178827304e+01 5.00000000000000e+00
3.91138138778096e+01 6.00000000000000e+00
3.71864329459213e+01 7.00000000000000e+00
