1.20193528166096e+02 0.00000000000000e+00
9.10393611939466e+01 2.50000000000000e-01
8.44232506348723e+01 5.00000000000000e-01
7.93633521724802e+01 7.50000000000000e-01
7.52349043722420e+01 1.00000000000000e+00
7.17376920699337e+01 1.25000000000000e+00
6.87142299992860e+01 1.50000000000000e+00
6.60685912796480e+01 1.75000000000000e+00
6.36882562552975e+01 2.00000000000000e+00
5.63747345595688e+01 3.00000000000000e+00
5.11964279134674e+01 4.00000000000000e+00
4.72323516639264e+01 5.00000000000000e+00
4.41101246530206e+01 6.00000000000000e+00
4.14791237361265e+01 7.00000000000000e+00
4.14791237361265e+01 7.10000000000000e+00
3.71864329459213e+01 7.10000000000000e+00
