0.00000000000000e+00 0.00000000000000e+00 0.00000000000000e+00 0.00000000000000e+00 0.00000000000000e+00
1.00000000000000e+00 1.39694345037108e-02 -7.36390044452447e-09 5.00139155542147e-07 8.51829428790315e-04
2.00000000000000e+00 5.58954537740648e-02 -2.94651322181291e-08 2.00119024609781e-06 3.40834296502938e-03
3.00000000000000e+00 1.25831256453764e-01 -6.63323270241278e-08 4.50505598010248e-06 7.67261932980686e-03
4.00000000000000e+00 2.23865678432444e-01 -1.18013399553610e-07 8.01491367085255e-06 1.36497996455484e-02
5.00000000000000e+00 3.50123451015737e-01 -1.84575446527388e-07 1.25352244702234e-05 2.13471023718622e-02
6.00000000000000e+00 5.04765564252455e-01 -2.66105150528203e-07 1.80717463624437e-05 3.07738443260491e-02
7.00000000000000e+00 6.87989737328621e-01 -3.62709082874879e-07 2.46315509865464e-05 4.19414678996826e-02
8.00000000000000e+00 9.00030998508697e-01 -4.74513764197152e-07 3.22230443775692e-05 5.48635746160506e-02
9.00000000000000e+00 1.14116237769608e+00 -6.01666209609147e-07 4.08559917353503e-05 6.95559652078339e-02
1.00000000000000e+01 1.41169571530163e+00 -7.44334393116414e-07 5.05415463521653e-05 8.60366864304547e-02
1.10000000000000e+01 1.71198259175603e+00 -9.02707712022962e-07 6.12922828558471e-05 1.04326084864393e-01
1.20000000000000e+01 2.04241538268424e+00 -1.07699741095508e-06 7.31222349461701e-05 1.24446867999742e-01
1.30000000000000e+01 2.40342844548499e+00 -1.26743747029217e-06 8.60469378322518e-05 1.46424172938738e-01
1.40000000000000e+01 2.79555722975572e+00 -1.47431574162975e-06 1.00085544065642e-04 1.70289131734591e-01
1.50000000000000e+01 3.21921927928284e+00 -1.69785814889476e-06 1.15252984329534e-04 1.96065641084610e-01
1.60000000000000e+01 3.67503196388263e+00 -1.93839676330911e-06 1.31571340861861e-04 2.23789554504861e-01
1.70000000000000e+01 4.16361248013368e+00 -2.19626401954375e-06 1.49062688217654e-04 2.53496591270796e-01
1.80000000000000e+01 4.68562819300714e+00 -2.47181938883567e-06 1.67750895244521e-04 2.85225374573139e-01
1.90000000000000e+01 5.24179878233719e+00 -2.76545059048464e-06 1.87661701848316e-04 3.19017555963747e-01
2.00000000000000e+01 5.83301738682106e+00 -3.07763788194011e-06 2.08827054575125e-04 3.54925060764557e-01
2.10000000000000e+01 6.45989614220317e+00 -3.40871270848408e-06 2.31268841596427e-04 3.92982874212109e-01
2.20000000000000e+01 7.12342960145510e+00 -3.75921004682975e-06 2.55022636276600e-04 4.33248771470539e-01
2.30000000000000e+01 7.82457265344832e+00 -4.12964437920593e-06 2.80122590807730e-04 4.75778022907941e-01
2.40000000000000e+01 8.56434654423486e+00 -4.52056596737476e-06 3.06605230645408e-04 5.20629742216670e-01
2.50000000000000e+01 9.34403507851789e+00 -4.93266536440628e-06 3.34516475238711e-04 5.67878530266896e-01
2.60000000000000e+01 1.01644457545182e+01 -5.36637988019499e-06 3.63885198449566e-04 6.17570584773861e-01
2.70000000000000e+01 1.10269902636191e+01 -5.82246904235150e-06 3.94761893287357e-04 6.69787897016471e-01
2.80000000000000e+01 1.19329948178423e+01 -6.30164765406977e-06 4.27193992262471e-04 7.24607252048654e-01
2.90000000000000e+01 1.28841414770538e+01 -6.80482086485343e-06 4.61241658598853e-04 7.82126340543025e-01
3.00000000000000e+01 1.38814391089088e+01 -7.33253471641809e-06 4.96940967497166e-04 8.42403015723364e-01
3.10000000000000e+01 1.49267290230335e+01 -7.88578039471859e-06 5.34357777419207e-04 9.05544190780000e-01
3.20000000000000e+01 1.60217233802748e+01 -8.46548073710915e-06 5.73553324182082e-04 9.71649037078616e-01
3.30000000000000e+01 1.71686217821252e+01 -9.07282006229653e-06 6.14606280782670e-04 1.04084525429620e+00
3.40000000000000e+01 1.83686728806467e+01 -9.70847373925988e-06 6.57561297896305e-04 1.11320464901804e+00
3.50000000000000e+01 1.96242785551724e+01 -1.03737352223593e-05 7.02504282627060e-04 1.18886666589841e+00
3.60000000000000e+01 2.09381140467822e+01 -1.10700455464340e-05 7.49530918715345e-04 1.26798658640473e+00
3.70000000000000e+01 2.23116787037056e+01 -1.17982151623358e-05 7.98694823227362e-04 1.35065088817234e+00
3.80000000000000e+01 2.37484009262560e+01 -1.25600901889883e-05 8.50118619424488e-04 1.43705874318429e+00
3.90000000000000e+01 2.52500335112496e+01 -1.33566175119537e-05 9.03864989654259e-04 1.52731148962903e+00
4.00000000000000e+01 2.68198890503344e+01 -1.41895821503431e-05 9.60052411421966e-04 1.62160146245075e+00
4.10000000000000e+01 2.84616792848040e+01 -1.50609843052582e-05 1.01881363738742e-03 1.72014413914607e+00
4.20000000000000e+01 3.01775019572806e+01 -1.59719568067996e-05 1.08022368718419e-03 1.82306115505230e+00
4.30000000000000e+01 3.19721438933090e+01 -1.69250791129832e-05 1.14445376567594e-03 1.93063055064862e+00
4.40000000000000e+01 3.38480490467304e+01 -1.79216703820890e-05 1.21159127533202e-03 2.04299434305649e+00
4.50000000000000e+01 3.58106785937798e+01 -1.89646741874404e-05 1.28183153776715e-03 2.16046981150541e+00
4.60000000000000e+01 3.78628744701686e+01 -2.00556241424095e-05 1.35527618977413e-03 2.28322245328979e+00
4.70000000000000e+01 4.00109015940259e+01 -2.11978976370657e-05 1.43214929731527e-03 2.41161639978038e+00
4.80000000000000e+01 4.22589714964166e+01 -2.23937664496681e-05 1.51260148199601e-03 2.54589701182015e+00
4.90000000000000e+01 4.46115806800592e+01 -2.36456556329893e-05 1.59679355835633e-03 2.68632656569225e+00
5.00000000000000e+01 4.70763551007352e+01 -2.49576773497950e-05 1.68499826720458e-03 2.83334880889424e+00
5.10000000000000e+01 4.96575899593820e+01 -2.63321483854437e-05 1.77736922244617e-03 2.98721524242593e+00
5.20000000000000e+01 5.23641737648628e+01 -2.77738623897381e-05 1.87422431837595e-03 3.14844361655563e+00
5.30000000000000e+01 5.52023562546010e+01 -2.92861902106658e-05 1.97578707256411e-03 3.31739973915743e+00
5.40000000000000e+01 5.81800486358944e+01 -3.08733985777689e-05 2.08234042490846e-03 3.49454632214892e+00
5.50000000000000e+01 6.13044998191285e+01 -3.25393970108129e-05 2.19414362873915e-03 3.68030877992988e+00
5.60000000000000e+01 6.45876078895274e+01 -3.42906031910033e-05 2.31162221185127e-03 3.87538241477706e+00
5.70000000000000e+01 6.80381759661676e+01 -3.61317649533795e-05 2.43509101251595e-03 4.08028504113547e+00
5.80000000000000e+01 7.16671830431745e+01 -3.80688039722415e-05 2.56494268782530e-03 4.29566191759382e+00
5.90000000000000e+01 7.54865874559251e+01 -4.01081700536470e-05 2.70160492038076e-03 4.52221692106567e+00
6.00000000000000e+01 7.95094337863407e+01 -4.22568990449490e-05 2.84554424173480e-03 4.76071913520803e+00
