0.00000000000000e+00 0.00000000000000e+00 0.00000000000000e+00 0.00000000000000e+00 0.00000000000000e+00
1.00000000000000e+00 1.00270819751266e-02 -5.29357388063001e-09 3.58910858791835e-07 6.11432253535860e-04
2.00000000000000e+00 4.01212344031208e-02 -2.12755968310719e-08 1.43511242500133e-06 2.44647593732760e-03
3.00000000000000e+00 9.03212151043592e-02 -4.82506794833397e-08 3.22700681220594e-06 5.50737403259885e-03
4.00000000000000e+00 1.60691748361466e-01 -8.67284580797791e-08 5.73191464262897e-06 9.79787222561677e-03
5.00000000000000e+00 2.51323717518145e-01 -1.37426905897147e-07 8.94605053988811e-06 1.53232300261024e-02
6.00000000000000e+00 3.62334436075494e-01 -2.01276674442811e-07 1.28644884984910e-05 2.20902364175084e-02
7.00000000000000e+00 4.93867998758451e-01 -2.79426787488836e-07 1.74811168071694e-05 3.01072301245265e-02
8.00000000000000e+00 6.46095714466983e-01 -3.73251809093621e-07 2.27885821054994e-05 3.93841246088132e-02
9.00000000000000e+00 8.19231756921742e-01 -4.84378193653250e-07 2.87786605370889e-05 4.99333566447700e-02
1.00000000000000e+01 1.01347718570773e+00 -6.14630576218272e-07 3.54405093198728e-05 6.17664850335628e-02
1.10000000000000e+01 1.22910019427300e+00 -7.66130347934867e-07 4.27629508554515e-05 7.48990629789802e-02
1.20000000000000e+01 1.46641024920113e+00 -9.41294727230776e-07 5.07334124192090e-05 8.93490587740962e-02
1.30000000000000e+01 1.72568281135312e+00 -1.14272199070272e-06 5.93360271682384e-05 1.05132299688525e-01
1.40000000000000e+01 2.00728563961649e+00 -1.37340558495135e-06 6.85546026494104e-05 1.22270116360009e-01
1.50000000000000e+01 2.31163228922837e+00 -1.63670515162054e-06 7.83710047505977e-05 1.40786513694087e-01
1.60000000000000e+01 2.63911058803142e+00 -1.93620110742049e-06 8.87637410042979e-05 1.60703857995095e-01
1.70000000000000e+01 2.99014316432043e+00 -2.27581145259290e-06 9.97092386447863e-05 1.82046537756984e-01
1.80000000000000e+01 3.36527736694772e+00 -2.66009002118583e-06 1.11182404629525e-04 2.04846351924618e-01
1.90000000000000e+01 3.76497820534236e+00 -3.09366921280274e-06 1.23153981741356e-04 2.29130070289730e-01
2.00000000000000e+01 4.18987800274222e+00 -3.58203498698659e-06 1.35592651168957e-04 2.54934406783471e-01
2.10000000000000e+01 4.64051844068768e+00 -4.13071473646452e-06 1.48463012657883e-04 2.82290566421765e-01
2.20000000000000e+01 5.11762447187725e+00 -4.74628282933764e-06 1.61726215078303e-04 3.11240617328697e-01
2.30000000000000e+01 5.62182297832599e+00 -5.43531532980230e-06 1.75339481434251e-04 3.41820695765852e-01
2.40000000000000e+01 6.15394089213028e+00 -6.20566548197708e-06 1.89254834481344e-04 3.74078762075922e-01
2.50000000000000e+01 6.71470018406160e+00 -7.06514832745400e-06 2.03420571556071e-04 4.08056457964397e-01
2.60000000000000e+01 7.30504107718360e+00 -8.02312893697641e-06 2.17777636405917e-04 4.43808288298155e-01
2.70000000000000e+01 7.92579214316039e+00 -9.08889545125270e-06 2.32263464183535e-04 4.81382068055320e-01
2.80000000000000e+01 8.57802049938277e+00 -1.02736107010435e-05 2.46805515050591e-04 5.20839632351358e-01
2.90000000000000e+01 9.26267477618723e+00 -1.15883246863916e-05 2.61327945049460e-04 5.62235749757101e-01
3.00000000000000e+01 9.98096529395523e+00 -1.30463496753504e-05 2.75741755160664e-04 6.05640528783174e-01
3.10000000000000e+01 1.07340285756657e+01 -1.46612302202576e-05 2.89952878133630e-04 6.51119657852497e-01
3.20000000000000e+01 1.15230815611053e+01 -1.64477344648394e-05 3.03857936034722e-04 6.98743498192312e-01
3.30000000000000e+01 1.23495766351305e+01 -1.84231713640962e-05 3.17336391204870e-04 7.48596138392041e-01
3.40000000000000e+01 1.32148490070615e+01 -2.06048287727955e-05 3.30263866617043e-04 8.00754749861459e-01
3.50000000000000e+01 1.41205497246576e+01 -2.30134438380983e-05 3.42492413864926e-04 8.55314908642964e-01
3.60000000000000e+01 1.50682039597470e+01 -2.56697510014898e-05 3.53869924068010e-04 9.12364793673662e-01
3.70000000000000e+01 1.60596921287085e+01 -2.85986673359404e-05 3.64214525539072e-04 9.72013249781336e-01
3.80000000000000e+01 1.70967580639592e+01 -3.18251420392728e-05 3.73339663012968e-04 1.03436113061224e+00
3.90000000000000e+01 1.81815486268224e+01 -3.53792181881648e-05 3.81021285323263e-04 1.09953270250613e+00
4.00000000000000e+01 1.93160605918158e+01 -3.92910253601527e-05 3.87029882393481e-04 1.16764348746438e+00
4.10000000000000e+01 2.05027522430853e+01 -4.35969306846232e-05 3.91088692899367e-04 1.23883578722351e+00
4.20000000000000e+01 2.17439144146556e+01 -4.83334643785992e-05 3.92914413355287e-04 1.31324218630877e+00
4.30000000000000e+01 2.30423716718985e+01 -5.35448447964251e-05 3.92164052737447e-04 1.39102621314884e+00
4.40000000000000e+01 2.44007584335489e+01 -5.92755541967912e-05 3.88486627446521e-04 1.47234040271790e+00
4.50000000000000e+01 2.58223328629816e+01 -6.55796231278024e-05 3.81455438307913e-04 1.55737343058129e+00
4.60000000000000e+01 2.73102598180150e+01 -7.25130051461391e-05 3.70622362953315e-04 1.64630861856292e+00
4.70000000000000e+01 2.88679334031055e+01 -8.01374774121312e-05 3.55488893692886e-04 1.73934262852311e+00
4.80000000000000e+01 3.04994016206582e+01 -8.85265054641004e-05 3.35459980736355e-04 1.83671000128196e+00
4.90000000000000e+01 3.22086293050851e+01 -9.77567827721387e-05 3.09906802397721e-04 1.93864058594544e+00
5.00000000000000e+01 3.39998755172067e+01 -1.07913290271035e-04 2.78127571349924e-04 2.04538138294495e+00
5.10000000000000e+01 3.58782296995661e+01 -1.19097354266554e-04 2.39282411496373e-04 2.15722751410878e+00
5.20000000000000e+01 3.78487061710080e+01 -1.31415507753844e-04 1.92478553265238e-04 2.27446998443516e+00
5.30000000000000e+01 3.99167020136385e+01 -1.44986266802594e-04 1.36716054918280e-04 2.39742216694623e+00
5.40000000000000e+01 4.20887024950236e+01 -1.59951650193744e-04 7.07926292605066e-05 2.52646055150542e+00
5.50000000000000e+01 4.43711202721035e+01 -1.76461904910553e-04 -6.57659377307223e-06 2.66195783038524e+00
5.60000000000000e+01 4.67711527775866e+01 -1.94689310779071e-04 -9.68726060528549e-05 2.80433244857206e+00
5.70000000000000e+01 4.92966483282306e+01 -2.14828187817882e-04 -2.01776378006480e-04 2.95404097129950e+00
5.80000000000000e+01 5.19561793472399e+01 -2.37098188439773e-04 -3.23199658178916e-04 3.11158242354899e+00
5.90000000000000e+01 5.47591255766859e+01 -2.61748158188568e-04 -4.63321200884668e-04 3.27750323150002e+00
6.00000000000000e+01 5.77157688758893e+01 -2.89060678164914e-04 -6.24629509341157e-04 3.45240286427894e+00
