0.00000000000000e+00 0.00000000000000e+00 0.00000000000000e+00 0.00000000000000e+00 0.00000000000000e+00
1.00000000000000e+00 1.39694345104888e-02 -7.37914511025233e-09 4.99978739035463e-07 8.51829428593008e-04
2.00000000000000e+00 5.58954538823308e-02 -2.97092891690976e-08 1.99862199584523e-06 3.40834296186872e-03
3.00000000000000e+00 1.25831257000319e-01 -6.75696890909741e-08 4.49204081976259e-06 7.67261931377445e-03
4.00000000000000e+00 2.23865680152978e-01 -1.21929744083292e-07 7.97371997097756e-06 1.36497995947379e-02
5.00000000000000e+00 3.50123455194626e-01 -1.94154831021790e-07 1.24344671271217e-05 2.13471022473715e-02
6.00000000000000e+00 5.04765572862550e-01 -2.86014784926838e-07 1.78623411431078e-05 3.07738440667805e-02
7.00000000000000e+00 6.87989753157819e-01 -3.99694600516858e-07 2.42425587305554e-05 4.19414674168786e-02
8.00000000000000e+00 9.00047352657881e-01 -5.37828434879963e-07 3.15578398523206e-05 5.48645659290699e-02
9.00000000000000e+00 1.14118347526636e+00 -7.03444120929028e-07 3.97865164133284e-05 6.95572421604231e-02
1.00000000000000e+01 1.41172232224916e+00 -9.00078320154865e-07 4.89048526045454e-05 8.60382942756455e-02
1.10000000000000e+01 1.71204192663897e+00 -1.13179029330440e-06 5.88858579248162e-05 1.04329671015978e-01
1.20000000000000e+01 2.04248783341644e+00 -1.40302017546845e-06 6.96972151113544e-05 1.24451240272266e-01
1.30000000000000e+01 2.40354711141333e+00 -1.71894117833901e-06 8.13047690621138e-05 1.46431328291808e-01
1.40000000000000e+01 2.79564128649017e+00 -2.08506129050582e-06 9.36681720649895e-05 1.70294182746447e-01
1.50000000000000e+01 3.21935466769282e+00 -2.50779007614721e-06 1.06744345184197e-04 1.96073771615801e-01
1.60000000000000e+01 3.67522541606446e+00 -2.99395236009766e-06 1.20483985952336e-04 2.23801158767772e-01
1.70000000000000e+01 4.16383925559034e+00 -3.55102241014322e-06 1.34832986019397e-04 2.53510171463914e-01
1.80000000000000e+01 4.68593024771069e+00 -4.18758285193903e-06 1.49731733594472e-04 2.85243438275065e-01
1.90000000000000e+01 5.24214985453038e+00 -4.91250117437741e-06 1.65114324579411e-04 3.19038515681629e-01
2.00000000000000e+01 5.83334620765674e+00 -5.73610746582970e-06 1.80907607065707e-04 3.54944636005269e-01
2.10000000000000e+01 6.46031471678090e+00 -6.66918986134547e-06 1.97031575306883e-04 3.93007757562096e-01
2.20000000000000e+01 7.12391251564614e+00 -7.72349034764177e-06 2.13398862579383e-04 4.33277431779800e-01
2.30000000000000e+01 7.82517033334886e+00 -8.91248042381041e-06 2.29911088505612e-04 4.75813443186413e-01
2.40000000000000e+01 8.56503377625707e+00 -1.02499234586691e-05 2.46463578713316e-04 5.20670405089203e-01
2.50000000000000e+01 9.34467667991191e+00 -1.17518776379222e-05 2.62936900008573e-04 5.67916384326147e-01
2.60000000000000e+01 1.01651825381289e+01 -1.34346891402107e-05 2.79205268987466e-04 6.17613990400827e-01
2.70000000000000e+01 1.10278845271537e+01 -1.53174793396612e-05 2.95123925905920e-04 6.69840514230271e-01
2.80000000000000e+01 1.19340205574787e+01 -1.74196677597172e-05 3.10541604541320e-04 7.24667524414940e-01
2.90000000000000e+01 1.28851025125520e+01 -1.97640231465949e-05 3.25282960972148e-04 7.82182661242275e-01
3.00000000000000e+01 1.38825420703399e+01 -2.23736415121295e-05 3.39165828892557e-04 8.42467580285330e-01
3.10000000000000e+01 1.49280528900221e+01 -2.52756574930774e-05 3.51977786482354e-04 9.05621613589228e-01
3.20000000000000e+01 1.60232431348042e+01 -2.84975871457122e-05 3.63499047608078e-04 9.71737829025414e-01
3.30000000000000e+01 1.71699916553699e+01 -3.20711178302998e-05 3.73477032740326e-04 1.04092510669921e+00
3.40000000000000e+01 1.83703220486893e+01 -3.60312049394142e-05 3.81631054375265e-04 1.11330072491993e+00
3.50000000000000e+01 1.96261759541040e+01 -4.04136459971175e-05 3.87669571232820e-04 1.18897713271574e+00
3.60000000000000e+01 2.09399170327926e+01 -4.52610025755597e-05 3.91246669273143e-04 1.26809138307137e+00
3.70000000000000e+01 2.23137584362924e+01 -5.06161946479722e-05 3.92008485681343e-04 1.35077172753234e+00
3.80000000000000e+01 2.37503888652986e+01 -5.65303465032321e-05 3.89533656935864e-04 1.43717410762330e+00
3.90000000000000e+01 2.52523335202284e+01 -6.30550818898876e-05 3.83391407431715e-04 1.52744495592987e+00
4.00000000000000e+01 2.68226580516230e+01 -7.02520201506428e-05 3.73067081098532e-04 1.62176214457646e+00
4.10000000000000e+01 2.84642479536687e+01 -7.81834723321939e-05 3.58034588231466e-04 1.72029312466956e+00
4.20000000000000e+01 3.01806085390769e+01 -8.69239945823061e-05 3.37663324792906e-04 1.82324138130331e+00
4.30000000000000e+01 3.19750432160639e+01 -9.65490865421163e-05 3.11308561884765e-04 1.93079878225518e+00
4.40000000000000e+01 3.38515731016168e+01 -1.07149346109123e-04 2.78194802840113e-04 2.04319890648356e+00
4.50000000000000e+01 3.58139885836120e+01 -1.18816632833400e-04 2.37528950066019e-04 2.16066212448188e+00
4.60000000000000e+01 3.78669195473987e+01 -1.31661561847935e-04 1.88353388470166e-04 2.28345759365520e+00
4.70000000000000e+01 4.00147264486879e+01 -1.45796398424872e-04 1.29688536302074e-04 2.41183912095599e+00
4.80000000000000e+01 4.22627621388780e+01 -1.61356900492180e-04 6.03464433238462e-05 2.54611819866728e+00
4.90000000000000e+01 4.46162597413511e+01 -1.78484608128103e-04 -2.09199919949453e-05 2.68659974159645e+00
5.00000000000000e+01 4.70808294659374e+01 -1.97336058123638e-04 -1.15496391697417e-04 2.83361089329985e+00
5.10000000000000e+01 4.96631488410097e+01 -2.18097195764535e-04 -2.25034667314313e-04 2.98754097209219e+00
5.20000000000000e+01 5.23697838329373e+01 -2.40963215709359e-04 -3.51279622753339e-04 3.14877345059006e+00
5.30000000000000e+01 5.52077847579038e+01 -2.66150767979412e-04 -4.96176368512185e-04 3.31772050452051e+00
5.40000000000000e+01 5.81855809798703e+01 -2.93918268901388e-04 -6.62052829154282e-04 3.49487482058397e+00
5.50000000000000e+01 6.13114895122241e+01 -3.24538588077733e-04 -8.51381163202963e-04 3.68072361201808e+00
5.60000000000000e+01 6.45948081825912e+01 -3.58323445444892e-04 -1.06699624385641e-03 3.87581195586587e+00
5.70000000000000e+01 6.80456360007374e+01 -3.95623162229988e-04 -1.31209735542901e-03 4.08073265021136e+00
5.80000000000000e+01 7.16749576207967e+01 -4.36832184709054e-04 -1.59030148440003e-03 4.29613137549052e+00
5.90000000000000e+01 7.54943125042644e+01 -4.82385432655285e-04 -1.90561413355409e-03 4.52268790672099e+00
6.00000000000000e+01 7.95175716753155e+01 -5.32805002250831e-04 -2.26285687928166e-03 4.76121923335523e+00
