0.00000000000000e+00 0.00000000000000e+00 0.00000000000000e+00 0.00000000000000e+00 0.00000000000000e+00
1.00000000000000e+00 1.00270799167385e-02 -5.80570641174935e-07 3.97322047666174e-07 6.11426041708250e-04
2.00000000000000e+00 4.01212193006728e-02 -9.23165126634839e-06 2.05007172426242e-06 2.44647182131115e-03
3.00000000000000e+00 9.03211216199309e-02 -4.67259466437896e-05 6.34341713238109e-06 5.50744078287508e-03
4.00000000000000e+00 1.60691304330197e-01 -1.47833492384761e-04 1.55953556342227e-05 9.79783315231892e-03
5.00000000000000e+00 2.51322006616734e-01 -3.61545293604188e-04 3.30708350783724e-05 1.53231976331567e-02
6.00000000000000e+00 3.62329331334174e-01 -7.51388112891516e-04 6.30016210949164e-05 2.20899170523175e-02
7.00000000000000e+00 4.93855069045395e-01 -1.39583039424509e-03 1.10611907830043e-04 3.01064534461292e-02
8.00000000000000e+00 6.46066763358938e-01 -2.38878208590924e-03 1.82149882378841e-04 3.93823332859660e-02
9.00000000000000e+00 8.19157596339925e-01 -3.84018872332180e-03 2.84925233923607e-04 4.99288194617068e-02
1.00000000000000e+01 1.01334632793905e+00 -5.87672255859406e-03 4.27352814235487e-04 6.17584211234882e-02
1.10000000000000e+01 1.22890072938809e+00 -8.64290366518183e-03 6.19025285574996e-04 7.48867170869505e-02
1.20000000000000e+01 1.46604827642860e+00 -1.23008137286149e-02 8.70688447139648e-04 8.93266439097027e-02
1.30000000000000e+01 1.72510256515192e+00 -1.70326767905571e-02 1.19441359478836e-03 1.05096305270606e-01
1.40000000000000e+01 2.00638285958007e+00 -2.30409922394134e-02 1.60360036295918e-03 1.22214022440912e-01
1.50000000000000e+01 2.31027208354288e+00 -3.05509990133225e-02 2.11313806303180e-03 1.40701893064222e-01
1.60000000000000e+01 2.63706580009411e+00 -3.98081726308476e-02 2.73923271964482e-03 1.60576577862006e-01
1.70000000000000e+01 2.98718784510040e+00 -5.10849161498163e-02 3.49985181487798e-03 1.81862435415312e-01
1.80000000000000e+01 3.36110175376817e+00 -6.46807584971513e-02 4.41473027819873e-03 2.04586010088421e-01
1.90000000000000e+01 3.75914858264636e+00 -8.09175139321694e-02 5.50504544741449e-03 2.28766412524774e-01
2.00000000000000e+01 4.18182639912039e+00 -1.00151115587410e-01 6.79419951768689e-03 2.54432019999410e-01
2.10000000000000e+01 4.62967106867462e+00 -1.22770427070397e-01 8.30773393729038e-03 2.81613326950545e-01
2.20000000000000e+01 5.10305674146501e+00 -1.49188194413994e-01 1.00727317980810e-02 3.10330969385258e-01
2.30000000000000e+01 5.60260948825438e+00 -1.79864806895414e-01 1.21193800824287e-02 3.40620503567489e-01
2.40000000000000e+01 6.12872388772634e+00 -2.15283273772281e-01 1.44793240527895e-02 3.72503444565310e-01
2.50000000000000e+01 6.68198567862425e+00 -2.55976548817499e-01 1.71874608044344e-02 4.06012519703564e-01
2.60000000000000e+01 7.26300805380666e+00 -3.02521889883434e-01 2.02815674848011e-02 4.41181855365989e-01
2.70000000000000e+01 7.87218051968203e+00 -3.55521401631989e-01 2.38010380191922e-02 4.78032004548140e-01
2.80000000000000e+01 8.51019029055921e+00 -4.15647461526123e-01 2.77898501081901e-02 5.16600966632429e-01
2.90000000000000e+01 9.17741285230377e+00 -4.83591703842022e-01 3.22932517714939e-02 5.56907897651490e-01
3.00000000000000e+01 9.87452287579062e+00 -5.60125157039567e-01 3.73616835650587e-02 5.98989406933183e-01
3.10000000000000e+01 1.06018603428237e+01 -6.46035489453621e-01 4.30467175874009e-02 6.42861863601283e-01
3.20000000000000e+01 1.13600617059761e+01 -7.42198633639572e-01 4.94057246861739e-02 6.88558840208282e-01
3.30000000000000e+01 1.21494044741430e+01 -8.49502728003728e-01 5.64969664632421e-02 7.36092179234490e-01
3.40000000000000e+01 1.29703664662703e+01 -9.68918773676685e-01 6.43842044353370e-02 7.85485140792497e-01
3.50000000000000e+01 1.38233960988909e+01 -1.10147657433613e+00 7.31351762561557e-02 8.36758739738548e-01
3.60000000000000e+01 1.47085961266738e+01 -1.24821277378511e+00 8.28182707122126e-02 8.89912941260768e-01
3.70000000000000e+01 1.56263728492638e+01 -1.41027431803075e+00 9.35092835408994e-02 9.44965150819144e-01
3.80000000000000e+01 1.65766740673731e+01 -1.58879089157814e+00 1.05283203472187e-01 1.00190494367592e+00
3.90000000000000e+01 1.75596314608163e+01 -1.78498446513227e+00 1.18221384425885e-01 1.06073217378546e+00
4.00000000000000e+01 1.85752886952212e+01 -2.00012425002945e+00 1.32408708232786e-01 1.12144082750700e+00
4.10000000000000e+01 1.96232566609769e+01 -2.23544529934447e+00 1.47928361565657e-01 1.18399844281220e+00
4.20000000000000e+01 2.07033200784154e+01 -2.49227232170218e+00 1.64869997535416e-01 1.24838222355878e+00
4.30000000000000e+01 2.18151355319291e+01 -2.77195615343215e+00 1.83325722949601e-01 1.31456110107620e+00
4.40000000000000e+01 2.29578731882887e+01 -3.07577013435439e+00 2.03383399395460e-01 1.38247424035300e+00
4.50000000000000e+01 2.41308618035217e+01 -3.40506362703744e+00 2.25136843658847e-01 1.45206967901298e+00
4.60000000000000e+01 2.53331510437645e+01 -3.76114261816373e+00 2.48678128038977e-01 1.52327816623779e+00
4.70000000000000e+01 2.65637301158885e+01 -4.14532027394289e+00 2.74101079642610e-01 1.59602640017840e+00
4.80000000000000e+01 2.78210447689667e+01 -4.55875013142298e+00 3.01490288890730e-01 1.67020779644327e+00
4.90000000000000e+01 2.91037012491789e+01 -5.00263122634411e+00 3.30934938773766e-01 1.74572522722952e+00
5.00000000000000e+01 3.04100019145214e+01 -5.47804793163855e+00 3.62518269552650e-01 1.82246300574817e+00
5.10000000000000e+01 3.17380628000107e+01 -5.98598805758055e+00 3.96318904890249e-01 1.90029410921253e+00
5.20000000000000e+01 3.30858201289422e+01 -6.52732622677979e+00 4.32409847386921e-01 1.97908070131051e+00
5.30000000000000e+01 3.44510402825122e+01 -7.10280789483124e+00 4.70857492417049e-01 2.05867487429096e+00
5.40000000000000e+01 3.58313332307096e+01 -7.71303447314570e+00 5.11720685406830e-01 2.13891961261611e+00
5.50000000000000e+01 3.72241693059262e+01 -8.35845000970491e+00 5.55049848199983e-01 2.21964996647053e+00
5.60000000000000e+01 3.86268990714311e+01 -9.03932985889811e+00 6.00886199369399e-01 2.30069441615954e+00
5.70000000000000e+01 4.00367759140892e+01 -9.75577172585196e+00 6.49261091432256e-01 2.38187640253275e+00
5.80000000000000e+01 4.14509808772303e+01 -1.05076894027265e+01 7.00195484771601e-01 2.46301599014651e+00
5.90000000000000e+01 4.28666491559050e+01 -1.12948094287289e+01 7.53699573894351e-01 2.54393162326624e+00
6.00000000000000e+01 4.42808976089507e+01 -1.21166708067854e+01 8.09772576687489e-01 2.62444193029688e+00
