0.00000000000000e+00 0.00000000000000e+00 0.00000000000000e+00 0.00000000000000e+00 0.00000000000000e+00
1.00000000000000e+00 1.00270819716338e-02 -5.28567896102790e-09 3.58993508415925e-07 6.11432253637515e-04
2.00000000000000e+00 4.01212343472961e-02 -2.11498030993043e-08 1.43643564731604e-06 2.44647593895595e-03
3.00000000000000e+00 9.03212148222600e-02 -4.76131495817616e-08 3.23371262879390e-06 5.50737404085815e-03
4.00000000000000e+00 1.60691747472176e-01 -8.47105691276664e-08 5.75313938057978e-06 9.79787225179032e-03
5.00000000000000e+00 2.51323715354243e-01 -1.32491046583450e-07 8.99796643485025e-06 1.53232300902235e-02
6.00000000000000e+00 3.62334431606867e-01 -1.91017761497540e-07 1.29723896231982e-05 2.20902365510322e-02
7.00000000000000e+00 4.93867990520545e-01 -2.60368290036461e-07 1.76815626321863e-05 3.01072303731338e-02
8.00000000000000e+00 6.46095700494690e-01 -3.40634907858990e-07 2.31316124879459e-05 3.93841250353797e-02
9.00000000000000e+00 8.19216601253327e-01 -4.31924792032257e-07 2.93296580531114e-05 4.99324386182639e-02
1.00000000000000e+01 1.01345806817110e+00 -5.34360424863952e-07 3.62838316395733e-05 6.17653286967776e-02
1.10000000000000e+01 1.22907650706394e+00 -6.48079856393254e-07 4.40033038574091e-05 7.48976324589209e-02
1.20000000000000e+01 1.46635814333067e+00 -7.73237289947533e-07 5.24983118364450e-05 8.93459122752714e-02
1.30000000000000e+01 1.72565473397893e+00 -9.10021860339866e-07 6.17814375496852e-05 1.05130611750662e-01
1.40000000000000e+01 2.00725205232942e+00 -1.05858805358016e-06 7.18629000070362e-05 1.22268101055582e-01
1.50000000000000e+01 2.31156048887229e+00 -1.21915666492635e-06 8.27573780852732e-05 1.40782202179304e-01
1.60000000000000e+01 2.63899560554759e+00 -1.39195151837790e-06 9.44797347125890e-05 1.60696959143884e-01
1.70000000000000e+01 2.99000833872171e+00 -1.57721553919754e-06 1.07046097997918e-04 1.82038462011445e-01
1.80000000000000e+01 3.36508647297535e+00 -1.77521148080927e-06 1.20473913938929e-04 2.04834932038666e-01
1.90000000000000e+01 3.76475625525542e+00 -1.98622283342081e-06 1.34782004150307e-04 2.29116814953625e-01
2.00000000000000e+01 4.18967001705483e+00 -2.21060034549355e-06 1.49993701727308e-04 2.54922019719287e-01
2.10000000000000e+01 4.64027788069959e+00 -2.44858781052947e-06 1.66125101791928e-04 2.82276264097311e-01
2.20000000000000e+01 5.11730712141549e+00 -2.70057640059368e-06 1.83202217606564e-04 3.11221774553456e-01
2.30000000000000e+01 5.62145739117249e+00 -2.96694313343248e-06 2.01250072628417e-04 3.41799025088989e-01
2.40000000000000e+01 6.15347740255816e+00 -3.24809135665195e-06 2.20295444961833e-04 3.74051326917900e-01
2.50000000000000e+01 6.71430743080881e+00 -3.54452697104654e-06 2.40371966514107e-04 4.08033281817667e-01
2.60000000000000e+01 7.30454337775948e+00 -3.85657261835620e-06 2.61500945149052e-04 4.43778955948102e-01
2.70000000000000e+01 7.92522066796707e+00 -4.18478548606538e-06 2.83719415556086e-04 4.81348437874250e-01
2.80000000000000e+01 8.57731425413291e+00 -4.52969098006403e-06 3.07062247251445e-04 5.20798123257939e-01
2.90000000000000e+01 9.26205980719833e+00 -4.89195419180169e-06 3.31573637063956e-04 5.62199710113779e-01
3.00000000000000e+01 9.98020416380276e+00 -5.27197929674044e-06 3.57280290550769e-04 6.05595969625330e-01
3.10000000000000e+01 1.07331022236072e+01 -5.67049571680005e-06 3.84230668496589e-04 6.51065483455643e-01
3.20000000000000e+01 1.15222568528139e+01 -6.08831265095232e-06 4.12478523738687e-04 6.98695394515696e-01
3.30000000000000e+01 1.23485703392934e+01 -6.52591813041665e-06 4.42056121572010e-04 7.48537490845796e-01
3.40000000000000e+01 1.32136902053449e+01 -6.98419941493000e-06 4.73022388183549e-04 8.00687276489124e-01
3.50000000000000e+01 1.41194484261833e+01 -7.46414330886780e-06 5.05442846623903e-04 8.55250920014351e-01
3.60000000000000e+01 1.50669325231515e+01 -7.96633759000402e-06 5.39356387144463e-04 9.12290970504365e-01
3.70000000000000e+01 1.60581519468875e+01 -8.49186491228788e-06 5.74834879901993e-04 9.71923866857218e-01
3.80000000000000e+01 1.70953503335887e+01 -9.04193412723256e-06 6.11958570472605e-04 1.03427958395999e+00
3.90000000000000e+01 1.81798362494692e+01 -9.61725228445370e-06 6.50774254887540e-04 1.09943353245714e+00
4.00000000000000e+01 1.93144861994627e+01 -1.02193689890788e-05 6.91384814820503e-04 1.16755244741857e+00
4.10000000000000e+01 2.05008282469194e+01 -1.08491095126015e-05 7.33844896994505e-04 1.23872453124367e+00
4.20000000000000e+01 2.17421342160321e+01 -1.15082370066190e-05 7.78271520688736e-04 1.31313936381038e+00
4.30000000000000e+01 2.30401850833750e+01 -1.21977128946528e-05 8.24728378367426e-04 1.39089989070301e+00
4.40000000000000e+01 2.43987216183949e+01 -1.29195536522423e-05 8.73349260076323e-04 1.47222281740849e+00
4.50000000000000e+01 2.58198172503808e+01 -1.36748783590016e-05 9.24208318065207e-04 1.55722814742348e+00
4.60000000000000e+01 2.73077729061903e+01 -1.44660058396416e-05 9.77459375254035e-04 1.64616501971802e+00
4.70000000000000e+01 2.88650013626033e+01 -1.52942381905318e-05 1.03318872077609e-03 1.73917324914972e+00
4.80000000000000e+01 3.04964775062888e+01 -1.61622580891995e-05 1.09157428044257e-03 1.83654103711943e+00
4.90000000000000e+01 3.22050091619271e+01 -1.70715806535021e-05 1.15271647229551e-03 1.93843129191518e+00
5.00000000000000e+01 3.39963882841336e+01 -1.80253296668842e-05 1.21682244313351e-03 2.04517962276098e+00
5.10000000000000e+01 3.58746996305500e+01 -1.90257089022618e-05 1.28403828027410e-03 2.15702307065821e+00
5.20000000000000e+01 3.78451118170473e+01 -2.00755065585176e-05 1.35454883522302e-03 2.27426153909392e+00
5.30000000000000e+01 3.99123868922035e+01 -2.11772915132636e-05 1.42852441861781e-03 2.39717171455486e+00
5.40000000000000e+01 4.20842643313262e+01 -2.23352391088141e-05 1.50624182672383e-03 2.52620251071648e+00
5.50000000000000e+01 4.43665272193788e+01 -2.35524693729743e-05 1.58790788613167e-03 2.66169023231352e+00
5.60000000000000e+01 4.67663693420601e+01 -2.48328633755309e-05 1.67377987607481e-03 2.80405309023946e+00
5.70000000000000e+01 4.92916344613255e+01 -2.61806530356897e-05 1.76413832139900e-03 2.95374735808920e+00
5.80000000000000e+01 5.19508893473604e+01 -2.76004604149500e-05 1.85928960446738e-03 3.11127169962662e+00
5.90000000000000e+01 5.47535067487665e+01 -2.90973425020951e-05 1.95956893249749e-03 3.27717209495182e+00
6.00000000000000e+01 5.77097598825174e+01 -3.06768422777754e-05 2.06534371689154e-03 3.45204746281784e+00
