0.00000000000000e+00 0.00000000000000e+00 0.00000000000000e+00 0.00000000000000e+00 0.00000000000000e+00
1.00000000000000e+00 1.39694331038459e-02 -1.12394845744560e-06 5.74532216302627e-07 8.51792301243923e-04
2.00000000000000e+00 5.58954242730858e-02 -1.79061734423829e-05 3.19220104640459e-06 3.40832403955104e-03
3.00000000000000e+00 1.25831023596085e-01 -9.06630012269999e-05 1.05406019394066e-05 7.67270833518630e-03
4.00000000000000e+00 2.23864474608762e-01 -2.86872219595948e-04 2.71169567757784e-05 1.36496941984222e-02
5.00000000000000e+00 3.50118849613340e-01 -7.01598266192217e-04 5.92549625385426e-05 2.13467904064745e-02
6.00000000000000e+00 5.04751773758762e-01 -1.45808730273137e-03 1.15162344470714e-04 3.07729783257453e-02
7.00000000000000e+00 6.87954811071170e-01 -2.70853039166015e-03 2.04969064902622e-04 4.19393162092150e-02
8.00000000000000e+00 8.99952789239284e-01 -4.63499379756154e-03 3.40786128097582e-04 5.48587723107836e-02
9.00000000000000e+00 1.14100293917075e+00 -7.45051396044957e-03 5.36774862786918e-04 6.95461011730337e-02
1.00000000000000e+01 1.41142028875054e+00 -1.14007812120981e-02 8.09255739681758e-04 8.60195674397937e-02
1.10000000000000e+01 1.71147681993726e+00 -1.67640558938122e-02 1.17669536938849e-03 1.04294611545408e-01
1.20000000000000e+01 2.04154079983593e+00 -2.38547328616851e-02 1.65994343931283e-03 1.24392372189822e-01
1.30000000000000e+01 2.40198621422326e+00 -3.30238410344461e-02 2.28225835310077e-03 1.46334233504585e-01
1.40000000000000e+01 2.79325751630669e+00 -4.46626193607064e-02 3.06954168569163e-03 1.70145638195679e-01
1.50000000000000e+01 3.21569191395070e+00 -5.91991187501779e-02 4.05010459196270e-03 1.95845413972798e-01
1.60000000000000e+01 3.66976781410014e+00 -7.71076136241501e-02 5.25529416975131e-03 2.23460730931156e-01
1.70000000000000e+01 4.15600038196598e+00 -9.89089982382735e-02 6.71951278929847e-03 2.53020794568082e-01
1.80000000000000e+01 4.67474754660998e+00 -1.25163509936273e-01 8.47973306902934e-03 2.84545099959962e-01
1.90000000000000e+01 5.22659934645498e+00 -1.56491361431658e-01 1.05768668497625e-02 3.18066921272330e-01
2.00000000000000e+01 5.81191449954782e+00 -1.93551410977013e-01 1.30543525829606e-02 3.53605359388917e-01
2.10000000000000e+01 6.43128992563192e+00 -2.37070400094204e-01 1.59600925781823e-02 3.91193557770304e-01
2.20000000000000e+01 7.08506345871178e+00 -2.87813469677428e-01 1.93445138909560e-02 4.30848813466268e-01
2.30000000000000e+01 7.77381113383726e+00 -3.46621478938837e-01 2.32630377750357e-02 4.72602391799986e-01
2.40000000000000e+01 8.49782213696230e+00 -4.14371896571927e-01 2.77735217595440e-02 5.16468004436642e-01
2.50000000000000e+01 9.25761741444352e+00 -4.92024976476995e-01 3.29393137913302e-02 5.62472868307248e-01
2.60000000000000e+01 1.00534031194434e+01 -5.80573580218049e-01 3.88259845524095e-02 6.10624915579749e-01
2.70000000000000e+01 1.08855306527261e+01 -6.81089502653863e-01 4.55043991599321e-02 6.60940331700485e-01
2.80000000000000e+01 1.17543020404607e+01 -7.94707069802789e-01 5.30496811452208e-02 7.13431858135698e-01
2.90000000000000e+01 1.26597045821976e+01 -9.22585167461023e-01 6.15387723619652e-02 7.68092853845582e-01
3.00000000000000e+01 1.36019422093774e+01 -1.06597739271439e+00 7.10550903993996e-02 8.24929119317141e-01
3.10000000000000e+01 1.45808056856469e+01 -1.22614041766963e+00 8.16825856720476e-02 8.83921093808097e-01
3.20000000000000e+01 1.55961936796849e+01 -1.40440773729417e+00 9.35106586533556e-02 9.45055094752641e-01
3.30000000000000e+01 1.66478842374374e+01 -1.60215451171224e+00 1.06631949793157e-01 1.00830961729684e+00
3.40000000000000e+01 1.77352588055939e+01 -1.82073559678623e+00 1.21138350222162e-01 1.07363865877259e+00
3.50000000000000e+01 1.88577820138422e+01 -2.06156802532763e+00 1.37126553799928e-01 1.14100064003175e+00
3.60000000000000e+01 2.00146676353351e+01 -2.32605975487722e+00 1.54693484204693e-01 1.21033828935483e+00
3.70000000000000e+01 2.12050384719814e+01 -2.61563384013188e+00 1.73938044120593e-01 1.28158837660312e+00
3.80000000000000e+01 2.24275542085680e+01 -2.93162379067983e+00 1.94954264432030e-01 1.35465903488692e+00
3.90000000000000e+01 2.36809409301038e+01 -3.27538807197302e+00 2.17839110040598e-01 1.42946211236026e+00
4.00000000000000e+01 2.49636348009665e+01 -3.64820840195124e+00 2.42685841492872e-01 1.50589153150227e+00
4.10000000000000e+01 2.62738675497731e+01 -4.05129223969605e+00 2.69584326422975e-01 1.58382857590698e+00
4.20000000000000e+01 2.76096687802721e+01 -4.48575437723034e+00 2.98619946171845e-01 1.66314213288974e+00
4.30000000000000e+01 2.89689653390544e+01 -4.95263167845069e+00 3.29874811284255e-01 1.74369512913359e+00
4.40000000000000e+01 3.03492189570768e+01 -5.45273501427328e+00 3.63417558401271e-01 1.82532157745190e+00
4.50000000000000e+01 3.17479962808364e+01 -5.98682433053523e+00 3.99315680139480e-01 1.90786285198213e+00
4.60000000000000e+01 3.31626177389056e+01 -6.55546790720385e+00 4.37625807150533e-01 1.99114556031759e+00
4.70000000000000e+01 3.45902704136336e+01 -7.15905999326357e+00 4.78394963306439e-01 2.07498878073430e+00
4.80000000000000e+01 3.60279407029225e+01 -7.79776807021544e+00 5.21656633177389e-01 2.15919939403410e+00
4.90000000000000e+01 3.74728105620054e+01 -8.47169258892383e+00 5.67442719705444e-01 2.24359912510728e+00
5.00000000000000e+01 3.89217299349815e+01 -9.18061321264165e+00 6.15764492722925e-01 2.32798858835015e+00
5.10000000000000e+01 4.03716195161251e+01 -9.92415245056926e+00 6.66624587913964e-01 2.41217449245417e+00
5.20000000000000e+01 4.18194080720121e+01 -1.07017372020915e+01 7.20013921592928e-01 2.49596533145594e+00
5.30000000000000e+01 4.32620627876594e+01 -1.15126044463464e+01 7.75911816509906e-01 2.57917333419977e+00
5.40000000000000e+01 4.46966184894400e+01 -1.23558100974494e+01 8.34286310142040e-01 2.66161632527980e+00
5.50000000000000e+01 4.61202050391480e+01 -1.32302407223415e+01 8.95094632609402e-01 2.74311945044385e+00
5.60000000000000e+01 4.75299896456089e+01 -1.41345726161355e+01 9.58278714133048e-01 2.82350948532841e+00
5.70000000000000e+01 4.89235334472520e+01 -1.50675087556203e+01 1.02378628251203e+00 2.90264521572834e+00
5.80000000000000e+01 5.02983021941348e+01 -1.60274649354897e+01 1.09154143257925e+00 2.98037492239957e+00
5.90000000000000e+01 5.16520244554754e+01 -1.70128098247091e+01 1.16146562600607e+00 3.05656643631982e+00
6.00000000000000e+01 5.29826164294033e+01 -1.80218288227113e+01 1.23347370519095e+00 3.13110047562669e+00
