0.00000000000000e+00 0.00000000000000e+00 0.00000000000000e+00 0.00000000000000e+00 0.00000000000000e+00
1.00000000000000e+00 1.00270798038424e-02 -5.80562766446944e-07 3.97404688929676e-07 6.11426036070680e-04
2.00000000000000e+00 4.01212159904506e-02 -9.23152395824585e-06 2.05139468093126e-06 2.44647156706651e-03
3.00000000000000e+00 9.03210844526795e-02 -4.67252697200564e-05 6.35011889392582e-06 5.50743805997505e-03
4.00000000000000e+00 1.60691096020567e-01 -1.47831081768990e-04 1.56165455722487e-05 9.79781843129572e-03
5.00000000000000e+00 2.51321209797455e-01 -3.61538008370257e-04 3.31225583535758e-05 1.53231414934777e-02
6.00000000000000e+00 3.62326942527307e-01 -7.51367700526406e-04 6.31087273158386e-05 2.20897481393084e-02
7.00000000000000e+00 4.93849013582032e-01 -1.39577625577283e-03 1.10809685063705e-04 3.01060250042180e-02
8.00000000000000e+00 6.46053186450209e-01 -2.38864657878126e-03 1.82485235104358e-04 3.93813735335311e-02
9.00000000000000e+00 8.19129873252397e-01 -3.83986991350526e-03 2.85457061043586e-04 4.99268594846254e-02
1.00000000000000e+01 1.01329373750097e+00 -5.87601723083820e-03 4.28151101126196e-04 6.17547040998250e-02
1.10000000000000e+01 1.22880668846196e+00 -8.64143013123915e-03 6.20168435386799e-04 7.48800729707418e-02
1.20000000000000e+01 1.46588820342467e+00 -1.22978932386634e-02 8.72257005611298e-04 8.93153402412189e-02
1.30000000000000e+01 1.72484103659735e+00 -1.70271525036832e-02 1.19648091984100e-03 1.05077849012102e-01
1.40000000000000e+01 2.00600330439257e+00 -2.30317271464186e-02 1.60626886755267e-03 1.22186912658838e-01
1.50000000000000e+01 2.30963991368086e+00 -3.05334515390506e-02 2.11630937204372e-03 1.40657332788573e-01
1.60000000000000e+01 2.63612249768204e+00 -3.97784514647512e-02 2.74288434440237e-03 1.60510145968395e-01
1.70000000000000e+01 2.98585507819129e+00 -5.10374839853300e-02 3.50388398448215e-03 1.81768187302205e-01
1.80000000000000e+01 3.35913422237923e+00 -6.46023009426498e-02 4.41855687302967e-03 2.04447654452620e-01
1.90000000000000e+01 3.75643219735145e+00 -8.07965698023680e-02 5.50823877427709e-03 2.28575084634771e-01
2.00000000000000e+01 4.17806156743451e+00 -9.99649751156246e-02 6.79561571677114e-03 2.54167196460129e-01
2.10000000000000e+01 4.62446832144354e+00 -1.22486123402561e-01 8.30558284278553e-03 2.81248483905748e-01
2.20000000000000e+01 5.09611776586474e+00 -1.48770534403827e-01 1.00651021309653e-02 3.09844280936264e-01
2.30000000000000e+01 5.59331269264111e+00 -1.79251004418706e-01 1.21025601984746e-02 3.39969931999518e-01
2.40000000000000e+01 6.11656362737762e+00 -2.14405323354756e-01 1.44492700269011e-02 3.71652806613865e-01
2.50000000000000e+01 6.66615190123306e+00 -2.54730578361816e-01 1.71377679786104e-02 4.04906280925284e-01
2.60000000000000e+01 7.24256403449705e+00 -3.00773587843139e-01 2.02038201723543e-02 4.39755480399901e-01
2.70000000000000e+01 7.84603689861154e+00 -3.53098276232751e-01 2.36842731598326e-02 4.76210287770300e-01
2.80000000000000e+01 8.47700486960890e+00 -4.12322182529789e-01 2.76194531599230e-02 5.14291743418904e-01
2.90000000000000e+01 9.13563194930230e+00 -4.79076068240651e-01 3.20505189859442e-02 5.54004392659702e-01
3.00000000000000e+01 9.82220487882883e+00 -5.54039675400314e-01 3.70218080056161e-02 5.95359397344943e-01
3.10000000000000e+01 1.05369658060473e+01 -6.37927746634094e-01 4.25799230432389e-02 6.38364604610723e-01
3.20000000000000e+01 1.12798921106374e+01 -7.31461185722143e-01 4.87718628167919e-02 6.83011649544601e-01
3.30000000000000e+01 1.20511403754235e+01 -8.35418689281278e-01 5.56483946964563e-02 7.29301857631981e-01
3.40000000000000e+01 1.28505232609981e+01 -9.50568305859620e-01 6.32596129216982e-02 7.77215682538249e-01
3.50000000000000e+01 1.36779416597246e+01 -1.07772084164098e+00 7.16584266317673e-02 8.26737843312429e-01
3.60000000000000e+01 1.45331254047040e+01 -1.21769119322740e+00 8.08980635358352e-02 8.77842202182421e-01
3.70000000000000e+01 1.54157570361181e+01 -1.37131257314771e+00 9.10330136285602e-02 9.30498908192566e-01
3.80000000000000e+01 1.63251739331383e+01 -1.53937786727400e+00 1.02115249002921e-01 9.84657253027248e-01
3.90000000000000e+01 1.72607855313924e+01 -1.72270468458609e+00 1.14198467083193e-01 1.04026971074177e+00
4.00000000000000e+01 1.82217875549756e+01 -1.92207801936375e+00 1.27334399273340e-01 1.09727551280743e+00
4.10000000000000e+01 1.92072978290104e+01 -2.13826766970014e+00 1.41573970764751e-01 1.15560846935791e+00
4.20000000000000e+01 2.02160666530534e+01 -2.37195373862848e+00 1.56962493221967e-01 1.21518061372990e+00
4.30000000000000e+01 2.12469034839484e+01 -2.62380869231855e+00 1.73545021147641e-01 1.27590656122345e+00
4.40000000000000e+01 2.22983979546533e+01 -2.89442541734968e+00 1.91361710276572e-01 1.33768778387337e+00
4.50000000000000e+01 2.33689953949647e+01 -3.18432117916115e+00 2.10448099388000e-01 1.40041708044641e+00
4.60000000000000e+01 2.44570058027961e+01 -3.49392741872406e+00 2.30834468935102e-01 1.46397927910320e+00
4.70000000000000e+01 2.55606159135538e+01 -3.82358057130380e+00 2.52545260554487e-01 1.52825214412610e+00
4.80000000000000e+01 2.66779041968332e+01 -4.17351424432540e+00 2.75598578146582e-01 1.59310745811887e+00
4.90000000000000e+01 2.78068584748123e+01 -4.54385305551325e+00 3.00005789064886e-01 1.65841226949359e+00
5.00000000000000e+01 2.89453957356885e+01 -4.93460837883572e+00 3.25771240773498e-01 1.72403026593834e+00
5.10000000000000e+01 3.00913836091250e+01 -5.34567617412487e+00 3.52892104009277e-01 1.78982323780853e+00
5.20000000000000e+01 3.12426062042630e+01 -5.77681572689553e+00 3.81356906525460e-01 1.85564957781051e+00
5.30000000000000e+01 3.23970184006376e+01 -6.22773787263955e+00 4.11151462794082e-01 1.92137812445416e+00
5.40000000000000e+01 3.35524146712345e+01 -6.69797895234510e+00 4.42250313048136e-01 1.98687074388731e+00
5.50000000000000e+01 3.47066910831761e+01 -7.18699458930446e+00 4.74622979805528e-01 2.05199658199484e+00
5.60000000000000e+01 3.58578045457133e+01 -7.69414557322417e+00 5.08232948073989e-01 2.11663006701423e+00
5.70000000000000e+01 3.70037485375772e+01 -8.21868814665996e+00 5.43036839535979e-01 2.18064989643059e+00
5.80000000000000e+01 3.81427447143573e+01 -8.75986218773901e+00 5.78990628536480e-01 2.24394885245128e+00
5.90000000000000e+01 3.92729849876039e+01 -9.31678286886482e+00 6.16041749125953e-01 2.30642084497611e+00
6.00000000000000e+01 4.03928287046050e+01 -9.88853352308794e+00 6.54135590840076e-01 2.36797096689845e+00
