0.00000000000000e+00 0.00000000000000e+00 0.00000000000000e+00 0.00000000000000e+00 0.00000000000000e+00
1.00000000000000e+00 1.39694329796148e-02 -1.12393319258826e-06 5.74692623344494e-07 8.51792289309477e-04
2.00000000000000e+00 5.58954155226952e-02 -1.79059235510146e-05 3.19476851391678e-06 3.40832335518139e-03
3.00000000000000e+00 1.25830923637998e-01 -9.06616163046454e-05 1.05536032811132e-05 7.67270158638853e-03
4.00000000000000e+00 2.23863911920972e-01 -2.86866825447657e-04 2.71580271022332e-05 1.36496542982642e-02
5.00000000000000e+00 3.50116697161398e-01 -7.01579846092906e-04 5.93550249586681e-05 2.13466383857694e-02
6.00000000000000e+00 5.04745319588501e-01 -1.45802917774873e-03 1.15368846736094e-04 3.07725217055731e-02
7.00000000000000e+00 6.87938451277666e-01 -2.70836138493451e-03 2.05348239901017e-04 4.19381587927057e-02
8.00000000000000e+00 8.99916112017819e-01 -4.63454332314102e-03 3.41423408734993e-04 5.48561778862969e-02
9.00000000000000e+00 1.14092806125394e+00 -7.44941006559270e-03 5.37772152039291e-04 6.95408057007559e-02
1.00000000000000e+01 1.41127823702558e+00 -1.13982737300853e-02 8.10723931530427e-04 8.60095246101810e-02
1.10000000000000e+01 1.71122299344162e+00 -1.67587312372898e-02 1.17873842306351e-03 1.04276673357388e-01
1.20000000000000e+01 2.04110896138988e+00 -2.38440655701316e-02 1.66263276943658e-03 1.24361870790513e-01
1.30000000000000e+01 2.40131940892988e+00 -3.30045759280986e-02 2.28566268448255e-03 1.46286770465801e-01
1.40000000000000e+01 2.79214545223064e+00 -4.46255691431079e-02 3.07337848379564e-03 1.70067176403673e-01
1.50000000000000e+01 3.21403360207626e+00 -5.91357093627716e-02 4.05418495724440e-03 1.95728048108484e-01
1.60000000000000e+01 3.66728229223789e+00 -7.69994881488891e-02 5.25882388210953e-03 2.23285095444056e-01
1.70000000000000e+01 4.15235258412872e+00 -9.87296947592913e-02 6.72120951883936e-03 2.52763493221019e-01
1.80000000000000e+01 4.66952818327042e+00 -1.24875372848064e-01 8.47761260406270e-03 2.84177378039925e-01
1.90000000000000e+01 5.21925612465186e+00 -1.56038624136547e-01 1.05677836789954e-02 3.17550274883891e-01
2.00000000000000e+01 5.80177672660891e+00 -1.92856878582957e-01 1.30337638200807e-02 3.52892840820749e-01
2.10000000000000e+01 6.41743508111981e+00 -2.36020667412147e-01 1.59210715789505e-02 3.90221505249448e-01
2.20000000000000e+01 7.06654882849645e+00 -2.86268279583871e-01 1.92783446977030e-02 4.29550445215654e-01
2.30000000000000e+01 7.74921238549882e+00 -3.44369236542439e-01 2.31562488343548e-02 4.70879902471050e-01
2.40000000000000e+01 8.46567629016945e+00 -4.11153996465642e-01 2.76094540493919e-02 5.14218693133030e-01
2.50000000000000e+01 9.21588842996047e+00 -4.87473346169363e-01 3.26939551011220e-02 5.59556892654756e-01
2.60000000000000e+01 9.99992831055373e+00 -5.74236689059136e-01 3.84696170824026e-02 6.06891531558160e-01
2.70000000000000e+01 1.08175459410098e+01 -6.72361766046078e-01 4.49968722084068e-02 6.56199248497874e-01
2.80000000000000e+01 1.16685356370733e+01 -7.82810294108384e-01 5.23390933550898e-02 7.07458340689399e-01
2.90000000000000e+01 1.25525652673313e+01 -9.06565970572868e-01 6.05611675214061e-02 7.60638602698026e-01
3.00000000000000e+01 1.34689776039347e+01 -1.04459752267968e+00 6.97270946012511e-02 8.15689692949197e-01
3.10000000000000e+01 1.44171294226912e+01 -1.19789762063862e+00 7.99025828663077e-02 8.72561007416947e-01
3.20000000000000e+01 1.53961514043022e+01 -1.36744006902542e+00 9.11522692157261e-02 9.31187603037091e-01
3.30000000000000e+01 1.64050574752139e+01 -1.55418655287338e+00 1.03540206067846e-01 9.91496615198629e-01
3.40000000000000e+01 1.74424953913684e+01 -1.75902742457727e+00 1.17126003992130e-01 1.05339287630151e+00
3.50000000000000e+01 1.85071059731835e+01 -1.98283414932726e+00 1.31968332666360e-01 1.11677983855742e+00
3.60000000000000e+01 1.95972857377203e+01 -2.22640146999822e+00 1.48121155849439e-01 1.18154593781683e+00
3.70000000000000e+01 2.07112507481958e+01 -2.49044339953066e+00 1.65633509332055e-01 1.24756847702211e+00
3.80000000000000e+01 2.18470457653557e+01 -2.77557923086795e+00 1.84548616625363e-01 1.31471435499378e+00
3.90000000000000e+01 2.30025576000447e+01 -3.08232057241065e+00 2.04903065242821e-01 1.38284107775515e+00
4.00000000000000e+01 2.41755325261850e+01 -3.41105990048841e+00 2.26726073879159e-01 1.45179802627335e+00
4.10000000000000e+01 2.53635974193392e+01 -3.76206108853539e+00 2.50038878936750e-01 1.52142795911144e+00
4.20000000000000e+01 2.65642840984323e+01 -4.13545230990560e+00 2.74854265110628e-01 1.59156870996576e+00
4.30000000000000e+01 2.77750561823786e+01 -4.53122162021853e+00 3.01176259262631e-01 1.66205503068762e+00
4.40000000000000e+01 2.89933376457470e+01 -4.94921541251438e+00 3.29000000037608e-01 1.73272052502413e+00
4.50000000000000e+01 3.02165421733055e+01 -5.38913981029072e+00 3.58311787870836e-01 1.80339960878087e+00
4.60000000000000e+01 3.14421023887237e+01 -5.85056493317888e+00 3.89089312145324e-01 1.87392943323254e+00
4.70000000000000e+01 3.26674614638875e+01 -6.33291766001411e+00 4.21301011107136e-01 1.94414977775434e+00
4.80000000000000e+01 3.38902499665673e+01 -6.83554883630546e+00 4.54910810744753e-01 2.01391273406548e+00
4.90000000000000e+01 3.51080775561898e+01 -7.35765609068446e+00 4.89872403814756e-01 2.08307182063325e+00
5.00000000000000e+01 3.63187128091961e+01 -7.89835675018910e+00 5.26134331391595e-01 2.15149175685147e+00
5.10000000000000e+01 3.75200596625464e+01 -8.45668652706229e+00 5.63639727192338e-01 2.21904729292018e+00
5.20000000000000e+01 3.87101469106633e+01 -9.03160322612530e+00 6.02326289739094e-01 2.28562279924439e+00
5.30000000000000e+01 3.98872379185794e+01 -9.62204597053783e+00 6.42130864519745e-01 2.35111767990190e+00
5.40000000000000e+01 4.10496819909208e+01 -1.02268806973957e+01 6.82984667320298e-01 2.41543898573691e+00
5.50000000000000e+01 4.21960245613299e+01 -1.08449613071974e+01 7.24817981980527e-01 2.47850678943459e+00
5.60000000000000e+01 4.33249793306944e+01 -1.14751303425562e+01 7.67559972312898e-01 2.54025264171869e+00
5.70000000000000e+01 4.44354102678035e+01 -1.21162235829116e+01 8.11138645161944e-01 2.60061862568108e+00
5.80000000000000e+01 4.55263898007116e+01 -1.27671102455040e+01 8.55484640108781e-01 2.65955951124070e+00
5.90000000000000e+01 4.65970943221045e+01 -1.34266562050150e+01 9.00527028838761e-01 2.71703807986814e+00
6.00000000000000e+01 4.76468635261409e+01 -1.40937636296389e+01 9.46197069540908e-01 2.77302734088088e+00
