1.00000000000000e+00 -3.77944560000000e-07
2.00000000000000e+00 -7.56940850000000e-07
3.00000000000000e+00 -1.13609530000000e-06
4.00000000000000e+00 -1.51597450000000e-06
5.00000000000000e+00 -1.89874350000000e-06
6.00000000000000e+00 -2.28410050000000e-06
7.00000000000000e+00 -2.67167230000000e-06
8.00000000000000e+00 -3.06228860000000e-06
9.00000000000000e+00 -3.45638480000000e-06
1.00000000000000e+01 -3.85437390000000e-06
1.10000000000000e+01 -4.25664730000000e-06
1.20000000000000e+01 -4.66353800000000e-06
1.30000000000000e+01 -5.07541180000000e-06
1.40000000000000e+01 -5.49257740000000e-06
1.50000000000000e+01 -5.91539770000000e-06
1.60000000000000e+01 -6.34411570000000e-06
1.70000000000000e+01 -6.77904600000000e-06
1.80000000000000e+01 -7.22041650000000e-06
1.90000000000000e+01 -7.66851940000000e-06
2.00000000000000e+01 -8.12355670000000e-06
2.10000000000000e+01 -8.58579810000000e-06
2.20000000000000e+01 -9.05537950000000e-06
2.30000000000000e+01 -9.53256190000000e-06
2.40000000000000e+01 -1.00174620000000e-05
2.50000000000000e+01 -1.05103140000000e-05
2.60000000000000e+01 -1.10111470000000e-05
2.70000000000000e+01 -1.15202350000000e-05
2.80000000000000e+01 -1.20376180000000e-05
2.90000000000000e+01 -1.25634240000000e-05
3.00000000000000e+01 -1.30977880000000e-05
3.10000000000000e+01 -1.36407640000000e-05
3.20000000000000e+01 -1.41924630000000e-05
3.30000000000000e+01 -1.47529380000000e-05
3.40000000000000e+01 -1.53222550000000e-05
3.50000000000000e+01 -1.59004650000000e-05
3.60000000000000e+01 -1.64876100000000e-05
3.70000000000000e+01 -1.70837560000000e-05
3.80000000000000e+01 -1.76888960000000e-05
3.90000000000000e+01 -1.83030550000000e-05
4.00000000000000e+01 -1.89262670000000e-05
4.10000000000000e+01 -1.95585310000000e-05
4.20000000000000e+01 -2.01998410000000e-05
4.30000000000000e+01 -2.08501830000000e-05
4.40000000000000e+01 -2.15095860000000e-05
4.50000000000000e+01 -2.21780100000000e-05
4.60000000000000e+01 -2.28554220000000e-05
4.70000000000000e+01 -2.35418490000000e-05
4.80000000000000e+01 -2.42372350000000e-05
4.90000000000000e+01 -2.49414770000000e-05
5.00000000000000e+01 -2.56546280000000e-05
5.10000000000000e+01 -2.63766690000000e-05
5.20000000000000e+01 -2.71075370000000e-05
5.30000000000000e+01 -2.78471220000000e-05
5.40000000000000e+01 -2.85954300000000e-05
5.50000000000000e+01 -2.93524730000000e-05
5.60000000000000e+01 -3.01181910000000e-05
5.70000000000000e+01 -3.08924890000000e-05
5.80000000000000e+01 -3.16753100000000e-05
5.90000000000000e+01 -3.24666370000000e-05
6.00000000000000e+01 -3.32664650000000e-05
6.10000000000000e+01 -3.40747380000000e-05
6.20000000000000e+01 -3.48913740000000e-05
6.30000000000000e+01 -3.57162610000000e-05
6.40000000000000e+01 -3.65493870000000e-05
6.50000000000000e+01 -3.73907620000000e-05
6.60000000000000e+01 -3.82404710000000e-05
6.70000000000000e+01 -3.90984720000000e-05
6.80000000000000e+01 -3.99647810000000e-05
6.90000000000000e+01 -4.08392270000000e-05
7.00000000000000e+01 -4.17219490000000e-05
7.10000000000000e+01 -4.26127450000000e-05
7.20000000000000e+01 -4.35117010000000e-05
7.30000000000000e+01 -4.44187660000000e-05
7.40000000000000e+01 -4.53340150000000e-05
7.50000000000000e+01 -4.62573240000000e-05
7.60000000000000e+01 -4.71887710000000e-05
7.70000000000000e+01 -4.81281950000000e-05
7.80000000000000e+01 -4.90755930000000e-05
7.90000000000000e+01 -5.00309610000000e-05
8.00000000000000e+01 -5.09944500000000e-05
8.10000000000000e+01 -5.19663280000000e-05
8.20000000000000e+01 -5.29467830000000e-05
8.30000000000000e+01 -5.39360590000000e-05
8.40000000000000e+01 -5.49343870000000e-05
8.50000000000000e+01 -5.59419170000000e-05
8.60000000000000e+01 -5.69588330000000e-05
8.70000000000000e+01 -5.79853270000000e-05
8.80000000000000e+01 -5.90215490000000e-05
8.90000000000000e+01 -6.00676880000000e-05
9.00000000000000e+01 -6.11238990000000e-05
9.10000000000000e+01 -6.21903710000000e-05
9.20000000000000e+01 -6.32670830000000e-05
9.30000000000000e+01 -6.43541990000000e-05
9.40000000000000e+01 -6.54518030000000e-05
9.50000000000000e+01 -6.65600420000000e-05
9.60000000000000e+01 -6.76790520000000e-05
9.70000000000000e+01 -6.88090570000000e-05
9.80000000000000e+01 -6.99502020000000e-05
9.90000000000000e+01 -7.11027980000000e-05
1.00000000000000e+02 -7.22670460000000e-05
1.01000000000000e+02 -7.34432460000000e-05
1.02000000000000e+02 -7.46317570000000e-05
1.03000000000000e+02 -7.58329270000000e-05
1.04000000000000e+02 -7.70471200000000e-05
1.05000000000000e+02 -7.82747790000000e-05
1.06000000000000e+02 -7.95167800000000e-05
1.07000000000000e+02 -8.07742100000000e-05
1.08000000000000e+02 -8.20482470000000e-05
1.09000000000000e+02 -8.33400140000000e-05
1.10000000000000e+02 -8.46506840000000e-05
1.11000000000000e+02 -8.59814160000000e-05
1.12000000000000e+02 -8.73334520000000e-05
1.13000000000000e+02 -8.87080120000000e-05
1.14000000000000e+02 -9.01063480000000e-05
1.15000000000000e+02 -9.15298060000000e-05
1.16000000000000e+02 -9.29797490000000e-05
1.17000000000000e+02 -9.44575650000000e-05
1.18000000000000e+02 -9.59647320000000e-05
1.19000000000000e+02 -9.75027980000000e-05
1.20000000000000e+02 -9.90733450000000e-05
1.21000000000000e+02 -1.00678120000000e-04
