1.00000000000000e+00 8.16211626631469e+01
2.00000000000000e+00 8.16293129877827e+01
3.00000000000000e+00 8.16217833674250e+01
4.00000000000000e+00 8.16241309028356e+01
5.00000000000000e+00 8.16275097622775e+01
6.00000000000000e+00 8.16299305089619e+01
7.00000000000000e+00 8.16327380021580e+01
8.00000000000000e+00 8.16359306503165e+01
9.00000000000000e+00 8.16394925379428e+01
1.00000000000000e+01 8.16434061579935e+01
1.10000000000000e+01 8.16476555949740e+01
1.20000000000000e+01 8.16522265249396e+01
1.30000000000000e+01 8.16571030323960e+01
1.40000000000000e+01 8.16622676102993e+01
1.50000000000000e+01 8.16677091178036e+01
1.60000000000000e+01 8.16734116394146e+01
1.70000000000000e+01 8.16793592596379e+01
1.80000000000000e+01 8.16855408376276e+01
1.90000000000000e+01 8.16919436409882e+01
2.00000000000000e+01 8.16985533457748e+01
2.10000000000000e+01 8.17053588111414e+01
2.20000000000000e+01 8.17123473046926e+01
2.30000000000000e+01 8.17195092771317e+01
2.40000000000000e+01 8.17268335876128e+01
2.50000000000000e+01 8.17343090952899e+01
2.60000000000000e+01 8.17419246593168e+01
2.70000000000000e+01 8.17496723219465e+01
2.80000000000000e+01 8.17575409423330e+01
2.90000000000000e+01 8.17655241542785e+01
3.00000000000000e+01 8.17736108169370e+01
3.10000000000000e+01 8.17817929725613e+01
3.20000000000000e+01 8.17900626634044e+01
3.30000000000000e+01 8.17984119317190e+01
3.40000000000000e+01 8.18068344113074e+01
3.50000000000000e+01 8.18153205528731e+01
3.60000000000000e+01 8.18238639902182e+01
3.70000000000000e+01 8.18324583571452e+01
3.80000000000000e+01 8.18410113437870e+01
3.90000000000000e+01 8.18496884712843e+01
4.00000000000000e+01 8.18583974297703e+01
4.10000000000000e+01 8.18671302614978e+01
4.20000000000000e+01 8.18758821918184e+01
4.30000000000000e+01 8.18846452629850e+01
4.40000000000000e+01 8.18934178834483e+01
4.50000000000000e+01 8.19021905039115e+01
4.60000000000000e+01 8.19109599412758e+01
4.70000000000000e+01 8.19197198293436e+01
4.80000000000000e+01 8.19284653934665e+01
4.90000000000000e+01 8.19371918589962e+01
5.00000000000000e+01 8.19458928597351e+01
5.10000000000000e+01 8.19545652125841e+01
5.20000000000000e+01 8.19632025513458e+01
5.30000000000000e+01 8.19718001013716e+01
5.40000000000000e+01 8.19803546795628e+01
5.50000000000000e+01 8.19888599197216e+01
5.60000000000000e+01 8.19972028218385e+01
5.70000000000000e+01 8.20056014281854e+01
5.80000000000000e+01 8.20139379641046e+01
5.90000000000000e+01 8.20222076549476e+01
6.00000000000000e+01 8.20304057260663e+01
6.10000000000000e+01 8.20385274028123e+01
6.20000000000000e+01 8.20465695020867e+01
6.30000000000000e+01 8.20545272492413e+01
6.40000000000000e+01 8.20623958696278e+01
6.50000000000000e+01 8.20701705885978e+01
6.60000000000000e+01 8.20778482230526e+01
6.70000000000000e+01 8.20854239983437e+01
6.80000000000000e+01 8.20928931398230e+01
6.90000000000000e+01 8.21002508728422e+01
7.00000000000000e+01 8.21073810142927e+01
7.10000000000000e+01 8.21145127472927e+01
7.20000000000000e+01 8.21215187478876e+01
7.30000000000000e+01 8.21283974245280e+01
7.40000000000000e+01 8.21351424110162e+01
7.50000000000000e+01 8.21417505242534e+01
7.60000000000000e+01 8.21482153980418e+01
7.70000000000000e+01 8.21545322577331e+01
7.80000000000000e+01 8.21606979202285e+01
7.90000000000000e+01 8.21665993855183e+01
8.00000000000000e+01 8.21724578789735e+01
8.10000000000000e+01 8.21781492597385e+01
8.20000000000000e+01 8.21836671616155e+01
8.30000000000000e+01 8.21890068099562e+01
8.40000000000000e+01 8.21940615709488e+01
8.50000000000000e+01 8.21990510784148e+01
8.60000000000000e+01 8.22038448253007e+01
8.70000000000000e+01 8.22083520932891e+01
8.80000000000000e+01 8.22127781922565e+01
8.90000000000000e+01 8.22169910236001e+01
9.00000000000000e+01 8.22209842211223e+01
9.10000000000000e+01 8.22247530101747e+01
9.20000000000000e+01 8.22282926161090e+01
9.30000000000000e+01 8.22313690811590e+01
9.40000000000000e+01 8.22343723349352e+01
9.50000000000000e+01 8.22371304900989e+01
9.60000000000000e+01 8.22396355889032e+01
9.70000000000000e+01 8.22418796736008e+01
9.80000000000000e+01 8.22438595610929e+01
9.90000000000000e+01 8.22455625189839e+01
1.00000000000000e+02 8.22469837726258e+01
1.01000000000000e+02 8.22481169558206e+01
1.02000000000000e+02 8.22489509277224e+01
1.03000000000000e+02 8.22494793221334e+01
1.04000000000000e+02 8.22496925897572e+01
1.05000000000000e+02 8.22495811812970e+01
1.06000000000000e+02 8.22491339559069e+01
1.07000000000000e+02 8.22483445473892e+01
1.08000000000000e+02 8.22471970402495e+01
1.09000000000000e+02 8.22456866598396e+01
1.10000000000000e+02 8.22437958991156e+01
1.11000000000000e+02 8.22415183918800e+01
1.12000000000000e+02 8.22388366310889e+01
1.13000000000000e+02 8.22357426589952e+01
1.14000000000000e+02 8.22322221516540e+01
1.15000000000000e+02 8.22282591935710e+01
1.16000000000000e+02 8.22238426439002e+01
1.17000000000000e+02 8.22189549955979e+01
1.18000000000000e+02 8.22135835162685e+01
1.19000000000000e+02 8.22077106988684e+01
1.20000000000000e+02 8.22013190363538e+01
1.21000000000000e+02 8.21943926132305e+01
