1.00000000000000e+00 -1.26448200000000e-01
2.00000000000000e+00 -2.54544980000000e-01
3.00000000000000e+00 -3.85505150000000e-01
4.00000000000000e+00 -5.20314590000000e-01
5.00000000000000e+00 -6.59646420000000e-01
6.00000000000000e+00 -8.03964480000000e-01
7.00000000000000e+00 -9.53582680000000e-01
8.00000000000000e+00 -1.10870840000000e+00
9.00000000000000e+00 -1.26947370000000e+00
1.00000000000000e+01 -1.43595780000000e+00
1.10000000000000e+01 -1.60820400000000e+00
1.20000000000000e+01 -1.78621060000000e+00
1.30000000000000e+01 -1.97002530000000e+00
1.40000000000000e+01 -2.15962630000000e+00
1.50000000000000e+01 -2.35496410000000e+00
1.60000000000000e+01 -2.55613610000000e+00
1.70000000000000e+01 -2.76310090000000e+00
1.80000000000000e+01 -2.97581050000000e+00
1.90000000000000e+01 -3.19438160000000e+00
2.00000000000000e+01 -3.41894900000000e+00
2.10000000000000e+01 -3.64933080000000e+00
2.20000000000000e+01 -3.88566070000000e+00
2.30000000000000e+01 -4.12806830000000e+00
2.40000000000000e+01 -4.37672200000000e+00
2.50000000000000e+01 -4.63175300000000e+00
2.60000000000000e+01 -4.89326890000000e+00
2.70000000000000e+01 -5.16136770000000e+00
2.80000000000000e+01 -5.43615080000000e+00
2.90000000000000e+01 -5.71773780000000e+00
3.00000000000000e+01 -6.00645290000000e+00
3.10000000000000e+01 -6.30278610000000e+00
3.20000000000000e+01 -6.60720300000000e+00
3.30000000000000e+01 -6.92015090000000e+00
3.40000000000000e+01 -7.24206820000000e+00
3.50000000000000e+01 -7.57331850000000e+00
3.60000000000000e+01 -7.91398150000000e+00
3.70000000000000e+01 -8.26408570000000e+00
3.80000000000000e+01 -8.62366930000000e+00
3.90000000000000e+01 -8.99276250000000e+00
4.00000000000000e+01 -9.37136760000000e+00
4.10000000000000e+01 -9.75943570000000e+00
4.20000000000000e+01 -1.01568400000000e+01
4.30000000000000e+01 -1.05636440000000e+01
4.40000000000000e+01 -1.09806120000000e+01
4.50000000000000e+01 -1.14085350000000e+01
4.60000000000000e+01 -1.18447460000000e+01
4.70000000000000e+01 -1.22952440000000e+01
4.80000000000000e+01 -1.27578410000000e+01
4.90000000000000e+01 -1.32325890000000e+01
5.00000000000000e+01 -1.37192910000000e+01
5.10000000000000e+01 -1.42174560000000e+01
5.20000000000000e+01 -1.47262480000000e+01
5.30000000000000e+01 -1.52444270000000e+01
5.40000000000000e+01 -1.57697560000000e+01
5.50000000000000e+01 -1.62968260000000e+01
5.60000000000000e+01 -1.68181370000000e+01
5.70000000000000e+01 -1.73244070000000e+01
5.80000000000000e+01 -1.77964420000000e+01
5.90000000000000e+01 -1.82334370000000e+01
6.00000000000000e+01 -1.86124640000000e+01
6.10000000000000e+01 -1.89126830000000e+01
6.20000000000000e+01 -1.91087990000000e+01
6.30000000000000e+01 -1.91701060000000e+01
6.40000000000000e+01 -1.90596550000000e+01
6.50000000000000e+01 -1.87337840000000e+01
6.60000000000000e+01 -1.81428750000000e+01
6.70000000000000e+01 -1.72421190000000e+01
6.80000000000000e+01 -1.60035450000000e+01
6.90000000000000e+01 -1.44081850000000e+01
7.00000000000000e+01 -1.24554330000000e+01
7.10000000000000e+01 -1.01759190000000e+01
7.20000000000000e+01 -7.63664260000000e+00
7.30000000000000e+01 -4.92974220000000e+00
7.40000000000000e+01 -2.14940510000000e+00
7.50000000000000e+01 6.27908710000000e-01
7.60000000000000e+01 3.35063000000000e+00
7.70000000000000e+01 5.98918840000000e+00
7.80000000000000e+01 8.52951270000000e+00
7.90000000000000e+01 1.09670710000000e+01
8.00000000000000e+01 1.33026410000000e+01
8.10000000000000e+01 1.55396810000000e+01
8.20000000000000e+01 1.76827900000000e+01
8.30000000000000e+01 1.97368860000000e+01
8.40000000000000e+01 2.17067460000000e+01
8.50000000000000e+01 2.35968120000000e+01
8.60000000000000e+01 2.54111230000000e+01
8.70000000000000e+01 2.71539600000000e+01
8.80000000000000e+01 2.88297550000000e+01
8.90000000000000e+01 3.04425730000000e+01
9.00000000000000e+01 3.19769730000000e+01
9.10000000000000e+01 3.34748860000000e+01
9.20000000000000e+01 3.49198670000000e+01
9.30000000000000e+01 3.63144200000000e+01
9.40000000000000e+01 3.76608130000000e+01
9.50000000000000e+01 3.89609110000000e+01
9.60000000000000e+01 4.02163480000000e+01
9.70000000000000e+01 4.14283850000000e+01
9.80000000000000e+01 4.25979530000000e+01
9.90000000000000e+01 4.37256990000000e+01
1.00000000000000e+02 4.48118580000000e+01
1.01000000000000e+02 4.58562250000000e+01
1.02000000000000e+02 4.68581420000000e+01
1.03000000000000e+02 4.78163350000000e+01
1.04000000000000e+02 4.87287810000000e+01
1.05000000000000e+02 4.95925310000000e+01
1.06000000000000e+02 5.04033450000000e+01
1.07000000000000e+02 5.11551390000000e+01
1.08000000000000e+02 5.18390530000000e+01
1.09000000000000e+02 5.24421460000000e+01
1.10000000000000e+02 5.29441120000000e+01
1.11000000000000e+02 5.33116390000000e+01
1.12000000000000e+02 5.34834960000000e+01
1.13000000000000e+02 5.33254210000000e+01
1.14000000000000e+02 5.24020460000000e+01
1.15000000000000e+02 6.52639310000000e+01
1.16000000000000e+02 7.49346980000000e+01
1.17000000000000e+02 8.19553780000000e+01
1.18000000000000e+02 8.78729130000000e+01
1.19000000000000e+02 9.31471240000000e+01
1.20000000000000e+02 9.79884870000000e+01
1.21000000000000e+02 1.02513820000000e+02
