1.00000000000000e+00 4.00919864184423e+00
2.00000000000000e+00 4.01472927611667e+00
3.00000000000000e+00 4.02121245272352e+00
4.00000000000000e+00 4.02778332370401e+00
5.00000000000000e+00 4.03406660170234e+00
6.00000000000000e+00 4.03991809234005e+00
7.00000000000000e+00 4.04529259561332e+00
8.00000000000000e+00 4.05018565518374e+00
9.00000000000000e+00 4.05460411471386e+00
1.00000000000000e+01 4.05858251082632e+00
1.10000000000000e+01 4.06216301958106e+00
1.20000000000000e+01 4.06537174238874e+00
1.30000000000000e+01 4.06822475389860e+00
1.40000000000000e+01 4.07073876537968e+00
1.50000000000000e+01 4.07293430781964e+00
1.60000000000000e+01 4.07482475023368e+00
1.70000000000000e+01 4.07641836867886e+00
1.80000000000000e+01 4.07771882371887e+00
1.90000000000000e+01 4.07872547873392e+00
2.00000000000000e+01 4.07943387738562e+00
2.10000000000000e+01 4.07983733516636e+00
2.20000000000000e+01 4.07992518869495e+00
2.30000000000000e+01 4.07968406895616e+00
2.40000000000000e+01 4.07909758299087e+00
2.50000000000000e+01 4.07814488150152e+00
2.60000000000000e+01 4.07680416026092e+00
2.70000000000000e+01 4.07505727560554e+00
2.80000000000000e+01 4.07288560640705e+00
2.90000000000000e+01 4.07026671181847e+00
3.00000000000000e+01 4.06716939747096e+00
3.10000000000000e+01 4.06355673941772e+00
3.20000000000000e+01 4.05938512920434e+00
3.30000000000000e+01 4.05460093161500e+00
3.40000000000000e+01 4.04914080298234e+00
3.50000000000000e+01 4.04293121372267e+00
3.60000000000000e+01 4.03588383284256e+00
3.70000000000000e+01 4.02789505047406e+00
3.80000000000000e+01 4.01884486379008e+00
3.90000000000000e+01 4.00858557700344e+00
4.00000000000000e+01 3.99694832671950e+00
4.10000000000000e+01 3.98372159601891e+00
4.20000000000000e+01 3.96865742150031e+00
4.30000000000000e+01 3.95145340877185e+00
4.40000000000000e+01 3.93174095498532e+00
4.50000000000000e+01 3.90905962489035e+00
4.60000000000000e+01 3.88283964379068e+00
4.70000000000000e+01 3.85235765246994e+00
4.80000000000000e+01 3.81668784662419e+00
4.90000000000000e+01 3.77621442628603e+00
5.00000000000000e+01 3.72646243192056e+00
5.10000000000000e+01 3.66663290571346e+00
5.20000000000000e+01 3.59373516712908e+00
5.30000000000000e+01 3.50344736368776e+00
5.40000000000000e+01 3.38927836103551e+00
5.50000000000000e+01 3.24089263716792e+00
5.60000000000000e+01 3.04051226663176e+00
5.70000000000000e+01 2.75382535355573e+00
5.80000000000000e+01 2.30025795729518e+00
5.90000000000000e+01 1.38253716472025e+00
6.00000000000000e+01 0.00000000000000e+00
6.10000000000000e+01 0.00000000000000e+00
6.20000000000000e+01 0.00000000000000e+00
6.30000000000000e+01 0.00000000000000e+00
6.40000000000000e+01 0.00000000000000e+00
6.50000000000000e+01 0.00000000000000e+00
6.60000000000000e+01 0.00000000000000e+00
6.70000000000000e+01 0.00000000000000e+00
6.80000000000000e+01 0.00000000000000e+00
6.90000000000000e+01 0.00000000000000e+00
7.00000000000000e+01 0.00000000000000e+00
7.10000000000000e+01 0.00000000000000e+00
7.20000000000000e+01 0.00000000000000e+00
7.30000000000000e+01 0.00000000000000e+00
7.40000000000000e+01 0.00000000000000e+00
7.50000000000000e+01 0.00000000000000e+00
7.60000000000000e+01 0.00000000000000e+00
7.70000000000000e+01 0.00000000000000e+00
7.80000000000000e+01 0.00000000000000e+00
7.90000000000000e+01 0.00000000000000e+00
8.00000000000000e+01 0.00000000000000e+00
8.10000000000000e+01 0.00000000000000e+00
8.20000000000000e+01 0.00000000000000e+00
8.30000000000000e+01 0.00000000000000e+00
8.40000000000000e+01 0.00000000000000e+00
8.50000000000000e+01 0.00000000000000e+00
8.60000000000000e+01 0.00000000000000e+00
8.70000000000000e+01 0.00000000000000e+00
8.80000000000000e+01 0.00000000000000e+00
8.90000000000000e+01 0.00000000000000e+00
9.00000000000000e+01 0.00000000000000e+00
9.10000000000000e+01 0.00000000000000e+00
9.20000000000000e+01 0.00000000000000e+00
9.30000000000000e+01 0.00000000000000e+00
9.40000000000000e+01 0.00000000000000e+00
9.50000000000000e+01 0.00000000000000e+00
9.60000000000000e+01 0.00000000000000e+00
9.70000000000000e+01 0.00000000000000e+00
9.80000000000000e+01 0.00000000000000e+00
9.90000000000000e+01 0.00000000000000e+00
1.00000000000000e+02 0.00000000000000e+00
1.01000000000000e+02 0.00000000000000e+00
1.02000000000000e+02 0.00000000000000e+00
1.03000000000000e+02 0.00000000000000e+00
1.04000000000000e+02 0.00000000000000e+00
1.05000000000000e+02 0.00000000000000e+00
1.06000000000000e+02 0.00000000000000e+00
1.07000000000000e+02 0.00000000000000e+00
1.08000000000000e+02 0.00000000000000e+00
1.09000000000000e+02 0.00000000000000e+00
1.10000000000000e+02 0.00000000000000e+00
1.11000000000000e+02 0.00000000000000e+00
1.12000000000000e+02 0.00000000000000e+00
1.13000000000000e+02 0.00000000000000e+00
1.14000000000000e+02 0.00000000000000e+00
1.15000000000000e+02 1.49125671803653e-01
1.16000000000000e+02 1.51498473061475e+00
1.17000000000000e+02 1.94345899460370e+00
1.18000000000000e+02 2.21189338218619e+00
1.19000000000000e+02 2.40553608736149e+00
1.20000000000000e+02 2.55557765925700e+00
1.21000000000000e+02 2.67689590195295e+00
