1.00000000000000e+00 -1.57637140000000e-01
2.00000000000000e+00 -3.15516270000000e-01
3.00000000000000e+00 -4.73555930000000e-01
4.00000000000000e+00 -6.32266190000000e-01
5.00000000000000e+00 -7.91769190000000e-01
6.00000000000000e+00 -9.51997760000000e-01
7.00000000000000e+00 -1.11317340000000e+00
8.00000000000000e+00 -1.27540680000000e+00
9.00000000000000e+00 -1.43879430000000e+00
1.00000000000000e+01 -1.60341990000000e+00
1.10000000000000e+01 -1.76935690000000e+00
1.20000000000000e+01 -1.93666890000000e+00
1.30000000000000e+01 -2.10541040000000e+00
1.40000000000000e+01 -2.27562870000000e+00
1.50000000000000e+01 -2.44736390000000e+00
1.60000000000000e+01 -2.62065030000000e+00
1.70000000000000e+01 -2.79551690000000e+00
1.80000000000000e+01 -2.97198790000000e+00
1.90000000000000e+01 -3.15008350000000e+00
2.00000000000000e+01 -3.32982020000000e+00
2.10000000000000e+01 -3.51121150000000e+00
2.20000000000000e+01 -3.69426780000000e+00
2.30000000000000e+01 -3.87899730000000e+00
2.40000000000000e+01 -4.06540590000000e+00
2.50000000000000e+01 -4.25349770000000e+00
2.60000000000000e+01 -4.44327520000000e+00
2.70000000000000e+01 -4.63473980000000e+00
2.80000000000000e+01 -4.82789100000000e+00
2.90000000000000e+01 -5.02272750000000e+00
3.00000000000000e+01 -5.21924810000000e+00
3.10000000000000e+01 -5.41744880000000e+00
3.20000000000000e+01 -5.61732750000000e+00
3.30000000000000e+01 -5.81887920000000e+00
3.40000000000000e+01 -6.02210110000000e+00
3.50000000000000e+01 -6.22698640000000e+00
3.60000000000000e+01 -6.43353350000000e+00
3.70000000000000e+01 -6.64173420000000e+00
3.80000000000000e+01 -6.85150440000000e+00
3.90000000000000e+01 -7.06299940000000e+00
4.00000000000000e+01 -7.27613230000000e+00
4.10000000000000e+01 -7.49090170000000e+00
4.20000000000000e+01 -7.70730410000000e+00
4.30000000000000e+01 -7.92533080000000e+00
4.40000000000000e+01 -8.14497880000000e+00
4.50000000000000e+01 -8.36624780000000e+00
4.60000000000000e+01 -8.58913300000000e+00
4.70000000000000e+01 -8.81362630000000e+00
4.80000000000000e+01 -9.03972710000000e+00
4.90000000000000e+01 -9.26743660000000e+00
5.00000000000000e+01 -9.49675210000000e+00
5.10000000000000e+01 -9.72766810000000e+00
5.20000000000000e+01 -9.96018020000000e+00
5.30000000000000e+01 -1.01942920000000e+01
5.40000000000000e+01 -1.04300070000000e+01
5.50000000000000e+01 -1.06673250000000e+01
5.60000000000000e+01 -1.09060020000000e+01
5.70000000000000e+01 -1.11465190000000e+01
5.80000000000000e+01 -1.13886360000000e+01
5.90000000000000e+01 -1.16323600000000e+01
6.00000000000000e+01 -1.18776940000000e+01
6.10000000000000e+01 -1.21246440000000e+01
6.20000000000000e+01 -1.23732090000000e+01
6.30000000000000e+01 -1.26233930000000e+01
6.40000000000000e+01 -1.28751960000000e+01
6.50000000000000e+01 -1.31286230000000e+01
6.60000000000000e+01 -1.33836850000000e+01
6.70000000000000e+01 -1.36403940000000e+01
6.80000000000000e+01 -1.38987610000000e+01
6.90000000000000e+01 -1.41587950000000e+01
7.00000000000000e+01 -1.44200670000000e+01
7.10000000000000e+01 -1.46834750000000e+01
7.20000000000000e+01 -1.49485780000000e+01
7.30000000000000e+01 -1.52153850000000e+01
7.40000000000000e+01 -1.54839070000000e+01
7.50000000000000e+01 -1.57541550000000e+01
7.60000000000000e+01 -1.60261440000000e+01
7.70000000000000e+01 -1.62998850000000e+01
7.80000000000000e+01 -1.65753930000000e+01
7.90000000000000e+01 -1.68520800000000e+01
8.00000000000000e+01 -1.71312040000000e+01
8.10000000000000e+01 -1.74121380000000e+01
8.20000000000000e+01 -1.76948960000000e+01
8.30000000000000e+01 -1.79794920000000e+01
8.40000000000000e+01 -1.82652320000000e+01
8.50000000000000e+01 -1.85536680000000e+01
8.60000000000000e+01 -1.88439980000000e+01
8.70000000000000e+01 -1.91355680000000e+01
8.80000000000000e+01 -1.94300480000000e+01
8.90000000000000e+01 -1.97265260000000e+01
9.00000000000000e+01 -2.00250380000000e+01
9.10000000000000e+01 -2.03256150000000e+01
9.20000000000000e+01 -2.06282930000000e+01
9.30000000000000e+01 -2.09307450000000e+01
9.40000000000000e+01 -2.12369980000000e+01
9.50000000000000e+01 -2.15454230000000e+01
9.60000000000000e+01 -2.18560530000000e+01
9.70000000000000e+01 -2.21689250000000e+01
9.80000000000000e+01 -2.24840740000000e+01
9.90000000000000e+01 -2.28015380000000e+01
1.00000000000000e+02 -2.31213560000000e+01
1.01000000000000e+02 -2.34435670000000e+01
1.02000000000000e+02 -2.37682100000000e+01
1.03000000000000e+02 -2.40953280000000e+01
1.04000000000000e+02 -2.44249540000000e+01
1.05000000000000e+02 -2.47571220000000e+01
1.06000000000000e+02 -2.50918650000000e+01
1.07000000000000e+02 -2.54292190000000e+01
1.08000000000000e+02 -2.57692200000000e+01
1.09000000000000e+02 -2.61119060000000e+01
1.10000000000000e+02 -2.64573180000000e+01
1.11000000000000e+02 -2.68054970000000e+01
1.12000000000000e+02 -2.71564840000000e+01
1.13000000000000e+02 -2.75103260000000e+01
1.14000000000000e+02 -2.78670660000000e+01
1.15000000000000e+02 -2.82267530000000e+01
1.16000000000000e+02 -2.85894360000000e+01
1.17000000000000e+02 -2.89551660000000e+01
1.18000000000000e+02 -2.93239940000000e+01
1.19000000000000e+02 -2.96959760000000e+01
1.20000000000000e+02 -3.00711660000000e+01
1.21000000000000e+02 -3.04496230000000e+01
