1.00000000000000e+00 2.76181286268468e+01
2.00000000000000e+00 2.76197822467056e+01
3.00000000000000e+00 2.76213785707848e+01
4.00000000000000e+00 2.76234014301115e+01
5.00000000000000e+00 2.76257091767863e+01
6.00000000000000e+00 2.76281617544594e+01
7.00000000000000e+00 2.76306302476267e+01
8.00000000000000e+00 2.76329952900811e+01
9.00000000000000e+00 2.76351422902634e+01
1.00000000000000e+01 2.76369693890101e+01
1.10000000000000e+01 2.76383810933553e+01
1.20000000000000e+01 2.76392659948389e+01
1.30000000000000e+01 2.76395827131756e+01
1.40000000000000e+01 2.76392230230042e+01
1.50000000000000e+01 2.76380882482600e+01
1.60000000000000e+01 2.76361513326026e+01
1.70000000000000e+01 2.76333104168684e+01
1.80000000000000e+01 2.76294684165421e+01
1.90000000000000e+01 2.76245759935915e+01
2.00000000000000e+01 2.76185822184347e+01
2.10000000000000e+01 2.76113390769745e+01
2.20000000000000e+01 2.76027924565305e+01
2.30000000000000e+01 2.75928580049827e+01
2.40000000000000e+01 2.75814418209147e+01
2.50000000000000e+01 2.75684452282618e+01
2.60000000000000e+01 2.75537631847616e+01
2.70000000000000e+01 2.75372810988550e+01
2.80000000000000e+01 2.75188732381370e+01
2.90000000000000e+01 2.74984059124554e+01
3.00000000000000e+01 2.74757358823614e+01
3.10000000000000e+01 2.74506976267142e+01
3.20000000000000e+01 2.74231160750763e+01
3.30000000000000e+01 2.73927970584173e+01
3.40000000000000e+01 2.73595241260145e+01
3.50000000000000e+01 2.73230649116511e+01
3.60000000000000e+01 2.72831520350225e+01
3.70000000000000e+01 2.72394974256818e+01
3.80000000000000e+01 2.71917779990945e+01
3.90000000000000e+01 2.71396356566388e+01
4.00000000000000e+01 2.70826741025062e+01
4.10000000000000e+01 2.70204556606033e+01
4.20000000000000e+01 2.69524917252547e+01
4.30000000000000e+01 2.68782459443024e+01
4.40000000000000e+01 2.67971135289624e+01
4.50000000000000e+01 2.67084212538256e+01
4.60000000000000e+01 2.66118110202700e+01
4.70000000000000e+01 2.65058313352145e+01
4.80000000000000e+01 2.63898455788868e+01
4.90000000000000e+01 2.62628478920467e+01
5.00000000000000e+01 2.61237225985429e+01
5.10000000000000e+01 2.59712457968631e+01
5.20000000000000e+01 2.58040630784417e+01
5.30000000000000e+01 2.56206927107584e+01
5.40000000000000e+01 2.54195176795913e+01
5.50000000000000e+01 2.51988827735325e+01
5.60000000000000e+01 2.49570738938447e+01
5.70000000000000e+01 2.46923212375607e+01
5.80000000000000e+01 2.44043812976177e+01
5.90000000000000e+01 2.40890237356283e+01
6.00000000000000e+01 2.37456564952041e+01
6.10000000000000e+01 2.33727691959352e+01
6.20000000000000e+01 2.29691252039139e+01
6.30000000000000e+01 2.25339701247097e+01
6.40000000000000e+01 2.20673469301575e+01
6.50000000000000e+01 2.15705766062847e+01
6.60000000000000e+01 2.10469361533698e+01
6.70000000000000e+01 2.05013291352093e+01
6.80000000000000e+01 1.99394692142603e+01
6.90000000000000e+01 1.93702674757864e+01
7.00000000000000e+01 1.88064754138283e+01
7.10000000000000e+01 1.82634132832078e+01
7.20000000000000e+01 1.77555084795164e+01
7.30000000000000e+01 1.72921606936930e+01
7.40000000000000e+01 1.68757445174885e+01
7.50000000000000e+01 1.65027808238469e+01
7.60000000000000e+01 1.61666678657289e+01
7.70000000000000e+01 1.58600639847644e+01
7.80000000000000e+01 1.55762041409425e+01
7.90000000000000e+01 1.53094014098366e+01
8.00000000000000e+01 1.50550734023252e+01
8.10000000000000e+01 1.48096042772562e+01
8.20000000000000e+01 1.45701586893183e+01
8.30000000000000e+01 1.43345043312799e+01
8.40000000000000e+01 1.41008758565121e+01
8.50000000000000e+01 1.38678558310917e+01
8.60000000000000e+01 1.36343082070349e+01
8.70000000000000e+01 1.33994720645589e+01
8.80000000000000e+01 1.31628306275634e+01
8.90000000000000e+01 1.29238975185423e+01
9.00000000000000e+01 1.26775571793148e+01
9.10000000000000e+01 1.24330143360146e+01
9.20000000000000e+01 1.21847531557789e+01
9.30000000000000e+01 1.19322730963117e+01
9.40000000000000e+01 1.16750360547505e+01
9.50000000000000e+01 1.14124733704835e+01
9.60000000000000e+01 1.11439562223306e+01
9.70000000000000e+01 1.08687937186838e+01
9.80000000000000e+01 1.05862099791956e+01
9.90000000000000e+01 1.02953204206923e+01
1.00000000000000e+02 9.99510820224246e+00
1.01000000000000e+02 9.68438634628046e+00
1.02000000000000e+02 9.36174871888412e+00
1.03000000000000e+02 9.02550334385342e+00
1.04000000000000e+02 8.67357850129413e+00
1.05000000000000e+02 8.30338553605687e+00
1.06000000000000e+02 7.91161211546600e+00
1.07000000000000e+02 7.49389643915116e+00
1.08000000000000e+02 7.04428356576161e+00
1.09000000000000e+02 6.55428401147790e+00
1.10000000000000e+02 6.01102309633353e+00
1.11000000000000e+02 5.39332159458646e+00
1.12000000000000e+02 4.66163634654088e+00
1.13000000000000e+02 3.72424094722489e+00
1.14000000000000e+02 2.22436492268181e+00
1.15000000000000e+02 0.00000000000000e+00
1.16000000000000e+02 0.00000000000000e+00
1.17000000000000e+02 0.00000000000000e+00
1.18000000000000e+02 0.00000000000000e+00
1.19000000000000e+02 0.00000000000000e+00
1.20000000000000e+02 0.00000000000000e+00
1.21000000000000e+02 0.00000000000000e+00
