1.00000000000000e+00 3.85922550657425e+01
2.00000000000000e+00 3.85879149104443e+01
3.00000000000000e+00 3.85817778958387e+01
4.00000000000000e+00 3.85730036838261e+01
5.00000000000000e+00 3.85616479786365e+01
6.00000000000000e+00 3.85476662168858e+01
7.00000000000000e+00 3.85310011027947e+01
8.00000000000000e+00 3.85115873828363e+01
9.00000000000000e+00 3.84893773105279e+01
1.00000000000000e+01 3.84643008576943e+01
1.10000000000000e+01 3.84362911792596e+01
1.20000000000000e+01 3.84052846132464e+01
1.30000000000000e+01 3.83712127230293e+01
1.40000000000000e+01 3.83340118466310e+01
1.50000000000000e+01 3.82936167305248e+01
1.60000000000000e+01 3.82499589380853e+01
1.70000000000000e+01 3.82029859481812e+01
1.80000000000000e+01 3.81526340988352e+01
1.90000000000000e+01 3.80988333618724e+01
2.00000000000000e+01 3.80415423570076e+01
2.10000000000000e+01 3.79806958307141e+01
2.20000000000000e+01 3.79162460365091e+01
2.30000000000000e+01 3.78481372701623e+01
2.40000000000000e+01 3.77763154189932e+01
2.50000000000000e+01 3.77007486520132e+01
2.60000000000000e+01 3.76213939973876e+01
2.70000000000000e+01 3.75382132579300e+01
2.80000000000000e+01 3.74511761942014e+01
2.90000000000000e+01 3.73602573414107e+01
3.00000000000000e+01 3.72654391925143e+01
3.10000000000000e+01 3.71667026489189e+01
3.20000000000000e+01 3.70640397528775e+01
3.30000000000000e+01 3.69574520959394e+01
3.40000000000000e+01 3.68469571851484e+01
3.50000000000000e+01 3.67325804852955e+01
3.60000000000000e+01 3.66143665597645e+01
3.70000000000000e+01 3.64923727043352e+01
3.80000000000000e+01 3.63666800880283e+01
3.90000000000000e+01 3.62373762460627e+01
4.00000000000000e+01 3.61045471221077e+01
4.10000000000000e+01 3.59683057161727e+01
4.20000000000000e+01 3.58287952677067e+01
4.30000000000000e+01 3.56861860724986e+01
4.40000000000000e+01 3.55406866235240e+01
4.50000000000000e+01 3.53925420193952e+01
4.60000000000000e+01 3.52420610207018e+01
4.70000000000000e+01 3.50895953598681e+01
4.80000000000000e+01 3.49355381496034e+01
4.90000000000000e+01 3.47803127420564e+01
5.00000000000000e+01 3.46243759119139e+01
5.10000000000000e+01 3.44682098986532e+01
5.20000000000000e+01 3.43123144487959e+01
5.30000000000000e+01 3.41572036328079e+01
5.40000000000000e+01 3.40033724225625e+01
5.50000000000000e+01 3.38512537195047e+01
5.60000000000000e+01 3.37012565518383e+01
5.70000000000000e+01 3.35537819900199e+01
5.80000000000000e+01 3.34092167805612e+01
5.90000000000000e+01 3.32679190220843e+01
6.00000000000000e+01 3.31302197568706e+01
6.10000000000000e+01 3.29964102384661e+01
6.20000000000000e+01 3.28667387485819e+01
6.30000000000000e+01 3.27414153717431e+01
6.40000000000000e+01 3.26206024459915e+01
6.50000000000000e+01 3.25044193375344e+01
6.60000000000000e+01 3.23929456238434e+01
6.70000000000000e+01 3.22862195021048e+01
6.80000000000000e+01 3.21842521131647e+01
6.90000000000000e+01 3.20870323161770e+01
7.00000000000000e+01 3.19945107731094e+01
7.10000000000000e+01 3.19066031318420e+01
7.20000000000000e+01 3.18231916177170e+01
7.30000000000000e+01 3.17441441321315e+01
7.40000000000000e+01 3.16693015201426e+01
7.50000000000000e+01 3.15984998521587e+01
7.60000000000000e+01 3.15315704239403e+01
7.70000000000000e+01 3.14683302073027e+01
7.80000000000000e+01 3.14086073149075e+01
7.90000000000000e+01 3.13522219016689e+01
8.00000000000000e+01 3.12990036717978e+01
8.10000000000000e+01 3.12487823295052e+01
8.20000000000000e+01 3.12013955367490e+01
8.30000000000000e+01 3.11566825470368e+01
8.40000000000000e+01 3.11144953462714e+01
8.50000000000000e+01 3.10746922865535e+01
8.60000000000000e+01 3.10371317199838e+01
8.70000000000000e+01 3.10016863226079e+01
8.80000000000000e+01 3.09682303620205e+01
8.90000000000000e+01 3.09366508382122e+01
9.00000000000000e+01 3.09068379342722e+01
9.10000000000000e+01 3.08786866079381e+01
9.20000000000000e+01 3.08521013662441e+01
9.30000000000000e+01 3.08269914908725e+01
9.40000000000000e+01 3.08032678550552e+01
9.50000000000000e+01 3.07808540644196e+01
9.60000000000000e+01 3.07596753161423e+01
9.70000000000000e+01 3.07396599904991e+01
9.80000000000000e+01 3.07207428339632e+01
9.90000000000000e+01 3.07028697338540e+01
1.00000000000000e+02 3.06859865774908e+01
1.01000000000000e+02 3.06700392521930e+01
1.02000000000000e+02 3.06549768283787e+01
1.03000000000000e+02 3.06407611088618e+01
1.04000000000000e+02 3.06273427556097e+01
1.05000000000000e+02 3.06146883460845e+01
1.06000000000000e+02 3.06027549084514e+01
1.07000000000000e+02 3.05915122032714e+01
1.08000000000000e+02 3.05809220333581e+01
1.09000000000000e+02 3.05709541592722e+01
1.10000000000000e+02 3.05615847077724e+01
1.11000000000000e+02 3.05527818478700e+01
1.12000000000000e+02 3.05445169316752e+01
1.13000000000000e+02 3.05367692690455e+01
1.14000000000000e+02 3.05295149867394e+01
1.15000000000000e+02 3.05227286199660e+01
1.16000000000000e+02 3.05163974363298e+01
1.17000000000000e+02 3.05104959710399e+01
1.18000000000000e+02 3.05050083086021e+01
1.19000000000000e+02 3.04999169419726e+01
1.20000000000000e+02 3.04951995894594e+01
1.21000000000000e+02 3.04908514764141e+01
