1.00000000000000e+00 -8.18381240000000e-02
2.00000000000000e+00 -1.64166450000000e-01
3.00000000000000e+00 -2.47734100000000e-01
4.00000000000000e+00 -3.32944150000000e-01
5.00000000000000e+00 -4.20319430000000e-01
6.00000000000000e+00 -5.10299510000000e-01
7.00000000000000e+00 -6.03272420000000e-01
8.00000000000000e+00 -6.99569660000000e-01
9.00000000000000e+00 -7.99488430000000e-01
1.00000000000000e+01 -9.03266310000000e-01
1.10000000000000e+01 -1.01110120000000e+00
1.20000000000000e+01 -1.12315040000000e+00
1.30000000000000e+01 -1.23953300000000e+00
1.40000000000000e+01 -1.36033300000000e+00
1.50000000000000e+01 -1.48560010000000e+00
1.60000000000000e+01 -1.61531530000000e+00
1.70000000000000e+01 -1.74954380000000e+00
1.80000000000000e+01 -1.88820860000000e+00
1.90000000000000e+01 -2.03118110000000e+00
2.00000000000000e+01 -2.17850860000000e+00
2.10000000000000e+01 -2.32995440000000e+00
2.20000000000000e+01 -2.48552580000000e+00
2.30000000000000e+01 -2.64496610000000e+00
2.40000000000000e+01 -2.80765890000000e+00
2.50000000000000e+01 -2.97395610000000e+00
2.60000000000000e+01 -3.14344670000000e+00
2.70000000000000e+01 -3.31581420000000e+00
2.80000000000000e+01 -3.49074030000000e+00
2.90000000000000e+01 -3.66781690000000e+00
3.00000000000000e+01 -3.84662060000000e+00
3.10000000000000e+01 -4.02693990000000e+00
3.20000000000000e+01 -4.20849180000000e+00
3.30000000000000e+01 -4.39085860000000e+00
3.40000000000000e+01 -4.57346520000000e+00
3.50000000000000e+01 -4.75554860000000e+00
3.60000000000000e+01 -4.93629300000000e+00
3.70000000000000e+01 -5.11485620000000e+00
3.80000000000000e+01 -5.29038120000000e+00
3.90000000000000e+01 -5.46236540000000e+00
4.00000000000000e+01 -5.63081150000000e+00
4.10000000000000e+01 -5.79557860000000e+00
4.20000000000000e+01 -5.95635290000000e+00
4.30000000000000e+01 -6.11268490000000e+00
4.40000000000000e+01 -6.26402430000000e+00
4.50000000000000e+01 -6.40962900000000e+00
4.60000000000000e+01 -6.54802450000000e+00
4.70000000000000e+01 -6.67767840000000e+00
4.80000000000000e+01 -6.79734300000000e+00
4.90000000000000e+01 -6.90607640000000e+00
5.00000000000000e+01 -7.00326540000000e+00
5.10000000000000e+01 -7.08864660000000e+00
5.20000000000000e+01 -7.16232520000000e+00
5.30000000000000e+01 -7.22478400000000e+00
5.40000000000000e+01 -7.27714670000000e+00
5.50000000000000e+01 -7.32194380000000e+00
5.60000000000000e+01 -7.36191500000000e+00
5.70000000000000e+01 -7.39962180000000e+00
5.80000000000000e+01 -7.43745540000000e+00
5.90000000000000e+01 -7.47763660000000e+00
6.00000000000000e+01 -7.52219950000000e+00
6.10000000000000e+01 -7.57297760000000e+00
6.20000000000000e+01 -7.63158470000000e+00
6.30000000000000e+01 -7.69939820000000e+00
6.40000000000000e+01 -7.77754900000000e+00
6.50000000000000e+01 -7.86691470000000e+00
6.60000000000000e+01 -7.96812400000000e+00
6.70000000000000e+01 -8.08156550000000e+00
6.80000000000000e+01 -8.20724640000000e+00
6.90000000000000e+01 -8.34461040000000e+00
7.00000000000000e+01 -8.49307040000000e+00
7.10000000000000e+01 -8.65208220000000e+00
7.20000000000000e+01 -8.82112330000000e+00
7.30000000000000e+01 -8.99968490000000e+00
7.40000000000000e+01 -9.18726250000000e+00
7.50000000000000e+01 -9.38335770000000e+00
7.60000000000000e+01 -9.58747930000000e+00
7.70000000000000e+01 -9.79914410000000e+00
7.80000000000000e+01 -1.00178860000000e+01
7.90000000000000e+01 -1.02432530000000e+01
8.00000000000000e+01 -1.04748160000000e+01
8.10000000000000e+01 -1.07121690000000e+01
8.20000000000000e+01 -1.09549330000000e+01
8.30000000000000e+01 -1.12027540000000e+01
8.40000000000000e+01 -1.14553070000000e+01
8.50000000000000e+01 -1.17122940000000e+01
8.60000000000000e+01 -1.19734450000000e+01
8.70000000000000e+01 -1.22385160000000e+01
8.80000000000000e+01 -1.25072890000000e+01
8.90000000000000e+01 -1.27795690000000e+01
9.00000000000000e+01 -1.30551870000000e+01
9.10000000000000e+01 -1.33339920000000e+01
9.20000000000000e+01 -1.36158530000000e+01
9.30000000000000e+01 -1.39006610000000e+01
9.40000000000000e+01 -1.41883200000000e+01
9.50000000000000e+01 -1.44787510000000e+01
9.60000000000000e+01 -1.47718930000000e+01
9.70000000000000e+01 -1.50677190000000e+01
9.80000000000000e+01 -1.53662440000000e+01
9.90000000000000e+01 -1.56674790000000e+01
1.00000000000000e+02 -1.59714380000000e+01
1.01000000000000e+02 -1.62781320000000e+01
1.02000000000000e+02 -1.65875770000000e+01
1.03000000000000e+02 -1.68997930000000e+01
1.04000000000000e+02 -1.72147980000000e+01
1.05000000000000e+02 -1.75326200000000e+01
1.06000000000000e+02 -1.78532890000000e+01
1.07000000000000e+02 -1.81768380000000e+01
1.08000000000000e+02 -1.85033080000000e+01
1.09000000000000e+02 -1.88327400000000e+01
1.10000000000000e+02 -1.91651850000000e+01
1.11000000000000e+02 -1.95006950000000e+01
1.12000000000000e+02 -1.98393270000000e+01
1.13000000000000e+02 -2.01811440000000e+01
1.14000000000000e+02 -2.05262130000000e+01
1.15000000000000e+02 -2.08746020000000e+01
1.16000000000000e+02 -2.12263870000000e+01
1.17000000000000e+02 -2.15816510000000e+01
1.18000000000000e+02 -2.19404770000000e+01
1.19000000000000e+02 -2.23029550000000e+01
1.20000000000000e+02 -2.26691770000000e+01
1.21000000000000e+02 -2.30392400000000e+01
