1.00000000000000e+00 1.00799863291681e+02
2.00000000000000e+00 1.00799863291681e+02
3.00000000000000e+00 1.00799863291681e+02
4.00000000000000e+00 1.00799863291681e+02
5.00000000000000e+00 1.00799863291681e+02
6.00000000000000e+00 1.00799863291681e+02
7.00000000000000e+00 1.00799863291681e+02
8.00000000000000e+00 1.00799863291681e+02
9.00000000000000e+00 1.00799863291681e+02
1.00000000000000e+01 1.00799861700131e+02
1.10000000000000e+01 1.00799861700131e+02
1.20000000000000e+01 1.00799861700131e+02
1.30000000000000e+01 1.00799861700131e+02
1.40000000000000e+01 1.00799861700131e+02
1.50000000000000e+01 1.00799861700131e+02
1.60000000000000e+01 1.00799861700131e+02
1.70000000000000e+01 1.00799861700131e+02
1.80000000000000e+01 1.00799861700131e+02
1.90000000000000e+01 1.00799861700131e+02
2.00000000000000e+01 1.00799861700131e+02
2.10000000000000e+01 1.00799861700131e+02
2.20000000000000e+01 1.00799861700131e+02
2.30000000000000e+01 1.00799861700131e+02
2.40000000000000e+01 1.00799861700131e+02
2.50000000000000e+01 1.00799861700131e+02
2.60000000000000e+01 1.00799860108582e+02
2.70000000000000e+01 1.00799860108582e+02
2.80000000000000e+01 1.00799860108582e+02
2.90000000000000e+01 1.00799860108582e+02
3.00000000000000e+01 1.00799860108582e+02
3.10000000000000e+01 1.00799860108582e+02
3.20000000000000e+01 1.00799860108582e+02
3.30000000000000e+01 1.00799860108582e+02
3.40000000000000e+01 1.00799860108582e+02
3.50000000000000e+01 1.00799858517033e+02
3.60000000000000e+01 1.00799858517033e+02
3.70000000000000e+01 1.00799858517033e+02
3.80000000000000e+01 1.00799858517033e+02
3.90000000000000e+01 1.00799858517033e+02
4.00000000000000e+01 1.00799858517033e+02
4.10000000000000e+01 1.00799858517033e+02
4.20000000000000e+01 1.00799856925483e+02
4.30000000000000e+01 1.00799856925483e+02
4.40000000000000e+01 1.00799856925483e+02
4.50000000000000e+01 1.00799856925483e+02
4.60000000000000e+01 1.00799856925483e+02
4.70000000000000e+01 1.00799856925483e+02
4.80000000000000e+01 1.00799855333934e+02
4.90000000000000e+01 1.00799855333934e+02
5.00000000000000e+01 1.00799855333934e+02
5.10000000000000e+01 1.00799855333934e+02
5.20000000000000e+01 1.00799855333934e+02
5.30000000000000e+01 1.00799853742384e+02
5.40000000000000e+01 1.00799853742384e+02
5.50000000000000e+01 1.00799853742384e+02
5.60000000000000e+01 1.00799853742384e+02
5.70000000000000e+01 1.00799852150835e+02
5.80000000000000e+01 1.00799852150835e+02
5.90000000000000e+01 1.00799852150835e+02
6.00000000000000e+01 1.00799852150835e+02
6.10000000000000e+01 1.00799852150835e+02
6.20000000000000e+01 1.00799850559285e+02
6.30000000000000e+01 1.00799850559285e+02
6.40000000000000e+01 1.00799850559285e+02
6.50000000000000e+01 1.00799848967736e+02
6.60000000000000e+01 1.00799848967736e+02
6.70000000000000e+01 1.00799848967736e+02
6.80000000000000e+01 1.00799848967736e+02
6.90000000000000e+01 1.00799847376187e+02
7.00000000000000e+01 1.00799847376187e+02
7.10000000000000e+01 1.00799847376187e+02
7.20000000000000e+01 1.00799845784637e+02
7.30000000000000e+01 1.00799845784637e+02
7.40000000000000e+01 1.00799845784637e+02
7.50000000000000e+01 1.00799845784637e+02
7.60000000000000e+01 1.00799844193088e+02
7.70000000000000e+01 1.00799844193088e+02
7.80000000000000e+01 1.00799844193088e+02
7.90000000000000e+01 1.00799842601538e+02
8.00000000000000e+01 1.00799842601538e+02
8.10000000000000e+01 1.00799841009989e+02
8.20000000000000e+01 1.00799841009989e+02
8.30000000000000e+01 1.00799841009989e+02
8.40000000000000e+01 1.00799839418439e+02
8.50000000000000e+01 1.00799839418439e+02
8.60000000000000e+01 1.00799839418439e+02
8.70000000000000e+01 1.00799837826890e+02
8.80000000000000e+01 1.00799837826890e+02
8.90000000000000e+01 1.00799836235341e+02
9.00000000000000e+01 1.00799836235341e+02
9.10000000000000e+01 1.00799836235341e+02
9.20000000000000e+01 1.00799834643791e+02
9.30000000000000e+01 1.00799834643791e+02
9.40000000000000e+01 1.00799833052242e+02
9.50000000000000e+01 1.00799833052242e+02
9.60000000000000e+01 1.00799831460692e+02
9.70000000000000e+01 1.00799831460692e+02
9.80000000000000e+01 1.00799829869143e+02
9.90000000000000e+01 1.00799829869143e+02
1.00000000000000e+02 1.00799829869143e+02
1.01000000000000e+02 1.00799828277593e+02
1.02000000000000e+02 1.00799828277593e+02
1.03000000000000e+02 1.00799826686044e+02
1.04000000000000e+02 1.00799826686044e+02
1.05000000000000e+02 1.00799825094494e+02
1.06000000000000e+02 1.00799825094494e+02
1.07000000000000e+02 1.00799823502945e+02
1.08000000000000e+02 1.00799821911396e+02
1.09000000000000e+02 1.00799821911396e+02
1.10000000000000e+02 1.00799820319846e+02
1.11000000000000e+02 1.00799820319846e+02
1.12000000000000e+02 1.00799818728297e+02
1.13000000000000e+02 1.00799818728297e+02
1.14000000000000e+02 1.00799817136747e+02
1.15000000000000e+02 1.00799817136747e+02
1.16000000000000e+02 1.00799815545198e+02
1.17000000000000e+02 1.00799813953648e+02
1.18000000000000e+02 1.00799813953648e+02
1.19000000000000e+02 1.00799812362099e+02
1.20000000000000e+02 1.00799810770550e+02
1.21000000000000e+02 1.00799810770550e+02
