1.00000000000000e+00 -1.01328800000000e-01
2.00000000000000e+00 -2.20568940000000e-01
3.00000000000000e+00 -3.56573900000000e-01
4.00000000000000e+00 -5.05526480000000e-01
5.00000000000000e+00 -6.64250360000000e-01
6.00000000000000e+00 -8.30543230000000e-01
7.00000000000000e+00 -1.00254780000000e+00
8.00000000000000e+00 -1.17968340000000e+00
9.00000000000000e+00 -1.36156340000000e+00
1.00000000000000e+01 -1.54722800000000e+00
1.10000000000000e+01 -1.73583280000000e+00
1.20000000000000e+01 -1.92698500000000e+00
1.30000000000000e+01 -2.12054610000000e+00
1.40000000000000e+01 -2.31673640000000e+00
1.50000000000000e+01 -2.51603420000000e+00
1.60000000000000e+01 -2.71881380000000e+00
1.70000000000000e+01 -2.92538180000000e+00
1.80000000000000e+01 -3.13601480000000e+00
1.90000000000000e+01 -3.35098250000000e+00
2.00000000000000e+01 -3.57056170000000e+00
2.10000000000000e+01 -3.79504490000000e+00
2.20000000000000e+01 -4.02474670000000e+00
2.30000000000000e+01 -4.26000840000000e+00
2.40000000000000e+01 -4.50120260000000e+00
2.50000000000000e+01 -4.74873630000000e+00
2.60000000000000e+01 -5.00304690000000e+00
2.70000000000000e+01 -5.26453080000000e+00
2.80000000000000e+01 -5.53359670000000e+00
2.90000000000000e+01 -5.81072200000000e+00
3.00000000000000e+01 -6.09645450000000e+00
3.10000000000000e+01 -6.39141350000000e+00
3.20000000000000e+01 -6.69629470000000e+00
3.30000000000000e+01 -7.01187590000000e+00
3.40000000000000e+01 -7.33902450000000e+00
3.50000000000000e+01 -7.67870970000000e+00
3.60000000000000e+01 -8.03201240000000e+00
3.70000000000000e+01 -8.40014450000000e+00
3.80000000000000e+01 -8.78446450000000e+00
3.90000000000000e+01 -9.18650470000000e+00
4.00000000000000e+01 -9.60799630000000e+00
4.10000000000000e+01 -1.00509060000000e+01
4.20000000000000e+01 -1.05174820000000e+01
4.30000000000000e+01 -1.10103050000000e+01
4.40000000000000e+01 -1.15323570000000e+01
4.50000000000000e+01 -1.20871110000000e+01
4.60000000000000e+01 -1.26786450000000e+01
4.70000000000000e+01 -1.33117820000000e+01
4.80000000000000e+01 -1.39922970000000e+01
4.90000000000000e+01 -1.47205630000000e+01
5.00000000000000e+01 -1.55170890000000e+01
5.10000000000000e+01 -1.63868470000000e+01
5.20000000000000e+01 -1.73432420000000e+01
5.30000000000000e+01 -1.84036550000000e+01
5.40000000000000e+01 -1.95912610000000e+01
5.50000000000000e+01 -2.09380810000000e+01
5.60000000000000e+01 -2.24905040000000e+01
5.70000000000000e+01 -2.43201740000000e+01
5.80000000000000e+01 -2.65479850000000e+01
5.90000000000000e+01 -2.93989960000000e+01
6.00000000000000e+01 -2.34329750000000e+01
6.10000000000000e+01 -1.96814610000000e+01
6.20000000000000e+01 -1.73512130000000e+01
6.30000000000000e+01 -1.55960830000000e+01
6.40000000000000e+01 -1.41650460000000e+01
6.50000000000000e+01 -1.29447820000000e+01
6.60000000000000e+01 -1.18733780000000e+01
6.70000000000000e+01 -1.09129280000000e+01
6.80000000000000e+01 -1.00383760000000e+01
6.90000000000000e+01 -9.23221070000000e+00
7.00000000000000e+01 -8.48166040000000e+00
7.10000000000000e+01 -7.77709180000000e+00
7.20000000000000e+01 -7.11103400000000e+00
7.30000000000000e+01 -6.47755660000000e+00
7.40000000000000e+01 -5.87185670000000e+00
7.50000000000000e+01 -5.28997540000000e+00
7.60000000000000e+01 -4.72859680000000e+00
7.70000000000000e+01 -4.18490350000000e+00
7.80000000000000e+01 -3.65646840000000e+00
7.90000000000000e+01 -3.14117360000000e+00
8.00000000000000e+01 -2.63714770000000e+00
8.10000000000000e+01 -2.14271670000000e+00
8.20000000000000e+01 -1.65636430000000e+00
8.30000000000000e+01 -1.17670070000000e+00
8.40000000000000e+01 -7.02435200000000e-01
8.50000000000000e+01 -2.32354310000000e-01
8.60000000000000e+01 2.34698090000000e-01
8.70000000000000e+01 6.99838200000000e-01
8.80000000000000e+01 1.16415830000000e+00
8.90000000000000e+01 1.62874220000000e+00
9.00000000000000e+01 2.09468000000000e+00
9.10000000000000e+01 2.56308370000000e+00
9.20000000000000e+01 3.03510350000000e+00
9.30000000000000e+01 3.51194500000000e+00
9.40000000000000e+01 3.99488970000000e+00
9.50000000000000e+01 4.48531770000000e+00
9.60000000000000e+01 4.98473530000000e+00
9.70000000000000e+01 5.49480800000000e+00
9.80000000000000e+01 6.01740170000000e+00
9.90000000000000e+01 6.55463450000000e+00
1.00000000000000e+02 7.10894370000000e+00
1.01000000000000e+02 7.68317340000000e+00
1.02000000000000e+02 8.28069210000000e+00
1.03000000000000e+02 8.90555320000000e+00
1.04000000000000e+02 9.56272090000000e+00
1.05000000000000e+02 1.02583960000000e+01
1.06000000000000e+02 1.10004990000000e+01
1.07000000000000e+02 1.17994190000000e+01
1.08000000000000e+02 1.26692300000000e+01
1.09000000000000e+02 1.36297550000000e+01
1.10000000000000e+02 1.47103880000000e+01
1.11000000000000e+02 1.59577950000000e+01
1.12000000000000e+02 1.74537280000000e+01
1.13000000000000e+02 1.93655180000000e+01
1.14000000000000e+02 2.21539680000000e+01
1.15000000000000e+02 3.13128550000000e+01
1.16000000000000e+02 2.79612180000000e+01
1.17000000000000e+02 2.57858490000000e+01
1.18000000000000e+02 2.41298310000000e+01
1.19000000000000e+02 2.27807060000000e+01
1.20000000000000e+02 2.16381700000000e+01
1.21000000000000e+02 2.06458860000000e+01
