0.00000000000000e+00 0.00000000000000e+00
2.00000000000000e-01 -4.25187475570635e+00
4.00000000000000e-01 -8.42160495948527e+00
6.00000000000000e-01 -1.24873662285368e+01
8.00000000000000e-01 -1.64541902955621e+01
1.00000000000000e+00 -2.11515249535288e+01
1.20000000000000e+00 -2.44657999748370e+01
1.40000000000000e+00 -2.84851844304387e+01
1.60000000000000e+00 -3.18348028272257e+01
1.80000000000000e+00 -3.49030079324648e+01
2.00000000000000e+00 -3.77336910048982e+01
2.20000000000000e+00 -4.03940226449214e+01
2.40000000000000e+00 -4.35865054855490e+01
2.60000000000000e+00 -4.58957676789213e+01
2.80000000000000e+00 -4.80685668565087e+01
3.00000000000000e+00 -5.00869585257868e+01
