0.00000000000000e+00 3.85836424482407e+01
1.00000000000000e+00 3.85823505218937e+01
2.00000000000000e+00 3.85784969241454e+01
3.00000000000000e+00 3.85721862892050e+01
4.00000000000000e+00 3.85632362009642e+01
5.00000000000000e+00 3.85516474877355e+01
6.00000000000000e+00 3.85373838461414e+01
7.00000000000000e+00 3.85203925255930e+01
8.00000000000000e+00 3.85006119120836e+01
9.00000000000000e+00 3.84779738127622e+01
1.00000000000000e+01 3.84524049514005e+01
1.10000000000000e+01 3.84238282829667e+01
1.20000000000000e+01 3.83921642269217e+01
1.30000000000000e+01 3.83573318291307e+01
1.40000000000000e+01 3.83192498439826e+01
1.50000000000000e+01 3.82778377267589e+01
1.60000000000000e+01 3.82330165292562e+01
1.70000000000000e+01 3.81847096962380e+01
1.80000000000000e+01 3.81328437648847e+01
1.90000000000000e+01 3.80773489734050e+01
2.00000000000000e+01 3.80181597882758e+01
2.10000000000000e+01 3.79552153624561e+01
2.20000000000000e+01 3.78884599386073e+01
2.30000000000000e+01 3.78178432127930e+01
2.40000000000000e+01 3.77433206750008e+01
2.50000000000000e+01 3.76648539434220e+01
2.60000000000000e+01 3.75824111092305e+01
2.70000000000000e+01 3.74959671092603e+01
2.80000000000000e+01 3.74055041435469e+01
2.90000000000000e+01 3.73110121546740e+01
3.00000000000000e+01 3.72124893860034e+01
3.10000000000000e+01 3.71099430354516e+01
3.20000000000000e+01 3.70033900214323e+01
3.30000000000000e+01 3.68928578770256e+01
3.40000000000000e+01 3.67783857877335e+01
3.50000000000000e+01 3.66600257863110e+01
3.60000000000000e+01 3.65378441163934e+01
3.70000000000000e+01 3.64119227722637e+01
3.80000000000000e+01 3.62823612162471e+01
3.90000000000000e+01 3.61492782677358e+01
4.00000000000000e+01 3.60128141448768e+01
4.10000000000000e+01 3.58731326251588e+01
4.20000000000000e+01 3.57304232698592e+01
4.30000000000000e+01 3.55849036310933e+01
4.40000000000000e+01 3.54368213292871e+01
4.50000000000000e+01 3.52864558527309e+01
4.60000000000000e+01 3.51341198936392e+01
4.70000000000000e+01 3.49801599999268e+01
4.80000000000000e+01 3.48249562972269e+01
4.90000000000000e+01 3.46689210276998e+01
5.00000000000000e+01 3.45124956754688e+01
5.10000000000000e+01 3.43561465085618e+01
5.20000000000000e+01 3.42003584744024e+01
5.30000000000000e+01 3.40456275350248e+01
5.40000000000000e+01 3.38924517078910e+01
5.50000000000000e+01 3.37413212632472e+01
5.60000000000000e+01 3.35927086813712e+01
5.70000000000000e+01 3.34470590569471e+01
5.80000000000000e+01 3.33047816273770e+01
5.90000000000000e+01 3.31662429832085e+01
6.00000000000000e+01 3.30317623211035e+01
6.10000000000000e+01 3.29016088513035e+01
6.20000000000000e+01 3.27760012348426e+01
6.30000000000000e+01 3.26551087377888e+01
6.40000000000000e+01 3.25390536841472e+01
6.50000000000000e+01 3.24279147659113e+01
6.60000000000000e+01 3.23217308181615e+01
6.70000000000000e+01 3.22205047549048e+01
6.80000000000000e+01 3.21242074658161e+01
6.90000000000000e+01 3.20327815663008e+01
7.00000000000000e+01 3.19461449628053e+01
7.10000000000000e+01 3.18641942366694e+01
7.20000000000000e+01 3.17868078652730e+01
7.30000000000000e+01 3.17138492986013e+01
7.40000000000000e+01 3.16451698960102e+01
7.50000000000000e+01 3.15806117159954e+01
7.60000000000000e+01 3.15200101392716e+01
7.70000000000000e+01 3.14631962994949e+01
7.80000000000000e+01 3.14099992948987e+01
7.90000000000000e+01 3.13602481601124e+01
8.00000000000000e+01 3.13137735825222e+01
8.10000000000000e+01 3.12704093593851e+01
8.20000000000000e+01 3.12299935982224e+01
8.30000000000000e+01 3.11923696734590e+01
8.40000000000000e+01 3.11573869567697e+01
8.50000000000000e+01 3.11249013438907e+01
8.60000000000000e+01 3.10947756025633e+01
8.70000000000000e+01 3.10668795676016e+01
8.80000000000000e+01 3.10410902074976e+01
8.90000000000000e+01 3.10172915864670e+01
9.00000000000000e+01 3.09953747440602e+01
9.10000000000000e+01 3.09752375097189e+01
9.20000000000000e+01 3.09567842706284e+01
9.30000000000000e+01 3.09399257053262e+01
9.40000000000000e+01 3.09245784956080e+01
9.50000000000000e+01 3.09106650256046e+01
9.60000000000000e+01 3.08981130760325e+01
9.70000000000000e+01 3.08868555192177e+01
9.80000000000000e+01 3.08768300195628e+01
9.90000000000000e+01 3.08679787429390e+01
1.00000000000000e+02 3.08602480774392e+01
1.01000000000000e+02 3.08535883666820e+01
1.02000000000000e+02 3.08479536575214e+01
1.03000000000000e+02 3.08433014622280e+01
1.04000000000000e+02 3.08395925353489e+01
1.05000000000000e+02 3.08367906652801e+01
1.06000000000000e+02 3.08348624803868e+01
1.07000000000000e+02 3.08337772687476e+01
1.08000000000000e+02 3.08335068117695e+01
1.09000000000000e+02 3.08340252303256e+01
1.10000000000000e+02 3.08353088429681e+01
1.11000000000000e+02 3.08373360360559e+01
1.12000000000000e+02 3.08400871444557e+01
1.13000000000000e+02 3.08435443422708e+01
1.14000000000000e+02 3.08476915435953e+01
1.15000000000000e+02 3.08525143121616e+01
1.16000000000000e+02 3.08579997790305e+01
1.17000000000000e+02 3.08641365687942e+01
1.18000000000000e+02 3.08709147329669e+01
1.19000000000000e+02 3.08783256901243e+01
1.20000000000000e+02 3.08863621733862e+01
