0.00000000000000e+00 7.17220058647425e-09
1.00000000000000e+00 -8.04079804071041e-02
2.00000000000000e+00 -1.60851871521066e-01
3.00000000000000e+00 -2.42757555677318e-01
4.00000000000000e+00 -3.26553109330679e-01
5.00000000000000e+00 -4.12499115808854e-01
6.00000000000000e+00 -5.01107996278545e-01
7.00000000000000e+00 -5.92840701086796e-01
8.00000000000000e+00 -6.88104222239465e-01
9.00000000000000e+00 -7.87251413898813e-01
1.00000000000000e+01 -8.90579608698417e-01
1.10000000000000e+01 -9.98329518508449e-01
1.20000000000000e+01 -1.11068488284686e+00
1.30000000000000e+01 -1.22777294760589e+00
1.40000000000000e+01 -1.34966571714131e+00
1.50000000000000e+01 -1.47638186446184e+00
1.60000000000000e+01 -1.60788916064599e+00
1.70000000000000e+01 -1.74410727669703e+00
1.80000000000000e+01 -1.88491081639071e+00
1.90000000000000e+01 -2.03013244914528e+00
2.00000000000000e+01 -2.17956602896653e+00
2.10000000000000e+01 -2.33296960141897e+00
2.20000000000000e+01 -2.49006822116579e+00
2.30000000000000e+01 -2.65055652186223e+00
2.40000000000000e+01 -2.81410099492426e+00
2.50000000000000e+01 -2.98034195504012e+00
2.60000000000000e+01 -3.14889518155386e+00
2.70000000000000e+01 -3.31935324239257e+00
2.80000000000000e+01 -3.49128652019228e+00
2.90000000000000e+01 -3.66424397212456e+00
3.00000000000000e+01 -3.83775367261834e+00
3.10000000000000e+01 -4.01132319906936e+00
3.20000000000000e+01 -4.18443994084640e+00
3.30000000000000e+01 -4.35657142857209e+00
3.40000000000000e+01 -4.52716580619025e+00
3.50000000000000e+01 -4.69565259127915e+00
3.60000000000000e+01 -4.86144390314893e+00
3.70000000000000e+01 -5.02393637306953e+00
3.80000000000000e+01 -5.18251398825709e+00
3.90000000000000e+01 -5.33655216393024e+00
4.00000000000000e+01 -5.48542337954015e+00
4.10000000000000e+01 -5.62850474651939e+00
4.20000000000000e+01 -5.76518789481935e+00
4.30000000000000e+01 -5.89489156171789e+00
4.40000000000000e+01 -6.01707721455382e+00
4.50000000000000e+01 -6.13126793314070e+00
4.60000000000000e+01 -6.23707058489009e+00
4.70000000000000e+01 -6.33420103898289e+00
4.80000000000000e+01 -6.42251176213960e+00
4.90000000000000e+01 -6.50202062656986e+00
5.00000000000000e+01 -6.57293918795532e+00
5.10000000000000e+01 -6.63569809604221e+00
5.20000000000000e+01 -6.69096682226511e+00
5.30000000000000e+01 -6.73966465242560e+00
5.40000000000000e+01 -6.78296003679726e+00
5.50000000000000e+01 -6.82225604018374e+00
5.60000000000000e+01 -6.85916078738147e+00
5.70000000000000e+01 -6.89544336608662e+00
5.80000000000000e+01 -6.93297738298324e+00
5.90000000000000e+01 -6.97367597005717e+00
6.00000000000000e+01 -7.01942315441924e+00
6.10000000000000e+01 -7.07200695397729e+00
6.20000000000000e+01 -7.13305924422891e+00
6.30000000000000e+01 -7.20400646648035e+00
6.40000000000000e+01 -7.28603386684194e+00
6.50000000000000e+01 -7.38006442161369e+00
6.60000000000000e+01 -7.48675217550890e+00
6.70000000000000e+01 -7.60648857702302e+00
6.80000000000000e+01 -7.73941960946967e+00
6.90000000000000e+01 -7.88547109442035e+00
7.00000000000000e+01 -8.04437945051476e+00
7.10000000000000e+01 -8.21572532796683e+00
7.20000000000000e+01 -8.39896787333625e+00
7.30000000000000e+01 -8.59347778175972e+00
7.40000000000000e+01 -8.79856776696672e+00
7.50000000000000e+01 -9.01351952502269e+00
7.60000000000000e+01 -9.23760668098793e+00
7.70000000000000e+01 -9.47011355176447e+00
7.80000000000000e+01 -9.71034983715458e+00
7.90000000000000e+01 -9.95766153905162e+00
8.00000000000000e+01 -1.02114385410215e+01
8.10000000000000e+01 -1.04711193320301e+01
8.20000000000000e+01 -1.07361933901547e+01
8.30000000000000e+01 -1.10062017042808e+01
8.40000000000000e+01 -1.12807358797387e+01
8.50000000000000e+01 -1.15594362163834e+01
8.60000000000000e+01 -1.18419890776308e+01
8.70000000000000e+01 -1.21281238221886e+01
8.80000000000000e+01 -1.24176095031659e+01
8.90000000000000e+01 -1.27102514964310e+01
9.00000000000000e+01 -1.30058881706060e+01
9.10000000000000e+01 -1.33043876868434e+01
9.20000000000000e+01 -1.36056449805494e+01
9.30000000000000e+01 -1.39095789572694e+01
9.40000000000000e+01 -1.42161299207729e+01
9.50000000000000e+01 -1.45252572399790e+01
9.60000000000000e+01 -1.48369372457522e+01
9.70000000000000e+01 -1.51511613551205e+01
9.80000000000000e+01 -1.54679344040644e+01
9.90000000000000e+01 -1.57872731770643e+01
1.00000000000000e+02 -1.61092051143391e+01
1.01000000000000e+02 -1.64337671860503e+01
1.02000000000000e+02 -1.67610049092385e+01
1.03000000000000e+02 -1.70909715001671e+01
1.04000000000000e+02 -1.74237271434291e+01
1.05000000000000e+02 -1.77593383682686e+01
1.06000000000000e+02 -1.80978775147327e+01
1.07000000000000e+02 -1.84394222886604e+01
1.08000000000000e+02 -1.87840553840165e+01
1.09000000000000e+02 -1.91318641736196e+01
1.10000000000000e+02 -1.94829404591901e+01
1.11000000000000e+02 -1.98373802705133e+01
1.12000000000000e+02 -2.01952837070535e+01
1.13000000000000e+02 -2.05567548272035e+01
1.14000000000000e+02 -2.09219015688148e+01
1.15000000000000e+02 -2.12908357025094e+01
1.16000000000000e+02 -2.16636728157425e+01
1.17000000000000e+02 -2.20405323241582e+01
1.18000000000000e+02 -2.24215375014350e+01
1.19000000000000e+02 -2.28068155404452e+01
1.20000000000000e+02 -2.31964976258167e+01
