0.00000000000000e+00 6.03062702553283e-09
1.00000000000000e+00 -1.59882850916720e-01
2.00000000000000e+00 -3.20145023337004e-01
3.00000000000000e+00 -4.81604515285895e-01
4.00000000000000e+00 -6.45142702938992e-01
5.00000000000000e+00 -8.08152711041998e-01
6.00000000000000e+00 -9.70197456689109e-01
7.00000000000000e+00 -1.13295969645692e+00
8.00000000000000e+00 -1.29683415666031e+00
9.00000000000000e+00 -1.46185354891658e+00
1.00000000000000e+01 -1.62802494122774e+00
1.10000000000000e+01 -1.79536715715672e+00
1.20000000000000e+01 -1.96390933935308e+00
1.30000000000000e+01 -2.13368746122679e+00
1.40000000000000e+01 -2.30474198459126e+00
1.50000000000000e+01 -2.47711630579617e+00
1.60000000000000e+01 -2.65085560491751e+00
1.70000000000000e+01 -2.82600591364749e+00
1.80000000000000e+01 -3.00261333061474e+00
1.90000000000000e+01 -3.18072335575486e+00
2.00000000000000e+01 -3.36038033439767e+00
2.10000000000000e+01 -3.54162700142173e+00
2.20000000000000e+01 -3.72450411810499e+00
2.30000000000000e+01 -3.90905019130904e+00
2.40000000000000e+01 -4.09530126599374e+00
2.50000000000000e+01 -4.28329078094543e+00
2.60000000000000e+01 -4.47304947872143e+00
2.70000000000000e+01 -4.66460536193020e+00
2.80000000000000e+01 -4.85798368797684e+00
2.90000000000000e+01 -5.05320699619653e+00
3.00000000000000e+01 -5.25029516230288e+00
3.10000000000000e+01 -5.44926547400570e+00
3.20000000000000e+01 -5.65013272538399e+00
3.30000000000000e+01 -5.85290932519719e+00
3.40000000000000e+01 -6.05760541644723e+00
3.50000000000000e+01 -6.26422900475778e+00
3.60000000000000e+01 -6.47278609317437e+00
3.70000000000000e+01 -6.68328082141965e+00
3.80000000000000e+01 -6.89571560766809e+00
3.90000000000000e+01 -7.11009129217459e+00
4.00000000000000e+01 -7.32640728017982e+00
4.10000000000000e+01 -7.54466168475893e+00
4.20000000000000e+01 -7.76485146699092e+00
4.30000000000000e+01 -7.98697257383444e+00
4.40000000000000e+01 -8.21102007271219e+00
4.50000000000000e+01 -8.43698828224583e+00
4.60000000000000e+01 -8.66487089854738e+00
4.70000000000000e+01 -8.89466111751503e+00
4.80000000000000e+01 -9.12635175168320e+00
4.90000000000000e+01 -9.35993534226376e+00
5.00000000000000e+01 -9.59540426653583e+00
5.10000000000000e+01 -9.83275083958341e+00
5.20000000000000e+01 -1.00719674108455e+01
5.30000000000000e+01 -1.03130464559723e+01
5.40000000000000e+01 -1.05559806634398e+01
5.50000000000000e+01 -1.08007630157699e+01
5.60000000000000e+01 -1.10473868670258e+01
5.70000000000000e+01 -1.12958460141248e+01
5.80000000000000e+01 -1.15461347653101e+01
5.90000000000000e+01 -1.17982480030529e+01
6.00000000000000e+01 -1.20521812437491e+01
6.10000000000000e+01 -1.23079306928375e+01
6.20000000000000e+01 -1.25654932968924e+01
6.30000000000000e+01 -1.28248667918288e+01
6.40000000000000e+01 -1.30860497482922e+01
6.50000000000000e+01 -1.33490416137605e+01
6.60000000000000e+01 -1.36138427522067e+01
6.70000000000000e+01 -1.38804544810215e+01
6.80000000000000e+01 -1.41488791057672e+01
6.90000000000000e+01 -1.44191199528321e+01
7.00000000000000e+01 -1.46911814002052e+01
7.10000000000000e+01 -1.49650689071415e+01
7.20000000000000e+01 -1.52407890415271e+01
7.30000000000000e+01 -1.55183495062863e+01
7.40000000000000e+01 -1.57977591655646e+01
7.50000000000000e+01 -1.60790280692882e+01
7.60000000000000e+01 -1.63621674767290e+01
7.70000000000000e+01 -1.66471898814814e+01
7.80000000000000e+01 -1.69341090333399e+01
7.90000000000000e+01 -1.72229399625141e+01
8.00000000000000e+01 -1.75136990033208e+01
8.10000000000000e+01 -1.78064038169924e+01
8.20000000000000e+01 -1.81010734160836e+01
8.30000000000000e+01 -1.83977281894762e+01
8.40000000000000e+01 -1.86963899269511e+01
8.50000000000000e+01 -1.89970818459817e+01
8.60000000000000e+01 -1.92998286189165e+01
8.70000000000000e+01 -1.96046564009286e+01
8.80000000000000e+01 -1.99115928600891e+01
8.90000000000000e+01 -2.02206672087687e+01
9.00000000000000e+01 -2.05319102359191e+01
9.10000000000000e+01 -2.08453543424020e+01
9.20000000000000e+01 -2.11610335768547e+01
9.30000000000000e+01 -2.14789836749084e+01
9.40000000000000e+01 -2.17992420998113e+01
9.50000000000000e+01 -2.21218480859193e+01
9.60000000000000e+01 -2.24468426846662e+01
9.70000000000000e+01 -2.27742688132212e+01
9.80000000000000e+01 -2.31041713061113e+01
9.90000000000000e+01 -2.34365969701662e+01
1.00000000000000e+02 -2.37715946423324e+01
1.01000000000000e+02 -2.41092152523527e+01
1.02000000000000e+02 -2.44495118868233e+01
1.03000000000000e+02 -2.47925398595884e+01
1.04000000000000e+02 -2.51383567853561e+01
1.05000000000000e+02 -2.54870226574449e+01
1.06000000000000e+02 -2.58385999308209e+01
1.07000000000000e+02 -2.61931536098330e+01
1.08000000000000e+02 -2.65507513422758e+01
1.09000000000000e+02 -2.69114635163346e+01
1.10000000000000e+02 -2.72753633672350e+01
1.11000000000000e+02 -2.76425270870892e+01
1.12000000000000e+02 -2.80130339431754e+01
1.13000000000000e+02 -2.83869664023269e+01
1.14000000000000e+02 -2.87644102628350e+01
1.15000000000000e+02 -2.91454547953260e+01
1.16000000000000e+02 -2.95301928903528e+01
1.17000000000000e+02 -2.99187212161676e+01
1.18000000000000e+02 -3.03111403847810e+01
1.19000000000000e+02 -3.07075551296750e+01
1.20000000000000e+02 -3.11080744908391e+01
