0.00000000000000e+00 4.02764687020934e+00
1.00000000000000e+00 4.03021093790155e+00
2.00000000000000e+00 4.03608487784699e+00
3.00000000000000e+00 4.04281813860136e+00
4.00000000000000e+00 4.04915219124991e+00
5.00000000000000e+00 4.05486331173909e+00
6.00000000000000e+00 4.06009694296365e+00
7.00000000000000e+00 4.06503748027201e+00
8.00000000000000e+00 4.06981856234080e+00
9.00000000000000e+00 4.07451805441450e+00
1.00000000000000e+01 4.07917233641569e+00
1.10000000000000e+01 4.08379073205530e+00
1.20000000000000e+01 4.08836623901596e+00
1.30000000000000e+01 4.09288276444522e+00
1.40000000000000e+01 4.09731978015141e+00
1.50000000000000e+01 4.10165520959141e+00
1.60000000000000e+01 4.10586714151847e+00
1.70000000000000e+01 4.10993476906364e+00
1.80000000000000e+01 4.11383882512591e+00
1.90000000000000e+01 4.11756169407440e+00
2.00000000000000e+01 4.12108731898928e+00
2.10000000000000e+01 4.12440098187478e+00
2.20000000000000e+01 4.12748901022612e+00
2.30000000000000e+01 4.13033844306629e+00
2.40000000000000e+01 4.13293667470211e+00
2.50000000000000e+01 4.13527109195093e+00
2.60000000000000e+01 4.13732870518802e+00
2.70000000000000e+01 4.13909578023823e+00
2.80000000000000e+01 4.14055746684185e+00
2.90000000000000e+01 4.14169742190476e+00
3.00000000000000e+01 4.14249742335679e+00
3.10000000000000e+01 4.14293697217637e+00
3.20000000000000e+01 4.14299287682138e+00
3.30000000000000e+01 4.14263881924091e+00
3.40000000000000e+01 4.14184490416864e+00
3.50000000000000e+01 4.14057719528485e+00
3.60000000000000e+01 4.13879725757527e+00
3.70000000000000e+01 4.13646173460695e+00
3.80000000000000e+01 4.13352201873758e+00
3.90000000000000e+01 4.12992412510678e+00
4.00000000000000e+01 4.12560894740171e+00
4.10000000000000e+01 4.12051323507149e+00
4.20000000000000e+01 4.11457186508686e+00
4.30000000000000e+01 4.10772246007611e+00
4.40000000000000e+01 4.09991425265460e+00
4.50000000000000e+01 4.09112474999080e+00
4.60000000000000e+01 4.08139096942659e+00
4.70000000000000e+01 4.07086860228942e+00
4.80000000000000e+01 4.05994618387813e+00
4.90000000000000e+01 4.04947084466049e+00
5.00000000000000e+01 4.04120561967031e+00
5.10000000000000e+01 4.03876589531307e+00
5.20000000000000e+01 4.04946259299811e+00
5.30000000000000e+01 4.08723394090305e+00
5.40000000000000e+01 4.17383819012753e+00
5.50000000000000e+01 4.32888322996032e+00
5.60000000000000e+01 4.55142276897683e+00
5.70000000000000e+01 4.82316046761454e+00
5.80000000000000e+01 5.12700172194695e+00
5.90000000000000e+01 5.45362248463939e+00
6.00000000000000e+01 5.79940825957252e+00
6.10000000000000e+01 6.16391099091736e+00
6.20000000000000e+01 6.54845004947243e+00
6.30000000000000e+01 6.95549836850972e+00
6.40000000000000e+01 7.38847701221203e+00
6.50000000000000e+01 7.85175577368529e+00
6.60000000000000e+01 8.35073925355661e+00
6.70000000000000e+01 8.89188202588410e+00
6.80000000000000e+01 9.48221857795787e+00
6.90000000000000e+01 1.01271377555382e+01
7.00000000000000e+01 1.08229265142142e+01
7.10000000000000e+01 1.15389309191402e+01
7.20000000000000e+01 1.22025289768386e+01
7.30000000000000e+01 1.27399009826100e+01
7.40000000000000e+01 1.31388564447059e+01
7.50000000000000e+01 1.34305260612170e+01
7.60000000000000e+01 1.36481779228663e+01
7.70000000000000e+01 1.38151353621016e+01
7.80000000000000e+01 1.39463210714159e+01
7.90000000000000e+01 1.40512887568139e+01
8.00000000000000e+01 1.41363250372701e+01
8.10000000000000e+01 1.42057063731437e+01
8.20000000000000e+01 1.42624366034292e+01
8.30000000000000e+01 1.43086873646903e+01
8.40000000000000e+01 1.43460686576779e+01
8.50000000000000e+01 1.43758002186155e+01
8.60000000000000e+01 1.43988233072609e+01
8.70000000000000e+01 1.44158756501258e+01
8.80000000000000e+01 1.44275429473188e+01
8.90000000000000e+01 1.44342950774181e+01
9.00000000000000e+01 1.44365120698783e+01
9.10000000000000e+01 1.44345030755171e+01
9.20000000000000e+01 1.44285204530502e+01
9.30000000000000e+01 1.44187703829046e+01
9.40000000000000e+01 1.44054209663573e+01
9.50000000000000e+01 1.43886084798159e+01
9.60000000000000e+01 1.43684422486345e+01
9.70000000000000e+01 1.43450084796521e+01
9.80000000000000e+01 1.43183732931713e+01
9.90000000000000e+01 1.42885851341213e+01
1.00000000000000e+02 1.42556766924928e+01
1.01000000000000e+02 1.42196664354746e+01
1.02000000000000e+02 1.41805598240843e+01
1.03000000000000e+02 1.41383502714605e+01
1.04000000000000e+02 1.40930198880062e+01
1.05000000000000e+02 1.40445400442848e+01
1.06000000000000e+02 1.39928717791228e+01
1.07000000000000e+02 1.39379660720142e+01
1.08000000000000e+02 1.38797639938834e+01
1.09000000000000e+02 1.38181967457946e+01
1.10000000000000e+02 1.37531855956697e+01
1.11000000000000e+02 1.36846417134639e+01
1.12000000000000e+02 1.36124659104190e+01
1.13000000000000e+02 1.35365482762471e+01
1.14000000000000e+02 1.34567677210878e+01
1.15000000000000e+02 1.33729914030248e+01
1.16000000000000e+02 1.32850740482891e+01
1.17000000000000e+02 1.31928571432723e+01
1.18000000000000e+02 1.30961679894800e+01
1.19000000000000e+02 1.29948186040589e+01
1.20000000000000e+02 1.28886044459538e+01
