0.00000000000000e+00 8.25690978209132e+01
1.00000000000000e+00 8.25693716196497e+01
2.00000000000000e+00 8.25702025825312e+01
3.00000000000000e+00 8.25715841800971e+01
4.00000000000000e+00 8.25732598825248e+01
5.00000000000000e+00 8.25750363443993e+01
6.00000000000000e+00 8.25773528437249e+01
7.00000000000000e+00 8.25802324858519e+01
8.00000000000000e+00 8.25835788634155e+01
9.00000000000000e+00 8.25873438170514e+01
1.00000000000000e+01 8.25915028483532e+01
1.10000000000000e+01 8.25960403402098e+01
1.20000000000000e+01 8.26009443977118e+01
1.30000000000000e+01 8.26062048968252e+01
1.40000000000000e+01 8.26118126026816e+01
1.50000000000000e+01 8.26177586987784e+01
1.60000000000000e+01 8.26240345075897e+01
1.70000000000000e+01 8.26306313184230e+01
1.80000000000000e+01 8.26375402837616e+01
1.90000000000000e+01 8.26447523624951e+01
2.00000000000000e+01 8.26522582955563e+01
2.10000000000000e+01 8.26600486044424e+01
2.20000000000000e+01 8.26681136051768e+01
2.30000000000000e+01 8.26764434325020e+01
2.40000000000000e+01 8.26850280704246e+01
2.50000000000000e+01 8.26938573863980e+01
2.60000000000000e+01 8.27029211670204e+01
2.70000000000000e+01 8.27122091539730e+01
2.80000000000000e+01 8.27217110791471e+01
2.90000000000000e+01 8.27314166982693e+01
3.00000000000000e+01 8.27413158225931e+01
3.10000000000000e+01 8.27513983484357e+01
3.20000000000000e+01 8.27616542842219e+01
3.30000000000000e+01 8.27720737752190e+01
3.40000000000000e+01 8.27826471256553e+01
3.50000000000000e+01 8.27933648184026e+01
3.60000000000000e+01 8.28042175323321e+01
3.70000000000000e+01 8.28151961572990e+01
3.80000000000000e+01 8.28262918068386e+01
3.90000000000000e+01 8.28374958288513e+01
4.00000000000000e+01 8.28487998142287e+01
4.10000000000000e+01 8.28601956036181e+01
4.20000000000000e+01 8.28716752924220e+01
4.30000000000000e+01 8.28832312341435e+01
4.40000000000000e+01 8.28948560422994e+01
4.50000000000000e+01 8.29065425908532e+01
4.60000000000000e+01 8.29182840134860e+01
4.70000000000000e+01 8.29300737015965e+01
4.80000000000000e+01 8.29419053013835e+01
4.90000000000000e+01 8.29537727098956e+01
5.00000000000000e+01 8.29656700703513e+01
5.10000000000000e+01 8.29775917666537e+01
5.20000000000000e+01 8.29895324172087e+01
5.30000000000000e+01 8.30014868683709e+01
5.40000000000000e+01 8.30134501872248e+01
5.50000000000000e+01 8.30254176540214e+01
5.60000000000000e+01 8.30373847543246e+01
5.70000000000000e+01 8.30493471707971e+01
5.80000000000000e+01 8.30613007748568e+01
5.90000000000000e+01 8.30732416180572e+01
6.00000000000000e+01 8.30851659234517e+01
6.10000000000000e+01 8.30970700767438e+01
6.20000000000000e+01 8.31089506176052e+01
6.30000000000000e+01 8.31208042307392e+01
6.40000000000000e+01 8.31326277371156e+01
6.50000000000000e+01 8.31444180851896e+01
6.60000000000000e+01 8.31561723422022e+01
6.70000000000000e+01 8.31678876855399e+01
6.80000000000000e+01 8.31795613941919e+01
6.90000000000000e+01 8.31911908403262e+01
7.00000000000000e+01 8.32027734809524e+01
7.10000000000000e+01 8.32143068496883e+01
7.20000000000000e+01 8.32257885487340e+01
7.30000000000000e+01 8.32372162408688e+01
7.40000000000000e+01 8.32485876415356e+01
7.50000000000000e+01 8.32599005112725e+01
7.60000000000000e+01 8.32711526479223e+01
7.70000000000000e+01 8.32823418792369e+01
7.80000000000000e+01 8.32934660554437e+01
7.90000000000000e+01 8.33045230418898e+01
8.00000000000000e+01 8.33155107118247e+01
8.10000000000000e+01 8.33264269392782e+01
8.20000000000000e+01 8.33372695918648e+01
8.30000000000000e+01 8.33480365237848e+01
8.40000000000000e+01 8.33587255687006e+01
8.50000000000000e+01 8.33693345328007e+01
8.60000000000000e+01 8.33798611877063e+01
8.70000000000000e+01 8.33903032633961e+01
8.80000000000000e+01 8.34006584411174e+01
8.90000000000000e+01 8.34109243462515e+01
9.00000000000000e+01 8.34210985410517e+01
9.10000000000000e+01 8.34311785172376e+01
9.20000000000000e+01 8.34411616885243e+01
9.30000000000000e+01 8.34510453830446e+01
9.40000000000000e+01 8.34608268354311e+01
9.50000000000000e+01 8.34705031788059e+01
9.60000000000000e+01 8.34800714365828e+01
9.70000000000000e+01 8.34895285137463e+01
9.80000000000000e+01 8.34988711881877e+01
9.90000000000000e+01 8.35080961013875e+01
1.00000000000000e+02 8.35171997488751e+01
1.01000000000000e+02 8.35261784702798e+01
1.02000000000000e+02 8.35350284388175e+01
1.03000000000000e+02 8.35437456503822e+01
1.04000000000000e+02 8.35523259119619e+01
1.05000000000000e+02 8.35607648296265e+01
1.06000000000000e+02 8.35690577956053e+01
1.07000000000000e+02 8.35771999748716e+01
1.08000000000000e+02 8.35851862907397e+01
1.09000000000000e+02 8.35930114098040e+01
1.10000000000000e+02 8.36006697256699e+01
1.11000000000000e+02 8.36081553418233e+01
1.12000000000000e+02 8.36154620534872e+01
1.13000000000000e+02 8.36225833279653e+01
1.14000000000000e+02 8.36295122838938e+01
1.15000000000000e+02 8.36362416689326e+01
1.16000000000000e+02 8.36427638359292e+01
1.17000000000000e+02 8.36490707174213e+01
1.18000000000000e+02 8.36551537980270e+01
1.19000000000000e+02 8.36610040851669e+01
1.20000000000000e+02 8.36666120771978e+01
