0.00000000000000e+00 1.11450943092450e-09
1.00000000000000e+00 -1.01845958342709e-01
2.00000000000000e+00 -2.22250087836474e-01
3.00000000000000e+00 -3.62783243302253e-01
4.00000000000000e+00 -5.17187661867250e-01
5.00000000000000e+00 -6.79806841374773e-01
6.00000000000000e+00 -8.47597546369175e-01
7.00000000000000e+00 -1.01932369988592e+00
8.00000000000000e+00 -1.19466364489776e+00
9.00000000000000e+00 -1.37369455724955e+00
1.00000000000000e+01 -1.55664346878591e+00
1.10000000000000e+01 -1.74377738329895e+00
1.20000000000000e+01 -1.93535950202354e+00
1.30000000000000e+01 -2.13163569592897e+00
1.40000000000000e+01 -2.33283436329526e+00
1.50000000000000e+01 -2.53917183544457e+00
1.60000000000000e+01 -2.75085970819521e+00
1.70000000000000e+01 -2.96811246861405e+00
1.80000000000000e+01 -3.19115473900246e+00
1.90000000000000e+01 -3.42022792404770e+00
2.00000000000000e+01 -3.65559626670546e+00
2.10000000000000e+01 -3.89755243165162e+00
2.20000000000000e+01 -4.14642277557074e+00
2.30000000000000e+01 -4.40257249123167e+00
2.40000000000000e+01 -4.66641081526076e+00
2.50000000000000e+01 -4.93839649584974e+00
2.60000000000000e+01 -5.21904372610988e+00
2.70000000000000e+01 -5.50892875941663e+00
2.80000000000000e+01 -5.80869744688595e+00
2.90000000000000e+01 -6.11907396799351e+00
3.00000000000000e+01 -6.44087107518432e+00
3.10000000000000e+01 -6.77500224015167e+00
3.20000000000000e+01 -7.12249617902109e+00
3.30000000000000e+01 -7.48451435972297e+00
3.40000000000000e+01 -7.86237226989285e+00
3.50000000000000e+01 -8.25756544767804e+00
3.60000000000000e+01 -8.67180160987885e+00
3.70000000000000e+01 -9.10704065244828e+00
3.80000000000000e+01 -9.56554493700952e+00
3.90000000000000e+01 -1.00499431678655e+01
4.00000000000000e+01 -1.05633124763258e+01
4.10000000000000e+01 -1.11092852315269e+01
4.20000000000000e+01 -1.16921899275954e+01
4.30000000000000e+01 -1.23172397729229e+01
4.40000000000000e+01 -1.29907890739970e+01
4.50000000000000e+01 -1.37206873676171e+01
4.60000000000000e+01 -1.45167760496572e+01
4.70000000000000e+01 -1.53915932592015e+01
4.80000000000000e+01 -1.63613777714999e+01
4.90000000000000e+01 -1.74474716027326e+01
5.00000000000000e+01 -1.86781220850952e+01
5.10000000000000e+01 -2.00901133702748e+01
5.20000000000000e+01 -2.17273516910820e+01
5.30000000000000e+01 -2.36264707888441e+01
5.40000000000000e+01 -2.57705539149533e+01
5.50000000000000e+01 -2.80308185334737e+01
5.60000000000000e+01 -3.02196438095001e+01
5.70000000000000e+01 -3.22318316418735e+01
5.80000000000000e+01 -3.40634656901661e+01
5.90000000000000e+01 -3.57501918382852e+01
6.00000000000000e+01 -3.73309650974757e+01
6.10000000000000e+01 -3.88390177885370e+01
6.20000000000000e+01 -4.03023041560615e+01
6.30000000000000e+01 -4.17460829119316e+01
6.40000000000000e+01 -4.31959394807159e+01
6.50000000000000e+01 -4.46813549052209e+01
6.60000000000000e+01 -4.62406458846623e+01
6.70000000000000e+01 -4.79288156651227e+01
6.80000000000000e+01 -4.98309282475552e+01
6.90000000000000e+01 -5.20841870337466e+01
7.00000000000000e+01 -5.49042567378499e+01
7.10000000000000e+01 -5.85639638164993e+01
7.20000000000000e+01 -6.31867818641182e+01
7.30000000000000e+01 -6.84773450155955e+01
7.40000000000000e+01 -7.39465229455765e+01
7.50000000000000e+01 -7.92944877122017e+01
7.60000000000000e+01 -8.44226793047328e+01
7.70000000000000e+01 -8.93233046391962e+01
7.80000000000000e+01 -9.40171127748197e+01
7.90000000000000e+01 -9.85303758611013e+01
8.00000000000000e+01 -1.02887721695449e+02
8.10000000000000e+01 -1.07110394140844e+02
8.20000000000000e+01 -1.11216233914375e+02
8.30000000000000e+01 -1.15220130870253e+02
8.40000000000000e+01 -1.19134540816699e+02
8.50000000000000e+01 -1.22969945871820e+02
8.60000000000000e+01 -1.26735233330867e+02
8.70000000000000e+01 -1.30437998296344e+02
8.80000000000000e+01 -1.34084782988645e+02
8.90000000000000e+01 -1.37681265798705e+02
9.00000000000000e+01 -1.41232411163039e+02
9.10000000000000e+01 -1.44742589070416e+02
9.20000000000000e+01 -1.48215671008004e+02
9.30000000000000e+01 -1.51655107552927e+02
9.40000000000000e+01 -1.55063991597904e+02
9.50000000000000e+01 -1.58445110230242e+02
9.60000000000000e+01 -1.61800987627449e+02
9.70000000000000e+01 -1.65133920740789e+02
9.80000000000000e+01 -1.68446009193542e+02
9.90000000000000e+01 -1.71739180476262e+02
1.00000000000000e+02 -1.75015211310517e+02
1.01000000000000e+02 -1.78275745860459e+02
1.02000000000000e+02 -1.81522311344862e+02
1.03000000000000e+02 -1.84756331486037e+02
1.04000000000000e+02 -1.87979138148883e+02
1.05000000000000e+02 -1.91191981469998e+02
1.06000000000000e+02 -1.94396038697770e+02
1.07000000000000e+02 -1.97592421950403e+02
1.08000000000000e+02 -2.00782185046220e+02
1.09000000000000e+02 -2.03966329547152e+02
1.10000000000000e+02 -2.07145810112419e+02
1.11000000000000e+02 -2.10321539272148e+02
1.12000000000000e+02 -2.13494391697141e+02
1.13000000000000e+02 -2.16665208022409e+02
1.14000000000000e+02 -2.19834798279210e+02
1.15000000000000e+02 -2.23003945012188e+02
1.16000000000000e+02 -2.26173406078643e+02
1.17000000000000e+02 -2.29343917204711e+02
1.18000000000000e+02 -2.32516194304104e+02
1.19000000000000e+02 -2.35690935603020e+02
1.20000000000000e+02 -2.38868823577063e+02
