0.00000000000000e+00 1.01750375296153e+02
1.00000000000000e+00 1.01750375321622e+02
2.00000000000000e+00 1.01750375315193e+02
3.00000000000000e+00 1.01750375304483e+02
4.00000000000000e+00 1.01750375288217e+02
5.00000000000000e+00 1.01750375268874e+02
6.00000000000000e+00 1.01750375244489e+02
7.00000000000000e+00 1.01750375215878e+02
8.00000000000000e+00 1.01750375182076e+02
9.00000000000000e+00 1.01750375145179e+02
1.00000000000000e+01 1.01750375102721e+02
1.10000000000000e+01 1.01750375056137e+02
1.20000000000000e+01 1.01750375004953e+02
1.30000000000000e+01 1.01750374948765e+02
1.40000000000000e+01 1.01750374888429e+02
1.50000000000000e+01 1.01750374823663e+02
1.60000000000000e+01 1.01750374753314e+02
1.70000000000000e+01 1.01750374678371e+02
1.80000000000000e+01 1.01750374598521e+02
1.90000000000000e+01 1.01750374514196e+02
2.00000000000000e+01 1.01750374424485e+02
2.10000000000000e+01 1.01750374330510e+02
2.20000000000000e+01 1.01750374230953e+02
2.30000000000000e+01 1.01750374127201e+02
2.40000000000000e+01 1.01750374017969e+02
2.50000000000000e+01 1.01750373904202e+02
2.60000000000000e+01 1.01750373784472e+02
2.70000000000000e+01 1.01750373659590e+02
2.80000000000000e+01 1.01750373529739e+02
2.90000000000000e+01 1.01750373393652e+02
3.00000000000000e+01 1.01750373253418e+02
3.10000000000000e+01 1.01750373107352e+02
3.20000000000000e+01 1.01750372955614e+02
3.30000000000000e+01 1.01750372798744e+02
3.40000000000000e+01 1.01750372636158e+02
3.50000000000000e+01 1.01750372467713e+02
3.60000000000000e+01 1.01750372293864e+02
3.70000000000000e+01 1.01750372113536e+02
3.80000000000000e+01 1.01750371927518e+02
3.90000000000000e+01 1.01750371736003e+02
4.00000000000000e+01 1.01750371539089e+02
4.10000000000000e+01 1.01750371335591e+02
4.20000000000000e+01 1.01750371126340e+02
4.30000000000000e+01 1.01750370910169e+02
4.40000000000000e+01 1.01750370688296e+02
4.50000000000000e+01 1.01750370460772e+02
4.60000000000000e+01 1.01750370225647e+02
4.70000000000000e+01 1.01750369986483e+02
4.80000000000000e+01 1.01750369739300e+02
4.90000000000000e+01 1.01750369485895e+02
5.00000000000000e+01 1.01750369226358e+02
5.10000000000000e+01 1.01750368959961e+02
5.20000000000000e+01 1.01750368686444e+02
5.30000000000000e+01 1.01750368407656e+02
5.40000000000000e+01 1.01750368121142e+02
5.50000000000000e+01 1.01750367828865e+02
5.60000000000000e+01 1.01750367529684e+02
5.70000000000000e+01 1.01750367223583e+02
5.80000000000000e+01 1.01750366910613e+02
5.90000000000000e+01 1.01750366589546e+02
6.00000000000000e+01 1.01750366262923e+02
6.10000000000000e+01 1.01750365928424e+02
6.20000000000000e+01 1.01750365587780e+02
6.30000000000000e+01 1.01750365239151e+02
6.40000000000000e+01 1.01750364883606e+02
6.50000000000000e+01 1.01750364520564e+02
6.60000000000000e+01 1.01750364150600e+02
6.70000000000000e+01 1.01750363773102e+02
6.80000000000000e+01 1.01750363388151e+02
6.90000000000000e+01 1.01750362996369e+02
7.00000000000000e+01 1.01750362595633e+02
7.10000000000000e+01 1.01750362188781e+02
7.20000000000000e+01 1.01750361773773e+02
7.30000000000000e+01 1.01750361351878e+02
7.40000000000000e+01 1.01750360920827e+02
7.50000000000000e+01 1.01750360482597e+02
7.60000000000000e+01 1.01750360036187e+02
7.70000000000000e+01 1.01750359582671e+02
7.80000000000000e+01 1.01750359120557e+02
7.90000000000000e+01 1.01750358649971e+02
8.00000000000000e+01 1.01750358171719e+02
8.10000000000000e+01 1.01750357684986e+02
8.20000000000000e+01 1.01750357189950e+02
8.30000000000000e+01 1.01750356686405e+02
8.40000000000000e+01 1.01750356174567e+02
8.50000000000000e+01 1.01750355653493e+02
8.60000000000000e+01 1.01750355124431e+02
8.70000000000000e+01 1.01750354586422e+02
8.80000000000000e+01 1.01750354039468e+02
8.90000000000000e+01 1.01750353483291e+02
9.00000000000000e+01 1.01750352918395e+02
9.10000000000000e+01 1.01750352344306e+02
9.20000000000000e+01 1.01750351760519e+02
9.30000000000000e+01 1.01750351167168e+02
9.40000000000000e+01 1.01750350563522e+02
9.50000000000000e+01 1.01750349951890e+02
9.60000000000000e+01 1.01750349329444e+02
9.70000000000000e+01 1.01750348696046e+02
9.80000000000000e+01 1.01750348053970e+02
9.90000000000000e+01 1.01750347400581e+02
1.00000000000000e+02 1.01750346737625e+02
1.01000000000000e+02 1.01750346063263e+02
1.02000000000000e+02 1.01750345377409e+02
1.03000000000000e+02 1.01750344681879e+02
1.04000000000000e+02 1.01750343973885e+02
1.05000000000000e+02 1.01750343255314e+02
1.06000000000000e+02 1.01750342524468e+02
1.07000000000000e+02 1.01750341780726e+02
1.08000000000000e+02 1.01750341025978e+02
1.09000000000000e+02 1.01750340258855e+02
1.10000000000000e+02 1.01750339478471e+02
1.11000000000000e+02 1.01750338684506e+02
1.12000000000000e+02 1.01750337877808e+02
1.13000000000000e+02 1.01750337057092e+02
1.14000000000000e+02 1.01750336222372e+02
1.15000000000000e+02 1.01750335373903e+02
1.16000000000000e+02 1.01750334510593e+02
1.17000000000000e+02 1.01750333632673e+02
1.18000000000000e+02 1.01750332738123e+02
1.19000000000000e+02 1.01750331828360e+02
1.20000000000000e+02 1.01750330901891e+02
