0.00000000000000e+00 0.00000000000000e+00
1.00000000000000e+00 -1.22253185656767e+00
2.00000000000000e+00 -2.44367871284288e+00
3.00000000000000e+00 -3.66209230035511e+00
4.00000000000000e+00 -4.87649421679570e+00
5.00000000000000e+00 -6.08570246911633e+00
6.00000000000000e+00 -7.28864948709749e+00
7.00000000000000e+00 -8.48439089852451e+00
8.00000000000000e+00 -9.67210551123748e+00
9.00000000000000e+00 -1.08510878071705e+01
1.00000000000000e+01 -1.20207347459932e+01
1.10000000000000e+01 -1.31805288018061e+01
1.20000000000000e+01 -1.43300190108110e+01
1.30000000000000e+01 -1.54688014832723e+01
1.40000000000000e+01 -1.65965004543337e+01
1.50000000000000e+01 -1.77127505585267e+01
1.60000000000000e+01 -1.88171806887815e+01
1.70000000000000e+01 -1.99093995418843e+01
1.80000000000000e+01 -2.09889827651526e+01
1.90000000000000e+01 -2.20554614929004e+01
2.00000000000000e+01 -2.31083119927410e+01
2.10000000000000e+01 -2.41469460931773e+01
2.20000000000000e+01 -2.51707020519921e+01
2.30000000000000e+01 -2.61788355125435e+01
2.40000000000000e+01 -2.71705101948928e+01
2.50000000000000e+01 -2.81447879588561e+01
2.60000000000000e+01 -2.91006178621063e+01
2.70000000000000e+01 -3.00368238047269e+01
2.80000000000000e+01 -3.09520903121473e+01
2.90000000000000e+01 -3.18449459329098e+01
3.00000000000000e+01 -3.27137436385982e+01
3.10000000000000e+01 -3.35566374786448e+01
3.20000000000000e+01 -3.43715545514165e+01
3.30000000000000e+01 -3.51561611268378e+01
3.40000000000000e+01 -3.59078213862496e+01
3.50000000000000e+01 -3.66235468179620e+01
3.60000000000000e+01 -3.72999336464616e+01
3.70000000000000e+01 -3.79330847874142e+01
3.80000000000000e+01 -3.85185115853460e+01
3.90000000000000e+01 -3.90510087838252e+01
4.00000000000000e+01 -3.95244936112124e+01
4.10000000000000e+01 -3.99317960543018e+01
4.20000000000000e+01 -4.02643817836221e+01
4.30000000000000e+01 -4.05119806735729e+01
4.40000000000000e+01 -4.06620809778400e+01
4.50000000000000e+01 -4.06992295851282e+01
4.60000000000000e+01 -4.06040492681804e+01
4.70000000000000e+01 -4.03518419591150e+01
4.80000000000000e+01 -3.99105972651478e+01
4.90000000000000e+01 -3.92382077780048e+01
5.00000000000000e+01 -3.82788909480664e+01
5.10000000000000e+01 -3.69599593651776e+01
5.20000000000000e+01 -3.51946931999417e+01
5.30000000000000e+01 -3.29111853423830e+01
5.40000000000000e+01 -3.01449711902623e+01
5.50000000000000e+01 -2.71557576220423e+01
5.60000000000000e+01 -2.43215009104460e+01
5.70000000000000e+01 -2.18560667977090e+01
5.80000000000000e+01 -1.97717660568192e+01
5.90000000000000e+01 -1.80031530934753e+01
6.00000000000000e+01 -1.64800519552122e+01
6.10000000000000e+01 -1.51463883545656e+01
6.20000000000000e+01 -1.39604646247277e+01
6.30000000000000e+01 -1.28916076422301e+01
6.40000000000000e+01 -1.19170346115432e+01
6.50000000000000e+01 -1.10195420065152e+01
6.60000000000000e+01 -1.01859011693585e+01
6.70000000000000e+01 -9.40575662794460e+00
6.80000000000000e+01 -8.67086440577210e+00
6.90000000000000e+01 -7.97455803443325e+00
7.00000000000000e+01 -7.31136805420678e+00
7.10000000000000e+01 -6.67674628757837e+00
7.20000000000000e+01 -6.06686268754030e+00
7.30000000000000e+01 -5.47845326338485e+00
7.40000000000000e+01 -4.90870450174480e+00
7.50000000000000e+01 -4.35516421358820e+00
7.60000000000000e+01 -3.81567179850987e+00
7.70000000000000e+01 -3.28830288656030e+00
7.80000000000000e+01 -2.77132479026201e+00
7.90000000000000e+01 -2.26316009190893e+00
8.00000000000000e+01 -1.76235639713426e+00
8.10000000000000e+01 -1.26756076635992e+00
8.20000000000000e+01 -7.77497647902712e-01
8.30000000000000e+01 -2.90949402784227e-01
8.40000000000000e+01 1.93261334252100e-01
8.50000000000000e+01 6.76288124189108e-01
8.60000000000000e+01 1.15927656495533e+00
8.70000000000000e+01 1.64338009108538e+00
8.80000000000000e+01 2.12977626660347e+00
8.90000000000000e+01 2.61968417105572e+00
9.00000000000000e+01 3.11438357892024e+00
9.10000000000000e+01 3.61523675561369e+00
9.20000000000000e+01 4.12371391135550e+00
9.30000000000000e+01 4.64142367822175e+00
9.40000000000000e+01 5.17015044337813e+00
9.50000000000000e+01 5.71190103779364e+00
9.60000000000000e+01 6.26896434921411e+00
9.70000000000000e+01 6.84398895894623e+00
9.80000000000000e+01 7.44008640399908e+00
9.90000000000000e+01 8.06097155324094e+00
1.00000000000000e+02 8.71115815725386e+00
1.01000000000000e+02 9.39623873719985e+00
1.02000000000000e+02 1.01232979418393e+01
1.03000000000000e+02 1.09015458736798e+01
1.04000000000000e+02 1.17433323402750e+01
1.05000000000000e+02 1.26658621703976e+01
1.06000000000000e+02 1.36943043342422e+01
1.07000000000000e+02 1.48679679139069e+01
1.08000000000000e+02 1.62542425955034e+01
1.09000000000000e+02 1.79868125607536e+01
1.10000000000000e+02 2.04138713780881e+01
1.11000000000000e+02 3.07589951418092e+01
1.12000000000000e+02 2.64475090317964e+01
1.13000000000000e+02 2.49191240661227e+01
1.14000000000000e+02 2.36294479946112e+01
1.15000000000000e+02 2.25129860633817e+01
1.16000000000000e+02 2.15287697632606e+01
1.17000000000000e+02 2.06492208170526e+01
1.18000000000000e+02 1.98547683535084e+01
1.19000000000000e+02 1.91309588977868e+01
1.20000000000000e+02 1.84667797245457e+01
