0.00000000000000e+00 1.26439918701760e-07
1.00000000000000e+00 -3.26270491686487e-07
2.00000000000000e+00 -6.52832151042809e-07
3.00000000000000e+00 -9.79734258325926e-07
4.00000000000000e+00 -1.30635923470922e-06
5.00000000000000e+00 -1.63232881011770e-06
6.00000000000000e+00 -1.96102035384619e-06
7.00000000000000e+00 -2.29410826468315e-06
8.00000000000000e+00 -2.63052297281435e-06
9.00000000000000e+00 -2.96985262668997e-06
1.00000000000000e+01 -3.31230725028608e-06
1.10000000000000e+01 -3.65816318463781e-06
1.20000000000000e+01 -4.00782609487034e-06
1.30000000000000e+01 -4.36164127384439e-06
1.40000000000000e+01 -4.71988399225465e-06
1.50000000000000e+01 -5.08292714183900e-06
1.60000000000000e+01 -5.45102154352051e-06
1.70000000000000e+01 -5.82450283342917e-06
1.80000000000000e+01 -6.20360126790676e-06
1.90000000000000e+01 -6.58857590019914e-06
2.00000000000000e+01 -6.97971299118416e-06
2.10000000000000e+01 -7.37718907192552e-06
2.20000000000000e+01 -7.78128717865726e-06
2.30000000000000e+01 -8.19215462288456e-06
2.40000000000000e+01 -8.60996996916025e-06
2.50000000000000e+01 -9.03500683253260e-06
2.60000000000000e+01 -9.46731971830130e-06
2.70000000000000e+01 -9.90713074505017e-06
2.80000000000000e+01 -1.03545400521945e-05
2.90000000000000e+01 -1.08097138526164e-05
3.00000000000000e+01 -1.12727307260282e-05
3.10000000000000e+01 -1.17437082416457e-05
3.20000000000000e+01 -1.22227242415340e-05
3.30000000000000e+01 -1.27098621809651e-05
3.40000000000000e+01 -1.32052016388225e-05
3.50000000000000e+01 -1.37087986541301e-05
3.60000000000000e+01 -1.42206513844001e-05
3.70000000000000e+01 -1.47408263700163e-05
3.80000000000000e+01 -1.52693646838819e-05
3.90000000000000e+01 -1.58062444899250e-05
4.00000000000000e+01 -1.63514971600193e-05
4.10000000000000e+01 -1.69051142519649e-05
4.20000000000000e+01 -1.74670504696633e-05
4.30000000000000e+01 -1.80373488376864e-05
4.40000000000000e+01 -1.86159433347797e-05
4.50000000000000e+01 -1.92028193848510e-05
4.60000000000000e+01 -1.97979728956913e-05
4.70000000000000e+01 -2.04012383458324e-05
4.80000000000000e+01 -2.10127225881941e-05
4.90000000000000e+01 -2.16322710136808e-05
5.00000000000000e+01 -2.22599047958946e-05
5.10000000000000e+01 -2.28954859965158e-05
5.20000000000000e+01 -2.35390407152276e-05
5.30000000000000e+01 -2.41904666746784e-05
5.40000000000000e+01 -2.48497110226370e-05
5.50000000000000e+01 -2.55167087713087e-05
5.60000000000000e+01 -2.61913889207099e-05
5.70000000000000e+01 -2.68737574608338e-05
5.80000000000000e+01 -2.75636229783577e-05
5.90000000000000e+01 -2.82610637056133e-05
6.00000000000000e+01 -2.89659379141473e-05
6.10000000000000e+01 -2.96782164644724e-05
6.20000000000000e+01 -3.03978412451818e-05
6.30000000000000e+01 -3.11248552240517e-05
6.40000000000000e+01 -3.18591012414321e-05
6.50000000000000e+01 -3.26005908486762e-05
6.60000000000000e+01 -3.33492746573661e-05
6.70000000000000e+01 -3.41051631578897e-05
6.80000000000000e+01 -3.48682050988505e-05
6.90000000000000e+01 -3.56384127031349e-05
7.00000000000000e+01 -3.64157637880128e-05
7.10000000000000e+01 -3.72003026771706e-05
7.20000000000000e+01 -3.79919601711739e-05
7.30000000000000e+01 -3.87908530432944e-05
7.40000000000000e+01 -3.95969473724147e-05
7.50000000000000e+01 -4.04102985208398e-05
7.60000000000000e+01 -4.12310169028921e-05
7.70000000000000e+01 -4.20590365858855e-05
7.80000000000000e+01 -4.28945221828523e-05
7.90000000000000e+01 -4.37376150984685e-05
8.00000000000000e+01 -4.45883121073588e-05
8.10000000000000e+01 -4.54467792520138e-05
8.20000000000000e+01 -4.63130954585951e-05
8.30000000000000e+01 -4.71874722274834e-05
8.40000000000000e+01 -4.80700070221072e-05
8.50000000000000e+01 -4.89609040121718e-05
8.60000000000000e+01 -4.98603369748960e-05
8.70000000000000e+01 -5.07684969947297e-05
8.80000000000000e+01 -5.16856323571728e-05
8.90000000000000e+01 -5.26120217060129e-05
9.00000000000000e+01 -5.35478774464696e-05
9.10000000000000e+01 -5.44934916252599e-05
9.20000000000000e+01 -5.54492430462953e-05
9.30000000000000e+01 -5.64153507083970e-05
9.40000000000000e+01 -5.73922498422284e-05
9.50000000000000e+01 -5.83802982648731e-05
9.60000000000000e+01 -5.93798854689430e-05
9.70000000000000e+01 -6.03914437550443e-05
9.80000000000000e+01 -6.14154796106624e-05
9.90000000000000e+01 -6.24524887900672e-05
1.00000000000000e+02 -6.35028992253034e-05
1.01000000000000e+02 -6.45673909585130e-05
1.02000000000000e+02 -6.56465034211892e-05
1.03000000000000e+02 -6.67408530170816e-05
1.04000000000000e+02 -6.78511716972852e-05
1.05000000000000e+02 -6.89781176334375e-05
1.06000000000000e+02 -7.01225083264433e-05
1.07000000000000e+02 -7.12850957916471e-05
1.08000000000000e+02 -7.24667481102280e-05
1.09000000000000e+02 -7.36683992873799e-05
1.10000000000000e+02 -7.48909924546879e-05
1.11000000000000e+02 -7.61355361071497e-05
1.12000000000000e+02 -7.74031158017126e-05
1.13000000000000e+02 -7.86949565416972e-05
1.14000000000000e+02 -8.00121889231887e-05
1.15000000000000e+02 -8.13561585613458e-05
1.16000000000000e+02 -8.27282198504961e-05
1.17000000000000e+02 -8.41298588309808e-05
1.18000000000000e+02 -8.55626123127465e-05
1.19000000000000e+02 -8.70281236220686e-05
1.20000000000000e+02 -8.85282301410535e-05
