0.00000000000000e+00 2.78954432997403e+01
1.00000000000000e+00 2.78959296918045e+01
2.00000000000000e+00 2.78968836791443e+01
3.00000000000000e+00 2.78985713681009e+01
4.00000000000000e+00 2.79008005128174e+01
5.00000000000000e+00 2.79034301781481e+01
6.00000000000000e+00 2.79063637870811e+01
7.00000000000000e+00 2.79095038142184e+01
8.00000000000000e+00 2.79127455318783e+01
9.00000000000000e+00 2.79159776575728e+01
1.00000000000000e+01 2.79190849943947e+01
1.10000000000000e+01 2.79219513018567e+01
1.20000000000000e+01 2.79244617518642e+01
1.30000000000000e+01 2.79265047757431e+01
1.40000000000000e+01 2.79279732874859e+01
1.50000000000000e+01 2.79287653383270e+01
1.60000000000000e+01 2.79287842847658e+01
1.70000000000000e+01 2.79279385591002e+01
1.80000000000000e+01 2.79261411264034e+01
1.90000000000000e+01 2.79233087043031e+01
2.00000000000000e+01 2.79193608095849e+01
2.10000000000000e+01 2.79142186819582e+01
2.20000000000000e+01 2.79078041242614e+01
2.30000000000000e+01 2.79000382856995e+01
2.40000000000000e+01 2.78908404046890e+01
2.50000000000000e+01 2.78801265195216e+01
2.60000000000000e+01 2.78678081472147e+01
2.70000000000000e+01 2.78537909252672e+01
2.80000000000000e+01 2.78379732060614e+01
2.90000000000000e+01 2.78202445893930e+01
3.00000000000000e+01 2.78004843759212e+01
3.10000000000000e+01 2.77785599216146e+01
3.20000000000000e+01 2.77543248703374e+01
3.30000000000000e+01 2.77276172417016e+01
3.40000000000000e+01 2.76982573490285e+01
3.50000000000000e+01 2.76660455221811e+01
3.60000000000000e+01 2.76307596110528e+01
3.70000000000000e+01 2.75921522467620e+01
3.80000000000000e+01 2.75499478410732e+01
3.90000000000000e+01 2.75038393103250e+01
4.00000000000000e+01 2.74534845184401e+01
4.10000000000000e+01 2.73985024449787e+01
4.20000000000000e+01 2.73384691009821e+01
4.30000000000000e+01 2.72729132335385e+01
4.40000000000000e+01 2.72013118851111e+01
4.50000000000000e+01 2.71230858984551e+01
4.60000000000000e+01 2.70375954834782e+01
4.70000000000000e+01 2.69441359803142e+01
4.80000000000000e+01 2.68419339590719e+01
4.90000000000000e+01 2.67301437751950e+01
5.00000000000000e+01 2.66078446443064e+01
5.10000000000000e+01 2.64740381915815e+01
5.20000000000000e+01 2.63276462659968e+01
5.30000000000000e+01 2.61675085776367e+01
5.40000000000000e+01 2.59923794290374e+01
5.50000000000000e+01 2.58009224788062e+01
5.60000000000000e+01 2.55917021224612e+01
5.70000000000000e+01 2.53631697140874e+01
5.80000000000000e+01 2.51136424839594e+01
5.90000000000000e+01 2.48412726023354e+01
6.00000000000000e+01 2.45440033339314e+01
6.10000000000000e+01 2.42195085609009e+01
6.20000000000000e+01 2.38651111211596e+01
6.30000000000000e+01 2.34776747241886e+01
6.40000000000000e+01 2.30534649195483e+01
6.50000000000000e+01 2.25879808958676e+01
6.60000000000000e+01 2.20757850997768e+01
6.70000000000000e+01 2.15104440015487e+01
6.80000000000000e+01 2.08849741030747e+01
6.90000000000000e+01 2.01940536696772e+01
7.00000000000000e+01 1.94414704889021e+01
7.10000000000000e+01 1.86579551802521e+01
7.20000000000000e+01 1.79162041275519e+01
7.30000000000000e+01 1.72901056224792e+01
7.40000000000000e+01 1.67919097662391e+01
7.50000000000000e+01 1.63905334473349e+01
7.60000000000000e+01 1.60527411161030e+01
7.70000000000000e+01 1.57552238856754e+01
7.80000000000000e+01 1.54830523075843e+01
7.90000000000000e+01 1.52266415335184e+01
8.00000000000000e+01 1.49796461208456e+01
8.10000000000000e+01 1.47376996509622e+01
8.20000000000000e+01 1.44976735132168e+01
8.30000000000000e+01 1.42572324877176e+01
8.40000000000000e+01 1.40145597375677e+01
8.50000000000000e+01 1.37681803988201e+01
8.60000000000000e+01 1.35168439518959e+01
8.70000000000000e+01 1.32594423841140e+01
8.80000000000000e+01 1.29949504061854e+01
8.90000000000000e+01 1.27223791606580e+01
9.00000000000000e+01 1.24407377914985e+01
9.10000000000000e+01 1.21489988831587e+01
9.20000000000000e+01 1.18460646146547e+01
9.30000000000000e+01 1.15307307611570e+01
9.40000000000000e+01 1.12016455129145e+01
9.50000000000000e+01 1.08572594156356e+01
9.60000000000000e+01 1.04957614341772e+01
9.70000000000000e+01 1.01149938368448e+01
9.80000000000000e+01 9.71233459690423e+00
9.90000000000000e+01 9.28452893007067e+00
1.00000000000000e+02 8.82743858139565e+00
1.01000000000000e+02 8.33565230336665e+00
1.02000000000000e+02 7.80184902067083e+00
1.03000000000000e+02 7.21568877785303e+00
1.04000000000000e+02 6.56171683930433e+00
1.05000000000000e+02 5.81493579949550e+00
1.06000000000000e+02 4.92978577421285e+00
1.07000000000000e+02 3.80408454876642e+00
1.08000000000000e+02 2.05705967831236e+00
1.09000000000000e+02 0.00000000000000e+00
1.10000000000000e+02 0.00000000000000e+00
1.11000000000000e+02 0.00000000000000e+00
1.12000000000000e+02 0.00000000000000e+00
1.13000000000000e+02 0.00000000000000e+00
1.14000000000000e+02 0.00000000000000e+00
1.15000000000000e+02 0.00000000000000e+00
1.16000000000000e+02 0.00000000000000e+00
1.17000000000000e+02 0.00000000000000e+00
1.18000000000000e+02 0.00000000000000e+00
1.19000000000000e+02 0.00000000000000e+00
1.20000000000000e+02 0.00000000000000e+00
