0.00000000000000e+00 -5.86218618092715e-09
1.00000000000000e+00 -1.29882483311236e-01
2.00000000000000e+00 -2.62111555364148e-01
3.00000000000000e+00 -3.95617547725346e-01
4.00000000000000e+00 -5.32850334958489e-01
5.00000000000000e+00 -6.74191251135992e-01
6.00000000000000e+00 -8.20122214876207e-01
7.00000000000000e+00 -9.71135766348075e-01
8.00000000000000e+00 -1.12768204477324e+00
9.00000000000000e+00 -1.29013997428627e+00
1.00000000000000e+01 -1.45880538698488e+00
1.10000000000000e+01 -1.63389051537671e+00
1.20000000000000e+01 -1.81553041900621e+00
1.30000000000000e+01 -2.00379328112398e+00
1.40000000000000e+01 -2.19869254434435e+00
1.50000000000000e+01 -2.40019955146989e+00
1.60000000000000e+01 -2.60825582442428e+00
1.70000000000000e+01 -2.82278444418777e+00
1.80000000000000e+01 -3.04370022991651e+00
1.90000000000000e+01 -3.27091858611684e+00
2.00000000000000e+01 -3.50436300726146e+00
2.10000000000000e+01 -3.74397130635562e+00
2.20000000000000e+01 -3.98970068569286e+00
2.30000000000000e+01 -4.24153178979484e+00
2.40000000000000e+01 -4.49947188892256e+00
2.50000000000000e+01 -4.76355733772543e+00
2.60000000000000e+01 -5.03385543583575e+00
2.70000000000000e+01 -5.31046580420633e+00
2.80000000000000e+01 -5.59352136262647e+00
2.90000000000000e+01 -5.88318897429979e+00
3.00000000000000e+01 -6.17966979553817e+00
3.10000000000000e+01 -6.48319933870717e+00
3.20000000000000e+01 -6.79404723369827e+00
3.30000000000000e+01 -7.11251663716086e+00
3.40000000000000e+01 -7.43894320420152e+00
3.50000000000000e+01 -7.77369350590972e+00
3.60000000000000e+01 -8.11716272492491e+00
3.70000000000000e+01 -8.46977142625896e+00
3.80000000000000e+01 -8.83196113892176e+00
3.90000000000000e+01 -9.20418843989723e+00
4.00000000000000e+01 -9.58691717207111e+00
4.10000000000000e+01 -9.98060838185719e+00
4.20000000000000e+01 -1.03857075216046e+01
4.30000000000000e+01 -1.08026284470512e+01
4.40000000000000e+01 -1.12317337605534e+01
4.50000000000000e+01 -1.16733111149030e+01
4.60000000000000e+01 -1.21275452442973e+01
4.70000000000000e+01 -1.25944857066850e+01
4.80000000000000e+01 -1.30740106329769e+01
4.90000000000000e+01 -1.35657871784604e+01
5.00000000000000e+01 -1.40692297731053e+01
5.10000000000000e+01 -1.45834576330389e+01
5.20000000000000e+01 -1.51072531388361e+01
5.30000000000000e+01 -1.56390224577523e+01
5.40000000000000e+01 -1.61767589360155e+01
5.50000000000000e+01 -1.67180081214781e+01
5.60000000000000e+01 -1.72598305510419e+01
5.70000000000000e+01 -1.77987544883213e+01
5.80000000000000e+01 -1.83307052837842e+01
5.90000000000000e+01 -1.88508903530781e+01
6.00000000000000e+01 -1.93536076672256e+01
6.10000000000000e+01 -1.98319282505621e+01
6.20000000000000e+01 -2.02771740268650e+01
6.30000000000000e+01 -2.06780604302905e+01
6.40000000000000e+01 -2.10192768669478e+01
6.50000000000000e+01 -2.12790942715222e+01
6.60000000000000e+01 -2.14252337994505e+01
6.70000000000000e+01 -2.14075603303107e+01
6.80000000000000e+01 -2.11450718709622e+01
6.90000000000000e+01 -2.05040625136926e+01
7.00000000000000e+01 -1.92719599399404e+01
7.10000000000000e+01 -1.71787291538048e+01
7.20000000000000e+01 -1.41034543499238e+01
7.30000000000000e+01 -1.03438684474148e+01
7.40000000000000e+01 -6.39130538614599e+00
7.50000000000000e+01 -2.54765087122895e+00
7.60000000000000e+01 1.08661126601017e+00
7.70000000000000e+01 4.50188914862529e+00
7.80000000000000e+01 7.71725048272554e+00
7.90000000000000e+01 1.07573962016885e+01
8.00000000000000e+01 1.36454854591098e+01
8.10000000000000e+01 1.64013879549043e+01
8.20000000000000e+01 1.90416560381668e+01
8.30000000000000e+01 2.15799677276719e+01
8.40000000000000e+01 2.40276337622091e+01
8.50000000000000e+01 2.63940477432712e+01
8.60000000000000e+01 2.86870543816082e+01
8.70000000000000e+01 3.09132410891375e+01
8.80000000000000e+01 3.30781657632217e+01
8.90000000000000e+01 3.51865336853960e+01
9.00000000000000e+01 3.72423343900586e+01
9.10000000000000e+01 3.92489469698281e+01
9.20000000000000e+01 4.12092201726575e+01
9.30000000000000e+01 4.31255318428314e+01
9.40000000000000e+01 4.49998307846234e+01
9.50000000000000e+01 4.68336628461522e+01
9.60000000000000e+01 4.86281817709917e+01
9.70000000000000e+01 5.03841440527065e+01
9.80000000000000e+01 5.21018853913445e+01
9.90000000000000e+01 5.37812740806042e+01
1.00000000000000e+02 5.54216331490334e+01
1.01000000000000e+02 5.70216173363427e+01
1.02000000000000e+02 5.85790208751931e+01
1.03000000000000e+02 6.00904732546674e+01
1.04000000000000e+02 6.15509428184992e+01
1.05000000000000e+02 6.29528884208851e+01
1.06000000000000e+02 6.42847129771132e+01
1.07000000000000e+02 6.55276825834121e+01
1.08000000000000e+02 6.66489625141170e+01
1.09000000000000e+02 8.36993733842169e+01
1.10000000000000e+02 9.50805098032219e+01
1.11000000000000e+02 1.03606785561696e+02
1.12000000000000e+02 1.10895556785847e+02
1.13000000000000e+02 1.17449592646348e+02
1.14000000000000e+02 1.23503759938300e+02
1.15000000000000e+02 1.29190169845325e+02
1.16000000000000e+02 1.34591820927981e+02
1.17000000000000e+02 1.39764875697133e+02
1.18000000000000e+02 1.44749430383936e+02
1.19000000000000e+02 1.49575298695453e+02
1.20000000000000e+02 1.54265368518383e+02
