0.00000000000000e+00 0.00000000000000e+00
1.91245690216865e-02 1.99140828196058e-02
3.82464741795234e-02 8.12861471109005e-02
3.82464741795234e-02 8.12861471109005e-02
5.73630222182221e-02 1.83975502340399e-01
7.64715653259105e-02 3.27732840906700e-01
7.64715653259105e-02 3.27732840906700e-01
9.55703785900729e-02 5.09402539037073e-01
1.14658288541304e-01 7.25679297678689e-01
1.14658288541304e-01 7.25679297678689e-01
1.33734589569529e-01 9.73594913555460e-01
1.52799034151475e-01 1.25003602124215e+00
1.52799034151475e-01 1.25003602124215e+00
1.71851638576812e-01 1.55231392388036e+00
1.90892795577522e-01 1.87757626562803e+00
1.90892795577522e-01 1.87757626562803e+00
2.09922987300719e-01 2.22343991493937e+00
2.28942969606015e-01 2.58740509897404e+00
2.28942969606015e-01 2.58740509897404e+00
2.47953483080034e-01 2.96739552949724e+00
2.66955483513175e-01 3.36121794305725e+00
2.66955483513175e-01 3.36121794305725e+00
2.85949816368554e-01 3.76709987990645e+00
3.04937495381751e-01 4.18315180698937e+00
3.04937495381751e-01 4.18315180698937e+00
3.23919355902774e-01 4.60790091174622e+00
3.42896367669653e-01 5.03975671724558e+00
3.42896367669653e-01 5.03975671724558e+00
3.61869275415932e-01 5.47753850627529e+00
3.80838935563800e-01 5.91995065050094e+00
3.80838935563800e-01 5.91995065050094e+00
3.99805953167383e-01 6.36609596194125e+00
4.18771027920412e-01 6.81496471986499e+00
4.18771027920412e-01 6.81496471986499e+00
4.37734599529175e-01 7.26592973210519e+00
4.56697191428659e-01 7.71825528147607e+00
4.56697191428659e-01 7.71825528147607e+00
4.75659069937674e-01 8.17156983705234e+00
4.94620586704362e-01 8.62538458679239e+00
4.94620586704362e-01 8.62538458679239e+00
5.11211675591299e-01 9.02276202003433e+00
5.27802708451198e-01 9.42021681522896e+00
5.27802708451198e-01 9.42021681522896e+00
5.37283312043783e-01 9.64736937526168e+00
5.46763914955068e-01 9.87452287579062e+00
