0.00000000000000e+00 0.00000000000000e+00
1.91244301433835e-02 2.29025897403740e-02
3.82453446424400e-02 9.34143880385132e-02
3.82453446424400e-02 9.34143880385132e-02
5.73597144528845e-02 2.08710461158464e-01
7.64650780794590e-02 3.65804668814279e-01
7.64650780794590e-02 3.65804668814279e-01
9.55597095961427e-02 5.61466028839585e-01
1.14642462081292e-01 7.92298976610294e-01
1.14642462081292e-01 7.92298976610294e-01
1.33712656921007e-01 1.05529008967966e+00
1.52770096284618e-01 1.34726692250617e+00
1.52770096284618e-01 1.34726692250617e+00
1.71814827640800e-01 1.66552997176670e+00
1.90847326607464e-01 2.00713990967087e+00
1.90847326607464e-01 2.00713990967087e+00
2.09868133738570e-01 2.36967525754788e+00
2.28878074236716e-01 2.75059647927998e+00
2.28878074236716e-01 2.75059647927998e+00
2.47877950104306e-01 3.14779410283389e+00
2.66868787517102e-01 3.55904020533783e+00
2.66868787517102e-01 3.55904020533783e+00
2.85851491309492e-01 3.98253422544725e+00
3.04827142056827e-01 4.41635699776856e+00
3.04827142056827e-01 4.41635699776856e+00
3.23796628775445e-01 4.85901248245939e+00
3.42760981272279e-01 5.30888539672481e+00
3.42760981272279e-01 5.30888539672481e+00
3.61720989792814e-01 5.76477647605186e+00
3.80677561826279e-01 6.22536996323385e+00
3.80677561826279e-01 6.22536996323385e+00
3.99631338285032e-01 6.68975461028858e+00
4.18583059712667e-01 7.15690506353435e+00
4.18583059712667e-01 7.15690506353435e+00
4.37533191447472e-01 7.62618429748089e+00
4.56482287125410e-01 8.09684522986759e+00
4.56482287125410e-01 8.09684522986759e+00
4.75430628451424e-01 8.56851047398656e+00
4.94378587303384e-01 9.04068364378623e+00
4.94378587303384e-01 9.04068364378623e+00
5.10957801057243e-01 9.45412908010828e+00
5.27536955598314e-01 9.86765304325578e+00
5.27536955598314e-01 9.86765304325578e+00
5.37010770139829e-01 1.01039885268797e+01
5.46484583965196e-01 1.03403249600043e+01
