0.00000000000000e+00 0.00000000000000e+00
1.91194769919335e-02 7.14834909548924e-02
3.82047061550902e-02 2.91456444864188e-01
3.82047061550902e-02 2.91456444864188e-01
5.72259593887964e-02 6.51222123440143e-01
7.61588685899851e-02 1.14146152644600e+00
7.61588685899851e-02 1.14146152644600e+00
9.49862656650434e-02 1.75181265386684e+00
1.13696627700673e-01 2.47141715028163e+00
1.13696627700673e-01 2.47141715028163e+00
1.32283154501973e-01 3.29050953592533e+00
1.50743751119365e-01 4.19891762432163e+00
1.50743751119365e-01 4.19891762432163e+00
1.69078857813103e-01 5.18793684632242e+00
1.87293113926632e-01 6.24823358167032e+00
1.87293113926632e-01 6.24823358167032e+00
2.05391874700979e-01 7.37210965277375e+00
2.23383275333820e-01 8.55161083721410e+00
2.23383275333820e-01 8.55161083721410e+00
2.41275274297397e-01 9.78014202714857e+00
2.59077992123776e-01 1.10508364907266e+01
2.59077992123776e-01 1.10508364907266e+01
2.76800390938327e-01 1.23581576152217e+01
2.94453130037487e-01 1.36962774290204e+01
2.94453130037487e-01 1.36962774290204e+01
3.12044999507445e-01 1.50606615087880e+01
3.29586159017947e-01 1.64464633939019e+01
3.29586159017947e-01 1.64464633939019e+01
3.47084424170728e-01 1.78500886553837e+01
3.64548740308089e-01 1.92676234611988e+01
3.64548740308089e-01 1.92676234611988e+01
3.81985440937316e-01 2.06963577247865e+01
3.99401832931283e-01 2.21332577634689e+01
3.99401832931283e-01 2.21332577634689e+01
4.16802515446490e-01 2.35764379361583e+01
4.34192955330852e-01 2.50236938177157e+01
4.34192955330852e-01 2.50236938177157e+01
4.51575933230266e-01 2.64739109769809e+01
4.68955128673528e-01 2.79256260074906e+01
4.68955128673528e-01 2.79256260074906e+01
4.84159703194078e-01 2.91967431596684e+01
4.99363691999608e-01 3.04680918942807e+01
4.99363691999608e-01 3.04680918942807e+01
5.08051458885496e-01 3.11946833925448e+01
5.16739218687141e-01 3.19212776909930e+01
