0.00000000000000e+00 0.00000000000000e+00
1.91117723018468e-02 1.10616798485719e-01
3.81413807695626e-02 4.51045658874916e-01
3.81413807695626e-02 4.51045658874916e-01
5.70171992444562e-02 1.00750817240232e+00
7.56804495366713e-02 1.76485099278061e+00
7.56804495366713e-02 1.76485099278061e+00
9.40899144620170e-02 2.70598020356238e+00
1.12218211180460e-01 3.81298526499863e+00
1.12218211180460e-01 3.81298526499863e+00
1.30049584375518e-01 5.06969709377432e+00
1.47579767785570e-01 6.45947416967040e+00
1.47579767785570e-01 6.45947416967040e+00
1.64810640637539e-01 7.96813892491844e+00
1.81754160319392e-01 9.58080996294862e+00
1.81754160319392e-01 9.58080996294862e+00
1.98423851030636e-01 1.12853308035148e+01
2.14839807936010e-01 1.30693888363380e+01
2.14839807936010e-01 1.30693888363380e+01
2.31021471732049e-01 1.49229174186570e+01
2.46993301110013e-01 1.68356449398265e+01
2.46993301110013e-01 1.68356449398265e+01
2.62776788418276e-01 1.87994028414260e+01
2.78397318353153e-01 2.08057499225184e+01
2.78397318353153e-01 2.08057499225184e+01
2.93875704690570e-01 2.28481966342088e+01
3.09235888274897e-01 2.49199128004574e+01
3.09235888274897e-01 2.49199128004574e+01
3.24496213313641e-01 2.70158796022592e+01
3.39677604113814e-01 2.91306954841647e+01
3.39677604113814e-01 2.91306954841647e+01
3.54794838578351e-01 3.12606440950870e+01
3.69864929001123e-01 3.34015981513671e+01
3.69864929001123e-01 3.34015981513671e+01
3.84898568481153e-01 3.55510020147187e+01
3.99908451582291e-01 3.77058820447668e+01
3.99908451582291e-01 3.77058820447668e+01
4.14901030717121e-01 3.98647376051970e+01
4.29884840258699e-01 4.20256028706656e+01
4.29884840258699e-01 4.20256028706656e+01
4.42990561151538e-01 4.39175219100212e+01
4.56094924201889e-01 4.58097515279389e+01
4.56094924201889e-01 4.58097515279389e+01
4.63582554745698e-01 4.68911688595760e+01
4.71070168866489e-01 4.79725899462981e+01
