0.00000000000000e+00 0.00000000000000e+00
2.50000000000000e-01 1.03401187938484e+00
5.00000000000000e-01 2.06802422859508e+00
7.50000000000000e-01 3.10203657780531e+00
1.00000000000000e+00 4.13604835405776e+00
1.25000000000000e+00 5.17006070326799e+00
1.50000000000000e+00 6.20407018768925e+00
1.75000000000000e+00 7.23808712056185e+00
2.00000000000000e+00 8.27209832385650e+00
2.25000000000000e+00 9.30610952715114e+00
2.50000000000000e+00 1.03401207304458e+01
2.75000000000000e+00 1.13741319337404e+01
3.00000000000000e+00 1.24081431370351e+01
3.25000000000000e+00 1.34421600699077e+01
