0.00000000000000e+00 0.00000000000000e+00 0.00000000000000e+00 0.00000000000000e+00
2.50000000000000e-01 -5.54834918477055e+00 -4.10314437559611e-01 -3.51532053849308e-02
5.00000000000000e-01 -1.09175129119596e+01 -1.16637434845851e+00 -1.14870946568295e-01
7.50000000000000e-01 -1.60166399133683e+01 -2.22000990070400e+00 -2.33551958421175e-01
1.00000000000000e+00 -2.07840672140940e+01 -3.51192788362587e+00 -3.84082910735685e-01
1.25000000000000e+00 -2.51883367850292e+01 -4.98120716946689e+00 -5.59027345129597e-01
1.50000000000000e+00 -2.92214281654951e+01 -6.57146628396205e+00 -7.51426920886874e-01
1.75000000000000e+00 -3.28933078236368e+01 -8.23485890521970e+00 -9.55314124270596e-01
2.00000000000000e+00 -3.62247271100999e+01 -9.93289591547364e+00 -1.16583503067621e+00
2.25000000000000e+00 -3.92427300725707e+01 -1.16363744718390e+01 -1.37924221170711e+00
2.50000000000000e+00 -4.19757611566318e+01 -1.33233883500804e+01 -1.59267612760693e+00
2.75000000000000e+00 -4.44521920599229e+01 -1.49782749181418e+01 -1.80403599966134e+00
3.00000000000000e+00 -4.66999579924280e+01 -1.65910386087008e+01 -2.01190233363906e+00
3.25000000000000e+00 -4.87436295717826e+01 -1.81545974095389e+01 -2.21522737729583e+00
