0.00000000000000e+00 0.00000000000000e+00 0.00000000000000e+00 0.00000000000000e+00
2.50000000000000e-01 -5.61990951727288e+00 3.72984158146112e-06 -1.74726990793282e-04
5.00000000000000e-01 -1.12398190345458e+01 7.45968498162081e-06 -3.49453908838622e-04
7.50000000000000e-01 -1.68597249144215e+01 1.11895265630819e-05 -5.24180826883961e-04
1.00000000000000e+00 -2.24796307942972e+01 1.49193699632416e-05 -6.98907744929301e-04
1.25000000000000e+00 -2.80995366741730e+01 1.86492060886071e-05 -8.73634662974641e-04
1.50000000000000e+00 -3.37194607410344e+01 2.23790476700682e-05 -1.04836176288984e-03
1.75000000000000e+00 -3.93393666209101e+01 2.61088892515293e-05 -1.22308868093518e-03
2.00000000000000e+00 -4.49592725007859e+01 2.98387490199761e-05 -1.39781559898052e-03
2.25000000000000e+00 -5.05791783806616e+01 3.35685906014372e-05 -1.57254251702586e-03
2.50000000000000e+00 -5.61990842605374e+01 3.72984321828983e-05 -1.74726888946163e-03
2.75000000000000e+00 -6.18190083273988e+01 4.10282737643595e-05 -1.92199671685625e-03
3.00000000000000e+00 -6.74389142072745e+01 4.47581153458206e-05 -2.09672272555230e-03
3.25000000000000e+00 -7.30588200871503e+01 4.84879569272817e-05 -2.27145055294693e-03
