0.00000000000000e+00 0.00000000000000e+00 0.00000000000000e+00 0.00000000000000e+00
2.50000000000000e-01 -5.43181789281044e+00 3.33097734271145e-06 -1.73817932501723e-04
5.00000000000000e-01 -1.08636339669223e+01 6.66195468542291e-06 -3.47635865003447e-04
7.50000000000000e-01 -1.62954464036371e+01 9.99293202813436e-06 -5.21453797505170e-04
1.00000000000000e+00 -2.17272624777490e+01 1.33239093708458e-05 -6.95271911876750e-04
1.25000000000000e+00 -2.71590785518608e+01 1.66548812574616e-05 -8.69089844378474e-04
1.50000000000000e+00 -3.25909128129584e+01 1.99858640562687e-05 -1.04290777688020e-03
1.75000000000000e+00 -3.80227288870703e+01 2.33168468550759e-05 -1.21672570938192e-03
2.00000000000000e+00 -4.34545449611821e+01 2.66478114668974e-05 -1.39054364188364e-03
2.25000000000000e+00 -4.88863610352940e+01 2.99787942657045e-05 -1.56436157438537e-03
2.50000000000000e+00 -5.43181771094059e+01 3.33097770645117e-05 -1.73817950688709e-03
2.75000000000000e+00 -5.97499931835178e+01 3.66407416763332e-05 -1.91199798499838e-03
3.00000000000000e+00 -6.51818092576297e+01 3.99717244751403e-05 -2.08581464441111e-03
3.25000000000000e+00 -7.06136253317415e+01 4.33027072739475e-05 -2.25963312252241e-03
