0.00000000000000e+00 0.00000000000000e+00
2.50000000000000e-01 1.45897496824185e+00
5.00000000000000e-01 2.91794954114282e+00
7.50000000000000e-01 4.37692468700159e+00
1.00000000000000e+00 5.83589754102918e+00
1.25000000000000e+00 7.29487154097235e+00
1.50000000000000e+00 8.75385127049348e+00
1.75000000000000e+00 1.02128252704367e+01
2.00000000000000e+00 1.16717992703798e+01
2.25000000000000e+00 1.31307732703230e+01
2.50000000000000e+00 1.45897472702662e+01
2.75000000000000e+00 1.60487212702094e+01
3.00000000000000e+00 1.75077009997305e+01
3.25000000000000e+00 1.89666749996737e+01
