0.00000000000000e+00 0.00000000000000e+00
2.50000000000000e-01 1.02088234150038e+00
5.00000000000000e-01 2.00134753464155e+00
7.50000000000000e-01 2.91869920149510e+00
1.00000000000000e+00 3.75804311538783e+00
1.25000000000000e+00 4.51234138825226e+00
1.50000000000000e+00 5.18076877596593e+00
1.75000000000000e+00 5.76705345821653e+00
2.00000000000000e+00 6.27753817837596e+00
2.25000000000000e+00 6.71974983896780e+00
2.50000000000000e+00 7.10159230475167e+00
2.75000000000000e+00 7.43065171808107e+00
3.00000000000000e+00 7.71390155905946e+00
3.25000000000000e+00 7.95763818944001e+00
