2.15000000000000e-03 0.00000000000000e+00
4.03540436600000e-02 -2.97705860163963e-01
7.82912106000000e-02 -1.17266228050891e+00
1.15749804000000e-01 -2.57387677249271e+00
1.52582017000000e-01 -4.44632697528924e+00
1.88696262000000e-01 -6.73573383017656e+00
2.24048873000000e-01 -9.38985885822453e+00
2.58636190000000e-01 -1.23592007218458e+01
2.92487390000000e-01 -1.55972916726623e+01
3.25657990000000e-01 -1.90607430189692e+01
3.58224280000000e-01 -2.27091432786153e+01
3.90278410000000e-01 -2.65047308132612e+01
4.21924290000000e-01 -3.04120773748282e+01
4.53274010000000e-01 -3.43976643487329e+01
4.80554410000000e-01 -3.79239389996279e+01
4.96113100000000e-01 -3.99466591714946e+01
