0.00000000000000e+00 0.00000000000000e+00
1.91192733539485e-02 -7.37035251317566e-02
3.82039766329206e-02 -2.95327094642124e-01
3.82039766329206e-02 -2.95327094642124e-01
5.72220322663188e-02 -6.60451218664777e-01
7.61439611636700e-02 -1.16438341246477e+00
7.61439611636700e-02 -1.16438341246477e+00
9.49454490325196e-02 -1.80038709265209e+00
1.13605827979784e-01 -2.56153779832814e+00
1.13605827979784e-01 -2.56153779832814e+00
1.32108695632305e-01 -3.44086917323427e+00
1.50441043725911e-01 -4.43131445486017e+00
1.50441043725911e-01 -4.43131445486017e+00
1.68592479857756e-01 -5.52654163878931e+00
1.86557270760590e-01 -6.71922317520935e+00
1.86557270760590e-01 -6.71922317520935e+00
2.04331751559263e-01 -8.00283315046739e+00
2.21914625911981e-01 -9.37094812235632e+00
2.21914625911981e-01 -9.37094812235632e+00
2.39306980073752e-01 -1.08174293747448e+01
2.56511865569036e-01 -1.23362577747477e+01
2.56511865569036e-01 -1.23362577747477e+01
2.73534211731785e-01 -1.39217024520932e+01
2.90380549340208e-01 -1.55681564234341e+01
2.90380549340208e-01 -1.55681564234341e+01
3.07058845522048e-01 -1.72702915333362e+01
3.23578362769337e-01 -1.90228938428098e+01
3.23578362769337e-01 -1.90228938428098e+01
3.39949434423608e-01 -2.08210045937235e+01
3.56183395861852e-01 -2.26597734927908e+01
3.56183395861852e-01 -2.26597734927908e+01
3.72292355080171e-01 -2.45345722114669e+01
3.88289180256953e-01 -2.64408647810397e+01
3.88289180256953e-01 -2.64408647810397e+01
4.04187278593047e-01 -2.83742968953191e+01
4.20000608603756e-01 -3.03305877846577e+01
4.20000608603756e-01 -3.03305877846577e+01
4.35743360588839e-01 -3.23056266132922e+01
4.51430316501803e-01 -3.42952958020232e+01
4.51430316501803e-01 -3.42952958020232e+01
4.65121374050656e-01 -3.60453513299694e+01
4.78791253430631e-01 -3.78008742719603e+01
4.78791253430631e-01 -3.78008742719603e+01
4.86595845057165e-01 -3.88057836904133e+01
4.94398544622118e-01 -3.98111789823765e+01
