0.00000000000000e+00 0.00000000000000e+00
1.00000000000000e+00 4.02799713360989e-03
2.00000000000000e+00 1.61171050486357e-02
3.00000000000000e+00 3.62831888913859e-02
4.00000000000000e+00 6.45525418252590e-02
5.00000000000000e+00 1.00962108339982e-01
6.00000000000000e+00 1.45559581269566e-01
7.00000000000000e+00 1.98403411195583e-01
8.00000000000000e+00 2.59565722635170e-01
9.00000000000000e+00 3.29122705180314e-01
1.00000000000000e+01 4.07168370401052e-01
1.10000000000000e+01 4.93806359846661e-01
1.20000000000000e+01 5.89152191236818e-01
1.30000000000000e+01 6.93340455232623e-01
1.40000000000000e+01 8.06498881508517e-01
1.50000000000000e+01 9.28786251341074e-01
1.60000000000000e+01 1.06037921044059e+00
1.70000000000000e+01 1.20143884040094e+00
1.80000000000000e+01 1.35216808218174e+00
1.90000000000000e+01 1.51279042923621e+00
2.00000000000000e+01 1.68350273448266e+00
2.10000000000000e+01 1.86457508856270e+00
2.20000000000000e+01 2.05623091237277e+00
2.30000000000000e+01 2.25877972651218e+00
2.40000000000000e+01 2.47249516051627e+00
2.50000000000000e+01 2.69766442804533e+00
2.60000000000000e+01 2.93466092860638e+00
2.70000000000000e+01 3.18381202498027e+00
2.80000000000000e+01 3.44546022905964e+00
2.90000000000000e+01 3.72005171880582e+00
3.00000000000000e+01 4.00797457169528e+00
3.10000000000000e+01 4.30966728550307e+00
3.20000000000000e+01 4.62559311100689e+00
3.30000000000000e+01 4.95624107626458e+00
3.40000000000000e+01 5.30212702833587e+00
3.50000000000000e+01 5.66379468672619e+00
3.60000000000000e+01 6.04181669490456e+00
3.70000000000000e+01 6.43679565832945e+00
3.80000000000000e+01 6.84936515383153e+00
3.90000000000000e+01 7.28019068838621e+00
4.00000000000000e+01 7.72997058488826e+00
4.10000000000000e+01 8.19943676355316e+00
4.20000000000000e+01 8.68935538674228e+00
4.30000000000000e+01 9.20052732295372e+00
4.40000000000000e+01 9.73384325403944e+00
4.50000000000000e+01 1.02900672346775e+01
4.60000000000000e+01 1.08701564772322e+01
4.70000000000000e+01 1.14750498158006e+01
4.80000000000000e+01 1.21057818652920e+01
4.90000000000000e+01 1.27632309438700e+01
5.00000000000000e+01 1.34484857466199e+01
5.10000000000000e+01 1.41626696750863e+01
5.20000000000000e+01 1.49067179406347e+01
5.30000000000000e+01 1.56818564634282e+01
5.40000000000000e+01 1.64890324724603e+01
5.50000000000000e+01 1.73294827068182e+01
5.60000000000000e+01 1.82041294871545e+01
5.70000000000000e+01 1.91140948341729e+01
5.80000000000000e+01 2.00604755298970e+01
5.90000000000000e+01 2.10440474937321e+01
6.00000000000000e+01 2.20658603846108e+01
6.10000000000000e+01 2.31265011605093e+01
6.20000000000000e+01 2.42268045393470e+01
6.30000000000000e+01 2.53670690742139e+01
6.40000000000000e+01 2.65478046858699e+01
6.50000000000000e+01 2.77689040699295e+01
6.60000000000000e+01 2.90303166460915e+01
6.70000000000000e+01 3.03317260484779e+01
