0.00000000000000e+00 0.00000000000000e+00
1.00000000000000e+00 1.39693079776459e-02
2.00000000000000e+00 5.58949220251928e-02
3.00000000000000e+00 1.25829891075143e-01
4.00000000000000e+00 2.23862461013228e-01
5.00000000000000e+00 3.50115683187545e-01
6.00000000000000e+00 5.04747193978191e-01
7.00000000000000e+00 6.87948545918394e-01
8.00000000000000e+00 8.99953530061148e-01
9.00000000000000e+00 1.14100400279015e+00
1.00000000000000e+01 1.41139532211374e+00
1.10000000000000e+01 1.71146230857008e+00
1.20000000000000e+01 2.04152336490174e+00
1.30000000000000e+01 2.40198683248614e+00
1.40000000000000e+01 2.79323556600187e+00
1.50000000000000e+01 3.21566639465230e+00
1.60000000000000e+01 3.66976681035224e+00
1.70000000000000e+01 4.15597006788167e+00
1.80000000000000e+01 4.67474413672255e+00
1.90000000000000e+01 5.22656438728576e+00
2.00000000000000e+01 5.81190847651608e+00
2.10000000000000e+01 6.43125054893866e+00
2.20000000000000e+01 7.08505469824586e+00
2.30000000000000e+01 7.77376764407530e+00
2.40000000000000e+01 8.49781058564900e+00
2.50000000000000e+01 9.25757020249542e+00
2.60000000000000e+01 1.00533510160040e+01
2.70000000000000e+01 1.08855154467444e+01
2.80000000000000e+01 1.17542467294547e+01
2.90000000000000e+01 1.26596864819547e+01
3.00000000000000e+01 1.36018844236390e+01
3.10000000000000e+01 1.45807849019512e+01
3.20000000000000e+01 1.55961716483556e+01
3.30000000000000e+01 1.66478203077668e+01
3.40000000000000e+01 1.77352343177933e+01
3.50000000000000e+01 1.88577561770281e+01
3.60000000000000e+01 2.00146862936937e+01
3.70000000000000e+01 2.12049665987188e+01
3.80000000000000e+01 2.24275251704349e+01
3.90000000000000e+01 2.36809106254884e+01
4.00000000000000e+01 2.49636032886933e+01
4.10000000000000e+01 2.62738825927381e+01
4.20000000000000e+01 2.76096840648346e+01
4.30000000000000e+01 2.89688873272040e+01
4.40000000000000e+01 3.03491397345653e+01
