0.00000000000000e+00 0.00000000000000e+00
1.00000000000000e+00 1.00269901653064e-02
2.00000000000000e+00 4.01208588035974e-02
3.00000000000000e+00 9.03203085152828e-02
4.00000000000000e+00 1.60689854789225e-01
5.00000000000000e+00 2.51319733300376e-01
6.00000000000000e+00 3.62326043205855e-01
7.00000000000000e+00 4.93850570052349e-01
8.00000000000000e+00 6.46067301675885e-01
9.00000000000000e+00 8.19158371699215e-01
1.00000000000000e+01 1.01334741854978e+00
1.10000000000000e+01 1.22887865220670e+00
1.20000000000000e+01 1.46603573174895e+00
1.30000000000000e+01 1.72508768530029e+00
1.40000000000000e+01 2.00638374061184e+00
1.50000000000000e+01 2.31023412443730e+00
1.60000000000000e+01 2.63704454069855e+00
1.70000000000000e+01 2.98718761485939e+00
1.80000000000000e+01 3.36105142368831e+00
1.90000000000000e+01 3.75912016164432e+00
2.00000000000000e+01 4.18182465926021e+00
2.10000000000000e+01 4.62963863688833e+00
2.20000000000000e+01 5.10305286439149e+00
2.30000000000000e+01 5.60257311892463e+00
2.40000000000000e+01 6.12871778634682e+00
2.50000000000000e+01 6.68197969752644e+00
2.60000000000000e+01 7.26296342634269e+00
2.70000000000000e+01 7.87217207917381e+00
2.80000000000000e+01 8.51014169612322e+00
2.90000000000000e+01 9.17740192295599e+00
3.00000000000000e+01 9.87447047478712e+00
3.10000000000000e+01 1.06018469146853e+01
3.20000000000000e+01 1.13600057133705e+01
3.30000000000000e+01 1.21493885583223e+01
3.40000000000000e+01 1.29703959000973e+01
3.50000000000000e+01 1.38233777341632e+01
3.60000000000000e+01 1.47085770785989e+01
3.70000000000000e+01 1.56263053621204e+01
3.80000000000000e+01 1.65766524763741e+01
3.90000000000000e+01 1.75596603923630e+01
4.00000000000000e+01 1.85752136769291e+01
4.10000000000000e+01 1.96232317378870e+01
4.20000000000000e+01 2.07033490720456e+01
4.30000000000000e+01 2.18150544742436e+01
4.40000000000000e+01 2.29578450060504e+01
4.50000000000000e+01 2.41308326557997e+01
4.60000000000000e+01 2.53331808164765e+01
4.70000000000000e+01 2.65636414198453e+01
4.80000000000000e+01 2.78210128076194e+01
4.90000000000000e+01 2.91036684247570e+01
5.00000000000000e+01 3.04099683062383e+01
