0.00000000000000e+00 1.40272753875329e-06 -6.98424115798726e-13 4.67372091377968e-11
2.50000000000000e+00 8.80882694482086e-02 -4.38601915417054e-08 2.93500134674636e-06
5.00000000000000e+00 3.53054149752011e-01 -1.75797631217744e-07 1.17634265883196e-05
7.50000000000000e+00 7.97013951419285e-01 -3.96889516057018e-07 2.65559830911948e-05
1.00000000000000e+01 1.42353927125108e+00 -7.08954017296188e-07 4.74320065865991e-05
1.25000000000000e+01 2.23772501167150e+00 -1.11458474471927e-06 7.45617345438349e-05
1.50000000000000e+01 3.24629162796627e+00 -1.61720230676463e-06 1.08169648938416e-04
1.75000000000000e+01 4.45771043662044e+00 -2.22112029291233e-06 1.48538884777620e-04
2.00000000000000e+01 5.88238803136237e+00 -2.93163675422670e-06 1.96017159058110e-04
2.25000000000000e+01 7.53287707033835e+00 -3.75514350714576e-06 2.51023700007839e-04
2.50000000000000e+01 9.42415271830886e+00 -4.69926635514783e-06 3.14058886188930e-04
2.75000000000000e+01 1.15739509245991e+01 -5.77303877447355e-06 3.85715613364307e-04
3.00000000000000e+01 1.40032012733801e+01 -6.98711833926623e-06 4.66692989298595e-04
3.25000000000000e+01 1.67365362192929e+01 -8.35405407027488e-06 5.57813975135116e-04
3.50000000000000e+01 1.98029549124597e+01 -9.88861925670877e-06 6.60047755389395e-04
3.75000000000000e+01 2.32366397941815e+01 -1.16082243008331e-05 7.74536290949591e-04
4.00000000000000e+01 2.70779496064063e+01 -1.35334459592790e-05 9.02628510611288e-04
4.25000000000000e+01 3.13747706848328e+01 -1.56886766184645e-05 1.04592450545491e-03
4.50000000000000e+01 3.61841192324291e+01 -1.81029809016635e-05 1.20632936232606e-03
4.75000000000000e+01 4.15742873838511e+01 -2.08111687012145e-05 1.38612500243251e-03
5.00000000000000e+01 4.76275894404173e+01 -2.38551973951870e-05 1.58806275310602e-03
5.25000000000000e+01 5.44440356414014e+01 -2.72860451070004e-05 1.81548429126314e-03
5.50000000000000e+01 6.21461335284918e+01 -3.11661841356007e-05 2.07248350758588e-03
5.75000000000000e+01 7.08854352609660e+01 -3.55728909870205e-05 2.36412274979235e-03
6.00000000000000e+01 8.08514856130933e+01 -4.06028294950001e-05 2.69674091018957e-03
