0.00000000000000e+00 1.46769745656811e-06 -8.36053409359787e-13 4.65787277366277e-11
2.50000000000000e+00 9.21722118485672e-02 -5.25051210007498e-08 2.92517855528762e-06
5.00000000000000e+00 3.69470451330078e-01 -2.10471630392419e-07 1.17256049310013e-05
7.50000000000000e+00 8.34255080125497e-01 -4.75261969901628e-07 2.64764695858114e-05
1.00000000000000e+01 1.49051284937883e+00 -8.49177684494703e-07 4.73047522414097e-05
1.25000000000000e+01 2.34393883207173e+00 -1.33550643573801e-06 7.43918862760454e-05
1.50000000000000e+01 3.40205589333842e+00 -1.93859091229017e-06 1.07977448864104e-04
1.75000000000000e+01 4.67437200789970e+00 -2.66391885548566e-06 1.48364326080302e-04
2.00000000000000e+01 6.17259232032667e+00 -3.51825073198074e-06 1.95925314775817e-04
2.25000000000000e+01 7.91088085577774e+00 -4.50976159224885e-06 2.51111725022947e-04
2.50000000000000e+01 9.90619697925065e+00 -5.64824512857017e-06 3.14463728510484e-04
2.75000000000000e+01 1.21787100588767e+01 -6.94534828715869e-06 3.86623871474748e-04
3.00000000000000e+01 1.47523250698335e+01 -8.41487317213965e-06 4.68353461174512e-04
3.25000000000000e+01 1.76553300510672e+01 -1.00731571535693e-05 5.60554026535177e-04
3.50000000000000e+01 2.09212181570872e+01 -1.19395439103876e-05 6.64292052450542e-04
3.75000000000000e+01 2.45896970357212e+01 -1.40369745074828e-05 7.80833353187460e-04
4.00000000000000e+01 2.87080674016998e+01 -1.63927567052237e-05 9.11683629365945e-04
4.25000000000000e+01 3.33327816614067e+01 -1.90395197762564e-05 1.05864266517921e-03
4.50000000000000e+01 3.85317500227792e+01 -2.20164748636749e-05 1.22387289333314e-03
4.75000000000000e+01 4.43870321693238e+01 -2.53710463537183e-05 1.40998942062990e-03
5.00000000000000e+01 5.09986747142870e+01 -2.91610143027919e-05 1.62017951646986e-03
5.25000000000000e+01 5.84896216870358e+01 -3.34574534544999e-05 1.85836083963497e-03
5.50000000000000e+01 6.70125710270028e+01 -3.83485888808038e-05 2.12939786342919e-03
5.75000000000000e+01 7.67592499468485e+01 -4.39451793300532e-05 2.43939868729968e-03
6.00000000000000e+01 8.79735641237683e+01 -5.03882103223152e-05 2.79613642931619e-03
