0.00000000000000e+00 9.02541463707503e-08
2.50000000000000e+00 5.66760619022213e-03
5.00000000000000e+00 2.27142608544675e-02
7.50000000000000e+00 5.12705966917560e-02
1.00000000000000e+01 9.15597621253508e-02
1.25000000000000e+01 1.43897676766966e-01
1.50000000000000e+01 2.08699875440759e-01
1.75000000000000e+01 2.86497079139724e-01
2.00000000000000e+01 3.77926387534458e-01
2.25000000000000e+01 4.83775168782760e-01
2.50000000000000e+01 6.04963443453373e-01
2.75000000000000e+01 7.42589931127000e-01
3.00000000000000e+01 8.97960571641273e-01
3.25000000000000e+01 1.07257628963584e+00
3.50000000000000e+01 1.26819583017774e+00
3.75000000000000e+01 1.48707776279978e+00
4.00000000000000e+01 1.73152088801329e+00
4.25000000000000e+01 2.00456824702352e+00
4.50000000000000e+01 2.30965546079235e+00
4.75000000000000e+01 2.65101003005208e+00
5.00000000000000e+01 3.03358438576209e+00
5.25000000000000e+01 3.46356270719006e+00
5.50000000000000e+01 3.94810869434674e+00
5.75000000000000e+01 4.49654545084294e+00
6.00000000000000e+01 5.12001354055454e+00
