0.00000000000000e+00 0.00000000000000e+00
7.50000000000000e+00 5.44840601778161e-02
1.00000000000000e+01 9.71115570153274e-02
1.25000000000000e+01 1.52204258976093e-01
1.50000000000000e+01 2.19905658795893e-01
1.75000000000000e+01 3.00325209118863e-01
2.00000000000000e+01 3.93440413219682e-01
2.25000000000000e+01 4.99084118656259e-01
2.50000000000000e+01 6.16799641995725e-01
2.75000000000000e+01 7.45765415083227e-01
3.00000000000000e+01 8.84702176310685e-01
3.25000000000000e+01 1.03175689579655e+00
3.50000000000000e+01 1.18449091182650e+00
3.75000000000000e+01 1.33982742259143e+00
4.00000000000000e+01 1.49419019830294e+00
4.25000000000000e+01 1.64270849414733e+00
4.50000000000000e+01 1.78329386722783e+00
4.75000000000000e+01 1.91153678906983e+00
5.00000000000000e+01 2.02459222176917e+00
5.25000000000000e+01 2.12002071899450e+00
5.50000000000000e+01 2.19660032457651e+00
5.75000000000000e+01 2.25374777731605e+00
6.00000000000000e+01 2.29151883971670e+00
