2.15000000000000e-03 0.00000000000000e+00
4.03545105700000e-02 2.96449321324258e-01
7.83108224000000e-02 1.14525667554764e+00
1.15861055000000e-01 2.46460572521071e+00
1.52934355000000e-01 4.17403688198477e+00
1.89523787000000e-01 6.19991795196034e+00
2.25665139000000e-01 8.47682307290045e+00
2.61419981000000e-01 1.09476287415249e+01
2.96861820000000e-01 1.35635138135103e+01
3.32066210000000e-01 1.62834775483699e+01
3.67103120000000e-01 1.90740922664485e+01
4.02032500000000e-01 2.19089704702424e+01
4.36901100000000e-01 2.47684920396146e+01
4.71741820000000e-01 2.76392167921573e+01
5.02219830000000e-01 3.01541495441046e+01
5.19635210000000e-01 3.15915215822922e+01
