0.00000000000000e+00 6.82000977728814e-08
2.50000000000000e+00 4.28288791275934e-03
5.00000000000000e+00 1.71666864279833e-02
7.50000000000000e+00 3.87570871518434e-02
1.00000000000000e+01 6.92337503683502e-02
1.25000000000000e+01 1.08851160161367e-01
1.50000000000000e+01 1.57947817925974e-01
1.75000000000000e+01 2.16947947735142e-01
2.00000000000000e+01 2.86381154701566e-01
2.25000000000000e+01 3.66884673098775e-01
2.50000000000000e+01 4.59199788467438e-01
2.75000000000000e+01 5.64252838065436e-01
3.00000000000000e+01 6.83102838486187e-01
3.25000000000000e+01 8.17016533903722e-01
3.50000000000000e+01 9.67496938612511e-01
3.75000000000000e+01 1.13630588752481e+00
4.00000000000000e+01 1.32555582714890e+00
4.25000000000000e+01 1.53776637836130e+00
4.50000000000000e+01 1.77600130323141e+00
4.75000000000000e+01 2.04382486442520e+00
5.00000000000000e+01 2.34571403308669e+00
5.25000000000000e+01 2.68705100131421e+00
5.50000000000000e+01 3.07474783324336e+00
5.75000000000000e+01 3.51705384847797e+00
6.00000000000000e+01 4.02468060856383e+00
