0.00000000000000e+00 6.44673302107876e-08
2.50000000000000e+00 4.04825672047113e-03
5.00000000000000e+00 1.62242192179538e-02
7.50000000000000e+00 3.66217521716018e-02
1.00000000000000e+01 6.53995305345543e-02
1.25000000000000e+01 1.02783056222033e-01
1.50000000000000e+01 1.49067943245770e-01
1.75000000000000e+01 2.04636699113110e-01
2.00000000000000e+01 2.69948831333423e-01
2.25000000000000e+01 3.45548905506666e-01
2.50000000000000e+01 4.32120368781657e-01
2.75000000000000e+01 5.30433270400018e-01
3.00000000000000e+01 6.41413652960041e-01
3.25000000000000e+01 7.66160707747207e-01
3.50000000000000e+01 9.05946445197870e-01
3.75000000000000e+01 1.06228476706244e+00
4.00000000000000e+01 1.23696554734277e+00
4.25000000000000e+01 1.43209998821047e+00
4.50000000000000e+01 1.65014234691196e+00
4.75000000000000e+01 1.89414264293510e+00
5.00000000000000e+01 2.16777805070897e+00
5.25000000000000e+01 2.47529009509286e+00
5.50000000000000e+01 2.82211373453380e+00
5.75000000000000e+01 3.21486502070912e+00
6.00000000000000e+01 3.66166892106916e+00
