0.00000000000000e+00 0.00000000000000e+00 0.00000000000000e+00 0.00000000000000e+00
7.50000000000000e+00 8.36979490717089e-01 -3.98289004675329e-03 1.49534076683974e-04
1.00000000000000e+01 1.49513870941869e+00 -1.27100174104023e-02 6.12621550451519e-04
1.25000000000000e+01 2.35011695141728e+00 -3.14061614236919e-02 1.66274579485043e-03
1.50000000000000e+01 3.40795393309044e+00 -6.60577542308842e-02 3.65360374229986e-03
1.75000000000000e+01 4.67557598641214e+00 -1.24386148281775e-01 7.02821729156849e-03
2.00000000000000e+01 6.16012514101735e+00 -2.16040485687114e-01 1.23194736977072e-02
2.25000000000000e+01 7.86856155667510e+00 -3.52792620884808e-01 2.01453249350679e-02
2.50000000000000e+01 9.80643772039218e+00 -5.48628637556455e-01 3.11932827456239e-02
2.75000000000000e+01 1.19771491425654e+01 -8.19758414982294e-01 4.61922906455053e-02
3.00000000000000e+01 1.43804066501080e+01 -1.18437148593318e+00 6.58659542702772e-02
3.25000000000000e+01 1.70108759998523e+01 -1.66211434267593e+00 9.08670409427261e-02
3.50000000000000e+01 1.98567883927742e+01 -2.27320054771929e+00 1.21695983785938e-01
3.75000000000000e+01 2.28989256401410e+01 -3.03714673824580e+00 1.58612547529416e-01
4.00000000000000e+01 2.61101654888471e+01 -3.97123946314198e+00 2.01557642653721e-01
4.25000000000000e+01 2.94565164609506e+01 -5.08906985748859e+00 2.49947030401549e-01
4.50000000000000e+01 3.28968577797654e+01 -6.39855835394677e+00 3.03216896001536e-01
4.75000000000000e+01 3.63877771082946e+01 -7.90186556652372e+00 3.60157622975402e-01
5.00000000000000e+01 3.98846253944530e+01 -9.59455023309351e+00 4.19467932432435e-01
5.25000000000000e+01 4.33448996505734e+01 -1.14663367062312e+01 4.79760521035341e-01
5.50000000000000e+01 4.67305708876904e+01 -1.35021225122703e+01 5.39705738194327e-01
5.75000000000000e+01 5.00094299525483e+01 -1.56833551061874e+01 5.98136524979735e-01
6.00000000000000e+01 5.31559786899441e+01 -1.79895595784766e+01 6.54109522397001e-01
