0.00000000000000e+00 0.00000000000000e+00
7.50000000000000e+00 3.91558776804934e-02
1.00000000000000e+01 6.98650141265491e-02
1.25000000000000e+01 1.09664576477188e-01
1.50000000000000e+01 1.58771497384776e-01
1.75000000000000e+01 2.17430603893535e-01
2.00000000000000e+01 2.85880444504133e-01
2.25000000000000e+01 3.64353319531532e-01
2.50000000000000e+01 4.53012135879752e-01
2.75000000000000e+01 5.51909866782917e-01
3.00000000000000e+01 6.60943210602521e-01
3.25000000000000e+01 7.79754058895502e-01
3.50000000000000e+01 9.07688899814641e-01
3.75000000000000e+01 1.04365382829656e+00
4.00000000000000e+01 1.18611438280926e+00
4.25000000000000e+01 1.33298518185777e+00
4.50000000000000e+01 1.48160644395980e+00
4.75000000000000e+01 1.62902180948129e+00
5.00000000000000e+01 1.77064995392873e+00
5.25000000000000e+01 1.90504024618381e+00
5.50000000000000e+01 2.02801475232439e+00
5.75000000000000e+01 2.13667054153548e+00
6.00000000000000e+01 2.22874183732030e+00
