0.00000000000000e+00 1.00194237016810e-06 -4.98871406546988e-13 3.33835233540004e-11
2.50000000000000e+00 6.29198806860931e-02 -3.13285575519007e-08 2.09641940064058e-06
5.00000000000000e+00 2.52180210485271e-01 -1.25569120824700e-07 8.40240599283033e-06
7.50000000000000e+00 5.69292873592986e-01 -2.83491108473190e-07 1.89684632196386e-05
1.00000000000000e+01 1.01680877674874e+00 -5.06393180462011e-07 3.38798462181162e-05
1.25000000000000e+01 1.59836749970946e+00 -7.96128063302353e-07 5.32581168066489e-05
1.50000000000000e+01 2.31876804262739e+00 -1.15513881490322e-06 7.72636478330114e-05
1.75000000000000e+01 3.18406303464057e+00 -1.58650703827288e-06 1.06098678588115e-04
2.00000000000000e+01 4.20168495155987e+00 -2.09401689971168e-06 1.40011497812924e-04
2.25000000000000e+01 5.38059997777550e+00 -2.68223315098454e-06 1.79301699737580e-04
2.50000000000000e+01 6.73150388010265e+00 -3.35660297644585e-06 2.24326658648630e-04
2.75000000000000e+01 8.26706753210049e+00 -4.12357911893871e-06 2.75509749406968e-04
3.00000000000000e+01 1.00022369993509e+01 -4.99077465105083e-06 3.33350368477442e-04
3.25000000000000e+01 1.19546100100810e+01 -5.96715211977513e-06 3.98436683006462e-04
3.50000000000000e+01 1.41448979046227e+01 -7.06326543343135e-06 4.71460344094149e-04
3.75000000000000e+01 1.65975130750793e+01 -8.29154903475297e-06 5.53237401828920e-04
4.00000000000000e+01 1.93412964447897e+01 -9.66669982760555e-06 6.44731584630323e-04
4.25000000000000e+01 2.24104413672467e+01 -1.12061427638436e-05 7.47085217126249e-04
4.50000000000000e+01 2.58456721428290e+01 -1.29306364699641e-05 8.61659595263163e-04
4.75000000000000e+01 2.96957662695781e+01 -1.48650443753379e-05 9.90084454909641e-04
5.00000000000000e+01 3.40195404621350e+01 -1.70393404525686e-05 1.13432508183689e-03
5.25000000000000e+01 3.88884150168493e+01 -1.94899386862121e-05 1.29676815429548e-03
5.50000000000000e+01 4.43898875262188e+01 -2.22614535730790e-05 1.48033759411993e-03
5.75000000000000e+01 5.06322069344434e+01 -2.54090753426837e-05 1.68865133855312e-03
6.00000000000000e+01 5.77507753567059e+01 -2.90018781701054e-05 1.92623467359906e-03
