0.00000000000000e+00 9.54811802022796e-08
2.50000000000000e+00 5.99613627774528e-03
5.00000000000000e+00 2.40334837997743e-02
7.50000000000000e+00 5.42603004032202e-02
1.00000000000000e+01 9.69276760252443e-02
1.25000000000000e+01 1.52394998119371e-01
1.50000000000000e+01 2.21127047243083e-01
1.75000000000000e+01 3.03729258529973e-01
2.00000000000000e+01 4.00937149814571e-01
2.25000000000000e+01 5.13630613530017e-01
2.50000000000000e+01 6.42880000711269e-01
2.75000000000000e+01 7.89945713656614e-01
3.00000000000000e+01 9.56318194450291e-01
3.25000000000000e+01 1.14376924474341e+00
3.50000000000000e+01 1.35440875631320e+00
3.75000000000000e+01 1.59065399357237e+00
4.00000000000000e+01 1.85551667176735e+00
4.25000000000000e+01 2.15243693963454e+00
4.50000000000000e+01 2.48570619162932e+00
4.75000000000000e+01 2.86028477707265e+00
5.00000000000000e+01 3.28242531606808e+00
5.25000000000000e+01 3.75947875287119e+00
5.50000000000000e+01 4.30095977635129e+00
5.75000000000000e+01 4.91826350374067e+00
6.00000000000000e+01 5.62613697324141e+00
