0.00000000000000e+00 0.00000000000000e+00 0.00000000000000e+00 0.00000000000000e+00
7.50000000000000e+00 6.00754723569625e-01 -2.05201405417576e-03 8.31415364038908e-05
1.00000000000000e+01 1.07336939570281e+00 -6.55057973747812e-03 3.27606008762126e-04
1.25000000000000e+01 1.68766396705100e+00 -1.61949641325344e-02 8.79367718498911e-04
1.50000000000000e+01 2.44845580662286e+00 -3.40917791728813e-02 1.92646928572611e-03
1.75000000000000e+01 3.36164804652668e+00 -6.42782121537448e-02 3.70940687326235e-03
2.00000000000000e+01 4.43390730856787e+00 -1.11860297753707e-01 6.52635649003526e-03
2.25000000000000e+01 5.67274845560657e+00 -1.83188240585461e-01 1.07385626133390e-02
2.50000000000000e+01 7.08590277564333e+00 -2.86017826520518e-01 1.67735285500225e-02
2.75000000000000e+01 8.68129070133931e+00 -4.29705932795083e-01 2.51262131402069e-02
3.00000000000000e+01 1.04662815996619e+01 -6.25351167977372e-01 3.63541311830980e-02
3.25000000000000e+01 1.24470172159834e+01 -8.85882660836161e-01 5.10647298495918e-02
3.50000000000000e+01 1.46275095995462e+01 -1.22603059742250e+00 6.98914436957266e-02
3.75000000000000e+01 1.70085662525550e+01 -1.66211998064177e+00 9.34560130451617e-02
4.00000000000000e+01 1.95866388939257e+01 -2.21162668591092e+00 1.22315778102032e-01
4.25000000000000e+01 2.23526794978282e+01 -2.89243834202338e+00 1.56897860246466e-01
4.50000000000000e+01 2.52912782305226e+01 -3.72183404120116e+00 1.97427377998511e-01
4.75000000000000e+01 2.83802469683657e+01 -4.71521634238966e+00 2.43860755338290e-01
5.00000000000000e+01 3.15915231910450e+01 -5.88503423791161e+00 2.95652564537886e-01
5.25000000000000e+01 3.48903515671817e+01 -7.23888988816276e+00 3.52402510022394e-01
5.50000000000000e+01 3.82395397091937e+01 -8.77961318825695e+00 4.13001731219254e-01
5.75000000000000e+01 4.16002220267323e+01 -1.05044524471227e+01 4.76264982212218e-01
6.00000000000000e+01 4.49344422787785e+01 -1.24054490394270e+01 5.40870614685591e-01
