0.00000000000000e+00 1.04834919450746e-06 -5.97177343306834e-13 3.32703275494472e-11
2.50000000000000e+00 6.58369824006349e-02 -3.75034759878125e-08 2.08940286121310e-06
5.00000000000000e+00 2.63906088221071e-01 -1.50336122792714e-07 8.37539104294548e-06
7.50000000000000e+00 5.95893523923253e-01 -3.39471198815227e-07 1.89116652605095e-05
1.00000000000000e+01 1.06464691693294e+00 -6.06552553025523e-07 3.37889476591257e-05
1.25000000000000e+01 1.67423415054133e+00 -9.53928543693417e-07 5.31367914190887e-05
1.50000000000000e+01 2.43002875180710e+00 -1.38470059764257e-06 7.71263724582095e-05
1.75000000000000e+01 3.33882155965413e+00 -1.90278982918237e-06 1.05973988608035e-04
2.00000000000000e+01 4.40897294994923e+00 -2.51302324642439e-06 1.39946006474203e-04
2.25000000000000e+01 5.65060216203259e+00 -3.22124269133210e-06 1.79364663085164e-04
2.50000000000000e+01 7.07581991027632e+00 -4.03444106025039e-06 2.24615831735455e-04
2.75000000000000e+01 8.69903574415784e+00 -4.96093889954545e-06 2.76158479218731e-04
3.00000000000000e+01 1.05373236066904e+01 -6.01059355595054e-06 3.34536523743020e-04
3.25000000000000e+01 1.26108874212799e+01 -7.19507743746086e-06 4.00393784633706e-04
3.50000000000000e+01 1.49436521687891e+01 -8.52820356039362e-06 4.74491932889292e-04
3.75000000000000e+01 1.75639877296039e+01 -1.00263620370662e-05 5.57735225483169e-04
4.00000000000000e+01 2.05056637004298e+01 -1.17090547732019e-05 6.51199422672298e-04
4.25000000000000e+01 2.38090206362281e+01 -1.35995883921194e-05 7.56169616929320e-04
4.50000000000000e+01 2.75225486806523e+01 -1.57259744905689e-05 8.74190610895423e-04
4.75000000000000e+01 3.17048644914909e+01 -1.81220826936819e-05 1.00713038996355e-03
5.00000000000000e+01 3.64274429260533e+01 -2.08291920049279e-05 1.15726541924551e-03
5.25000000000000e+01 4.17781089425959e+01 -2.38980641225861e-05 1.32739376662859e-03
5.50000000000000e+01 4.78658935257420e+01 -2.73917114991042e-05 1.52099041964107e-03
5.75000000000000e+01 5.48277628715215e+01 -3.13892657131472e-05 1.74241861823642e-03
6.00000000000000e+01 6.28379483114929e+01 -3.59914099224925e-05 1.99722939446246e-03
