2.15000000000000e-03 0.00000000000000e+00
4.03843520000000e-02 -1.73829081123937e-01
7.85269566000000e-02 -6.87236355999681e-01
1.16503622300000e-01 -1.51358751154110e+00
1.54261557600000e-01 -2.62351996856823e+00
1.91767069000000e-01 -3.98783488533309e+00
2.29002982000000e-01 -5.57803216407699e+00
2.65966225000000e-01 -7.36651851014658e+00
3.02665613000000e-01 -9.32667545132023e+00
3.39119790000000e-01 -1.14328757060952e+01
3.75355349000000e-01 -1.36604649967018e+01
4.11405110000000e-01 -1.59857038507494e+01
4.47306550000000e-01 -1.83856966719824e+01
4.83100430000000e-01 -2.08382844370646e+01
5.14365430000000e-01 -2.30105016311107e+01
5.32220280000000e-01 -2.42569466937704e+01
