0.00000000000000e+00 0.00000000000000e+00
1.91147041153916e-02 -9.88106231433038e-02
3.81673298431979e-02 -3.95684706286032e-01
3.81673298431979e-02 -3.95684706286032e-01
5.71008309088447e-02 -8.83747866634159e-01
7.58634112561356e-02 -1.55555120631078e+00
7.58634112561356e-02 -1.55555120631078e+00
9.44131341388027e-02 -2.40085332574765e+00
1.12715085554379e-01 -3.40909500672184e+00
1.12715085554379e-01 -3.40909500672184e+00
1.30742322096383e-01 -4.56975621921931e+00
1.48474272176519e-01 -5.87221415708775e+00
1.48474272176519e-01 -5.87221415708775e+00
1.65895125606788e-01 -7.30697096207438e+00
1.82997384975942e-01 -8.86335509576903e+00
1.82997384975942e-01 -8.86335509576903e+00
1.99777064467027e-01 -1.05319448595877e+01
2.16234314563216e-01 -1.23035710524386e+01
2.16234314563216e-01 -1.23035710524386e+01
2.32373107814220e-01 -1.41696623187077e+01
2.48200703924327e-01 -1.61219271995277e+01
2.48200703924327e-01 -1.61219271995277e+01
2.63727158026145e-01 -1.81526626364477e+01
2.78965086355089e-01 -2.02544441680748e+01
2.78965086355089e-01 -2.02544441680748e+01
2.93929065159816e-01 -2.24203963753188e+01
3.08635651882109e-01 -2.46438969489100e+01
3.08635651882109e-01 -2.46438969489100e+01
3.23102728836266e-01 -2.69188094566733e+01
3.37349642248819e-01 -2.92392254777212e+01
3.37349642248819e-01 -2.92392254777212e+01
3.51396596857216e-01 -3.15996457360563e+01
3.65264863535044e-01 -3.39947604020821e+01
3.65264863535044e-01 -3.39947604020821e+01
3.78976252498702e-01 -3.64195845287123e+01
3.92553319852112e-01 -3.88692809250498e+01
3.92553319852112e-01 -3.88692809250498e+01
4.06018757347080e-01 -4.13392853910931e+01
4.19396092509111e-01 -4.38250741063863e+01
4.19396092509111e-01 -4.38250741063863e+01
4.31046016205255e-01 -4.60099262857139e+01
4.42662546460526e-01 -4.82006517109364e+01
4.42662546460526e-01 -4.82006517109364e+01
4.49289874777437e-01 -4.94543768907788e+01
4.55914220489150e-01 -5.07086233446145e+01
