0.00000000000000e+00 0.00000000000000e+00
1.91230555638266e-02 -4.29670158123064e-02
3.82343509057863e-02 -1.72268577778033e-01
3.82343509057863e-02 -1.72268577778033e-01
5.73229280701870e-02 -3.85554349247413e-01
7.63786608557259e-02 -6.80393458225920e-01
7.63786608557259e-02 -6.80393458225920e-01
9.53931198910783e-02 -1.05321078098710e+00
1.14359067125627e-01 -1.50035324231712e+00
1.14359067125627e-01 -1.50035324231712e+00
1.33270673199311e-01 -2.01814068946704e+00
1.52123229965018e-01 -2.60283118540175e+00
1.52123229965018e-01 -2.60283118540175e+00
1.70912902694787e-01 -3.25108557240592e+00
1.89637440633603e-01 -3.95893853330923e+00
1.89637440633603e-01 -3.95893853330923e+00
2.08295310037260e-01 -4.72284717251553e+00
2.26885794586566e-01 -5.53928939918260e+00
2.26885794586566e-01 -5.53928939918260e+00
2.45409031299540e-01 -6.40484515150705e+00
2.63865855920613e-01 -7.31611922444816e+00
2.63865855920613e-01 -7.31611922444816e+00
2.82257802261437e-01 -8.26981935002663e+00
3.00586990016854e-01 -9.26267948703509e+00
3.00586990016854e-01 -9.26267948703509e+00
3.18856093972992e-01 -1.02915360736978e+01
3.37068275945178e-01 -1.13532480992985e+01
3.37068275945178e-01 -1.13532480992985e+01
3.55227125303348e-01 -1.24447721556336e+01
3.73336619804731e-01 -1.35630890194787e+01
3.73336619804731e-01 -1.35630890194787e+01
3.91401052061877e-01 -1.47052690693779e+01
4.09425015742350e-01 -1.58684036041725e+01
4.09425015742350e-01 -1.58684036041725e+01
4.27413323265224e-01 -1.70496626502114e+01
4.45371009267116e-01 -1.82462332141642e+01
4.45371009267116e-01 -1.82462332141642e+01
4.63303198972765e-01 -1.94553904936892e+01
4.81215248547279e-01 -2.06743817275519e+01
4.81215248547279e-01 -2.06743817275519e+01
4.96875634107893e-01 -2.17471188104994e+01
5.12528392302169e-01 -2.28235317314341e+01
5.12528392302169e-01 -2.28235317314341e+01
5.21470411597277e-01 -2.34398046994857e+01
5.30411750507672e-01 -2.40564041105188e+01
