0.00000000000000e+00 0.00000000000000e+00
1.91243181769489e-02 -2.54600723629738e-02
3.82445043281938e-02 -1.02110103632258e-01
3.82445043281938e-02 -1.02110103632258e-01
5.73567288758883e-02 -2.28479427611894e-01
7.64574731945393e-02 -4.03063844880030e-01
7.64574731945393e-02 -4.03063844880030e-01
9.55438295900557e-02 -6.23710944416825e-01
1.14613321602087e-01 -8.88227727666514e-01
1.14613321602087e-01 -8.88227727666514e-01
1.33663971319624e-01 -1.19442656001117e+00
1.52694201511481e-01 -1.54008231646577e+00
1.52694201511481e-01 -1.54008231646577e+00
1.71702741585976e-01 -1.92322045410275e+00
1.90688875675106e-01 -2.34149457397502e+00
1.90688875675106e-01 -2.34149457397502e+00
2.09652134511384e-01 -2.79281546468654e+00
2.28592336280538e-01 -3.27509922868454e+00
2.28592336280538e-01 -3.27509922868454e+00
2.47509587317301e-01 -3.78632831613440e+00
2.66404239498982e-01 -4.32449126289132e+00
2.66404239498982e-01 -4.32449126289132e+00
2.85276874670607e-01 -4.88764265519424e+00
3.04128278816241e-01 -5.47384333487797e+00
3.04128278816241e-01 -5.47384333487797e+00
3.22959415302532e-01 -6.08122042436518e+00
3.41771415327646e-01 -6.70790527530765e+00
3.41771415327646e-01 -6.70790527530765e+00
3.60565539463084e-01 -7.35209416529476e+00
3.79343182159755e-01 -8.01198931032572e+00
3.79343182159755e-01 -8.01198931032572e+00
3.98105824638146e-01 -8.68585540634675e+00
4.16855050239415e-01 -9.37196234594844e+00
4.16855050239415e-01 -9.37196234594844e+00
4.35592493174285e-01 -1.00686389225216e+01
4.54319861949691e-01 -1.07742182990998e+01
4.54319861949691e-01 -1.07742182990998e+01
4.73038870123674e-01 -1.14871012440575e+01
4.91751306739546e-01 -1.22056681405373e+01
4.91751306739546e-01 -1.22056681405373e+01
5.08120549821074e-01 -1.28379450220958e+01
5.24487324255260e-01 -1.34723322076664e+01
5.24487324255260e-01 -1.34723322076664e+01
5.33839011431652e-01 -1.38355169424813e+01
5.43190479342401e-01 -1.41988883745184e+01
