2.15000000000000e-03 0.00000000000000e+00
4.03173855700000e-02 -3.98952445630152e-01
7.80111854000000e-02 -1.56369665818940e+00
1.14867255000000e-01 -3.41585418611886e+00
1.50641226000000e-01 -5.87278682207683e+00
1.85191282000000e-01 -8.85421757507071e+00
2.18460180000000e-01 -1.22845922505458e+01
2.50458360000000e-01 -1.60943965518872e+01
2.81249080000000e-01 -2.02205998428703e+01
3.10935750000000e-01 -2.46065551192393e+01
3.39651630000000e-01 -2.92015516088600e+01
3.67551430000000e-01 -3.39601218475661e+01
3.94804840000000e-01 -3.88411268737797e+01
4.21591460000000e-01 -4.38069560011422e+01
4.44793010000000e-01 -4.81939115617229e+01
4.58003760000000e-01 -5.07089898095555e+01
