2.15000000000000e-03 0.00000000000000e+00
4.03944992380000e-02 -1.03117298811854e-01
7.86067839300000e-02 -4.07557981638012e-01
1.16761021700000e-01 -8.97293130531081e-01
1.54839133800000e-01 -1.55472047141365e+00
1.92829874700000e-01 -2.36243487713294e+00
2.30727826300000e-01 -3.30350953825920e+00
2.68532477000000e-01 -4.36157744078150e+00
3.06247392000000e-01 -5.52083591285413e+00
3.43879445000000e-01 -6.76605517267990e+00
3.81438127000000e-01 -8.08256377892156e+00
4.18934905000000e-01 -9.45624135590758e+00
4.56382655000000e-01 -1.08734949505507e+01
4.93795143000000e-01 -1.23212426640611e+01
5.26513283000000e-01 -1.36030996065122e+01
5.45205884000000e-01 -1.43385467515963e+01
