2.15000000000000e-03 0.00000000000000e+00
4.03173908800000e-02 -3.98559788609610e-01
7.80168483000000e-02 -1.55689818107737e+00
1.14894495000000e-01 -3.39444992268785e+00
1.50713775000000e-01 -5.82893072484042e+00
1.85338506000000e-01 -8.78069486681496e+00
2.18715300000000e-01 -1.21748192424594e+01
2.50856750000000e-01 -1.59424188248629e+01
2.81826640000000e-01 -2.00210886101078e+01
3.11727460000000e-01 -2.43547926766567e+01
3.40690110000000e-01 -2.88934276976967e+01
3.68865650000000e-01 -3.35921445665740e+01
3.96418700000000e-01 -3.84105318011375e+01
4.23522630000000e-01 -4.33117061944553e+01
4.47013160000000e-01 -4.76406998317165e+01
4.60395630000000e-01 -5.01216411074530e+01
