0.00000000000000e+00 0.00000000000000e+00
1.91140043340620e-02 -1.03764234435990e-01
3.81655971106153e-02 -4.03018367964379e-01
3.81655971106153e-02 -4.03018367964379e-01
5.70993718311495e-02 -8.90836807875917e-01
7.58650840881653e-02 -1.55979538295066e+00
7.58650840881653e-02 -1.55979538295066e+00
9.44222847606892e-02 -2.39965139560511e+00
1.12737283087314e-01 -3.39996832400815e+00
1.12737283087314e-01 -3.39996832400815e+00
1.30784397310255e-01 -4.55023377989443e+00
1.48543907188070e-01 -5.83999222406755e+00
1.48543907188070e-01 -5.83999222406755e+00
1.65998825509538e-01 -7.26066289277830e+00
1.83143021549045e-01 -8.80125809537184e+00
1.83143021549045e-01 -8.80125809537184e+00
1.99973230218018e-01 -1.04523259660358e+01
2.16489602105650e-01 -1.22048851970436e+01
2.16489602105650e-01 -1.22048851970436e+01
2.32696681615598e-01 -1.40503302062883e+01
2.48601466979058e-01 -1.59805568926515e+01
2.48601466979058e-01 -1.59805568926515e+01
2.64214435732990e-01 -1.79878276486806e+01
2.79547714582934e-01 -2.00649007098155e+01
2.79547714582934e-01 -2.00649007098155e+01
2.94616150088426e-01 -2.22048691408244e+01
3.09435595087639e-01 -2.44012912663683e+01
3.09435595087639e-01 -2.44012912663683e+01
3.24024026267396e-01 -2.66480097998764e+01
3.38399945076527e-01 -2.89392841786021e+01
3.38399945076527e-01 -2.89392841786021e+01
3.52583461744839e-01 -3.12696098882681e+01
3.66594872126765e-01 -3.36338380413442e+01
3.66594872126765e-01 -3.36338380413442e+01
3.80455678701447e-01 -3.60270011805117e+01
3.94187359230155e-01 -3.84444182567235e+01
3.94187359230155e-01 -3.84444182567235e+01
4.07813360944526e-01 -4.08813342890556e+01
4.21353586354006e-01 -4.33338334521596e+01
4.21353586354006e-01 -4.33338334521596e+01
4.33147403521913e-01 -4.54894444875486e+01
4.44908221522911e-01 -4.76509339489460e+01
4.44908221522911e-01 -4.76509339489460e+01
4.51623036071365e-01 -4.88870810084853e+01
4.58332883294780e-01 -5.01241076713841e+01
