0.00000000000000e+00 0.00000000000000e+00
1.91229114591091e-02 -4.51520173646083e-02
3.82338434410363e-02 -1.76256831811699e-01
3.82338434410363e-02 -1.76256831811699e-01
5.73219495122965e-02 -3.90955679133088e-01
7.63772119343045e-02 -6.86813945647291e-01
7.63772119343045e-02 -6.86813945647291e-01
9.53913077757086e-02 -1.06025285865284e+00
1.14357094587346e-01 -1.50762460036781e+00
1.14357094587346e-01 -1.50762460036781e+00
1.33268837081253e-01 -2.02524564872767e+00
1.52121904927409e-01 -2.60938303953728e+00
1.52121904927409e-01 -2.60938303953728e+00
1.70912140652298e-01 -3.25708292659116e+00
1.89637511661322e-01 -3.96418344642649e+00
1.89637511661322e-01 -3.96418344642649e+00
2.08296522926227e-01 -4.72713559644436e+00
2.26888470916181e-01 -5.54242981581658e+00
2.26888470916181e-01 -5.54242981581658e+00
2.45413524444858e-01 -6.40664029479828e+00
2.63872520301203e-01 -7.31638589907416e+00
2.63872520301203e-01 -7.31638589907416e+00
2.82267016528933e-01 -8.26836956031893e+00
3.00599122614293e-01 -9.25934072969389e+00
3.00599122614293e-01 -9.25934072969389e+00
3.18871530006331e-01 -1.02861320180898e+01
3.37087375706032e-01 -1.13456217206278e+01
3.37087375706032e-01 -1.13456217206278e+01
3.55250255586521e-01 -1.24347653739282e+01
3.73364117090030e-01 -1.35505617353947e+01
3.73364117090030e-01 -1.35505617353947e+01
3.91433249340476e-01 -1.46900829831501e+01
4.09462207512528e-01 -1.58504395112967e+01
4.09462207512528e-01 -1.58504395112967e+01
4.27455789686894e-01 -1.70288067057175e+01
4.45418985217031e-01 -1.82223917272782e+01
4.45418985217031e-01 -1.82223917272782e+01
4.63357176890197e-01 -1.94283395696002e+01
4.81275122535246e-01 -2.06441885340865e+01
4.81275122535246e-01 -2.06441885340865e+01
4.96940553122472e-01 -2.17142400203591e+01
5.12598210367130e-01 -2.27880422899417e+01
5.12598210367130e-01 -2.27880422899417e+01
5.21544079759507e-01 -2.34023186187906e+01
5.30488803476651e-01 -2.40171456333022e+01
