2.15000000000000e-03 0.00000000000000e+00
4.03841532900000e-02 -1.74818871444870e-01
7.85262485000000e-02 -6.89269842867063e-01
1.16502715800000e-01 -1.51577704274550e+00
1.54261225700000e-01 -2.62493673475166e+00
1.91768418000000e-01 -3.98758572362946e+00
2.29007381000000e-01 -5.57525501136570e+00
2.65975225000000e-01 -7.36038403988124e+00
3.02680864000000e-01 -9.31639798572004e+00
3.39142963000000e-01 -1.14177223096378e+01
3.75388049000000e-01 -1.36397700257117e+01
4.11448800000000e-01 -1.59588853216854e+01
4.47362450000000e-01 -1.83522871793129e+01
4.83169460000000e-01 -2.07979275158705e+01
5.14447020000000e-01 -2.29636155820623e+01
5.32310300000000e-01 -2.42057503291190e+01
