2.15000000000000e-03 0.00000000000000e+00
4.03944261110000e-02 -1.03760463372968e-01
7.86064537100000e-02 -4.09165711170938e-01
1.16760350400000e-01 -8.99710726535740e-01
1.54838105600000e-01 -1.55776806460180e+00
1.92828518100000e-01 -2.36594314666803e+00
2.30726208300000e-01 -3.30731789305779e+00
2.68530695000000e-01 -4.36552583536972e+00
3.06245564000000e-01 -5.52477339525095e+00
3.43877702000000e-01 -6.76983806569855e+00
3.81436603000000e-01 -8.08606113626525e+00
4.18933728000000e-01 -9.45933496216947e+00
4.56381932000000e-01 -1.08760938708025e+01
4.93794959000000e-01 -1.23232777877572e+01
5.26513803000000e-01 -1.36044472621501e+01
5.45207179000000e-01 -1.43391960269846e+01
