2.15000000000000e-03 0.00000000000000e+00
4.03537623800000e-02 -2.98365138394377e-01
7.82919280000000e-02 -1.17157597185504e+00
1.15756857000000e-01 -2.56692025047524e+00
1.52603875000000e-01 -4.42941125992075e+00
1.88743717000000e-01 -6.70499054960576e+00
2.24134412000000e-01 -9.34163242833244e+00
2.58773360000000e-01 -1.22900738080257e+01
2.92690150000000e-01 -1.55041015581067e+01
3.25940140000000e-01 -1.89406179786414e+01
3.58598830000000e-01 -2.25595007605506e+01
3.90757040000000e-01 -2.63233520052083e+01
4.22516660000000e-01 -3.01971799521918e+01
4.53987360000000e-01 -3.41479206615593e+01
4.81378910000000e-01 -3.76426408923228e+01
4.97005010000000e-01 -3.96464102251249e+01
