0.00000000000000e+00 0.00000000000000e+00
1.91188586675968e-02 -7.75035098036480e-02
3.82027328109325e-02 -3.01586970243980e-01
3.82027328109325e-02 -3.01586970243980e-01
5.72201911407808e-02 -6.67801544474594e-01
7.61423751886474e-02 -1.17145383260840e+00
7.61423751886474e-02 -1.17145383260840e+00
9.49455703285261e-02 -1.80579851114456e+00
1.13609623469019e-01 -2.56395206123053e+00
1.13609623469019e-01 -2.56395206123053e+00
1.32118652243108e-01 -3.43894200533908e+00
1.50460036112862e-01 -4.42376184889787e+00
1.50460036112862e-01 -4.42376184889787e+00
1.68622573611615e-01 -5.51276642061822e+00
1.86601281339186e-01 -6.69832297553497e+00
1.86601281339186e-01 -6.69832297553497e+00
2.04392774776390e-01 -7.97388448532999e+00
2.21995805187383e-01 -9.33310212752040e+00
2.21995805187383e-01 -9.33310212752040e+00
2.39411682937255e-01 -1.07698160548881e+01
2.56643410380992e-01 -1.22780858191835e+01
2.56643410380992e-01 -1.22780858191835e+01
2.73696081862948e-01 -1.38521615994329e+01
2.90576089776169e-01 -1.54865178016124e+01
2.90576089776169e-01 -1.54865178016124e+01
3.07291505210715e-01 -1.71758109904795e+01
3.23851359532718e-01 -1.89149145158625e+01
3.23851359532718e-01 -1.89149145158625e+01
3.40266017117147e-01 -2.06988627306148e+01
3.56546524022524e-01 -2.25228896908787e+01
3.56546524022524e-01 -2.25228896908787e+01
3.72704942581541e-01 -2.43823707145575e+01
3.88753791882017e-01 -2.62728554057636e+01
3.88753791882017e-01 -2.62728554057636e+01
4.04706348466001e-01 -2.81900071780017e+01
4.20576172412621e-01 -3.01296324649343e+01
4.20576172412621e-01 -3.01296324649343e+01
4.36378040925493e-01 -3.20874399926734e+01
4.52124746293060e-01 -3.40598155398935e+01
4.52124746293060e-01 -3.40598155398935e+01
4.65868382495760e-01 -3.57947234625310e+01
4.79590779943637e-01 -3.75351498792585e+01
4.79590779943637e-01 -3.75351498792585e+01
4.87428462725225e-01 -3.85306446236363e+01
4.95262971530799e-01 -3.95269601351142e+01
