0.00000000000000e+00 0.00000000000000e+00
2.50000000000000e-02 1.46136104780397e-01
5.00000000000000e-02 2.92090748207007e-01
7.50000000000000e-02 4.37830973161393e-01
1.00000000000000e-01 5.83311994600584e-01
1.25000000000000e-01 7.28500058689322e-01
1.50000000000000e-01 8.73365854451316e-01
1.75000000000000e-01 1.01786045369148e+00
2.00000000000000e-01 1.16195442997984e+00
2.25000000000000e-01 1.30562106447849e+00
2.50000000000000e-01 1.44881072007197e+00
2.75000000000000e-01 1.59149714208157e+00
3.00000000000000e-01 1.73364745231550e+00
3.25000000000000e-01 1.87522949031200e+00
3.50000000000000e-01 2.01621184638433e+00
3.75000000000000e-01 2.15657340893934e+00
4.00000000000000e-01 2.29626571527434e+00
4.25000000000000e-01 2.43526887503471e+00
4.50000000000000e-01 2.57355476545933e+00
4.75000000000000e-01 2.71109614471888e+00
5.00000000000000e-01 2.84786667068125e+00
5.25000000000000e-01 2.98384091726709e+00
5.50000000000000e-01 3.11899438841399e+00
5.75000000000000e-01 3.25330352968140e+00
6.00000000000000e-01 3.38674573753321e+00
6.25000000000000e-01 3.51930871314260e+00
6.50000000000000e-01 3.65095311117742e+00
6.75000000000000e-01 3.78166850647610e+00
7.00000000000000e-01 3.91143614853529e+00
7.25000000000000e-01 4.04023825140616e+00
7.50000000000000e-01 4.16805799033232e+00
7.75000000000000e-01 4.29487949655302e+00
8.00000000000000e-01 4.42068785036431e+00
8.25000000000000e-01 4.54546907253016e+00
8.50000000000000e-01 4.66921011413894e+00
8.75000000000000e-01 4.79189884500437e+00
9.00000000000000e-01 4.91352404070612e+00
9.25000000000000e-01 5.03407536837160e+00
9.50000000000000e-01 5.15354337129551e+00
9.75000000000000e-01 5.27191945249644e+00
1.00000000000000e+00 5.38919585730542e+00
1.02500000000000e+00 5.50536565508348e+00
1.05000000000000e+00 5.62042272015997e+00
1.07500000000000e+00 5.73436171208302e+00
1.10000000000000e+00 5.84717805527068e+00
1.12500000000000e+00 5.95886791814609e+00
1.15000000000000e+00 6.06942819184205e+00
1.17500000000000e+00 6.17885646855057e+00
1.20000000000000e+00 6.28715101959459e+00
1.22500000000000e+00 6.39431077329225e+00
1.25000000000000e+00 6.50033529268367e+00
1.27500000000000e+00 6.60522475318125e+00
1.30000000000000e+00 6.70897992020710e+00
1.32500000000000e+00 6.81159688314220e+00
1.35000000000000e+00 6.91308820767248e+00
1.37500000000000e+00 7.01345084896914e+00
1.40000000000000e+00 7.11268771015650e+00
1.42500000000000e+00 7.21080217422895e+00
1.45000000000000e+00 7.30779808265648e+00
1.47500000000000e+00 7.40367971429302e+00
1.50000000000000e+00 7.49845176462015e+00
1.52500000000000e+00 7.59211932535440e+00
1.55000000000000e+00 7.68468786444298e+00
1.57500000000000e+00 7.77616320646963e+00
1.60000000000000e+00 7.86655151349130e+00
1.62500000000000e+00 7.95585926632095e+00
1.65000000000000e+00 8.04409324627171e+00
1.67500000000000e+00 8.13126051737342e+00
1.70000000000000e+00 8.21736840907197e+00
1.72500000000000e+00 8.30242449941830e+00
1.75000000000000e+00 8.38643659875241e+00
1.77500000000000e+00 8.46941273388710e+00
1.80000000000000e+00 8.55136113279239e+00
1.82500000000000e+00 8.63229020978136e+00
1.85000000000000e+00 8.71220855119710e+00
1.87500000000000e+00 8.79112490159722e+00
1.90000000000000e+00 8.86904815043395e+00
1.92500000000000e+00 8.94598731922377e+00
1.95000000000000e+00 9.02195154920211e+00
1.97500000000000e+00 9.09694808513359e+00
2.00000000000000e+00 9.17099039486802e+00
2.02500000000000e+00 9.24408578735549e+00
2.05000000000000e+00 9.31624376887412e+00
2.07500000000000e+00 9.38747391071130e+00
2.10000000000000e+00 9.45778583956508e+00
2.12500000000000e+00 9.52718922837265e+00
2.15000000000000e+00 9.59569378755402e+00
2.17500000000000e+00 9.66330925666126e+00
2.20000000000000e+00 9.73004539642211e+00
2.22500000000000e+00 9.79591198116738e+00
2.25000000000000e+00 9.86091879163119e+00
2.27500000000000e+00 9.92507560811224e+00
2.30000000000000e+00 9.98839220398622e+00
2.32500000000000e+00 1.00508783395569e+01
2.35000000000000e+00 1.01125437562365e+01
2.37500000000000e+00 1.01733981710422e+01
2.40000000000000e+00 1.02334512713999e+01
2.42500000000000e+00 1.02927127102439e+01
2.45000000000000e+00 1.03511921014004e+01
2.47500000000000e+00 1.04088990152467e+01
2.50000000000000e+00 1.04658429746345e+01
2.52500000000000e+00 1.05220334510665e+01
2.55000000000000e+00 1.05774798611182e+01
2.57500000000000e+00 1.06321915630939e+01
2.60000000000000e+00 1.06861778539075e+01
2.62500000000000e+00 1.07394479661792e+01
2.65000000000000e+00 1.07920110655391e+01
2.67500000000000e+00 1.08438762481292e+01
2.70000000000000e+00 1.08950525382934e+01
2.72500000000000e+00 1.09455488864506e+01
2.75000000000000e+00 1.09953743442125e+01
2.77500000000000e+00 1.10445374130217e+01
2.80000000000000e+00 1.10930469276457e+01
2.82500000000000e+00 1.11409115249189e+01
2.85000000000000e+00 1.11881397595517e+01
2.87500000000000e+00 1.12347401029286e+01
2.90000000000000e+00 1.12807209420372e+01
2.92500000000000e+00 1.13260905785199e+01
2.95000000000000e+00 1.13708572278434e+01
2.97500000000000e+00 1.14150290185793e+01
3.00000000000000e+00 1.14586139917911e+01
3.02500000000000e+00 1.15016201005202e+01
3.05000000000000e+00 1.15440552093681e+01
3.07500000000000e+00 1.15859270941680e+01
3.10000000000000e+00 1.16272434417410e+01
3.12500000000000e+00 1.16680118497335e+01
3.15000000000000e+00 1.17082398265298e+01
3.17500000000000e+00 1.17479347912365e+01
3.20000000000000e+00 1.17871040737342e+01
3.22500000000000e+00 1.18257549147930e+01
3.25000000000000e+00 1.18638944662475e+01
3.27500000000000e+00 1.19015297912279e+01
3.30000000000000e+00 1.19386678644437e+01
3.32500000000000e+00 1.19753155725170e+01
3.35000000000000e+00 1.20114797143618e+01
3.37500000000000e+00 1.20471670016063e+01
3.40000000000000e+00 1.20823840590558e+01
3.42500000000000e+00 1.21171374251933e+01
3.45000000000000e+00 1.21514335527144e+01
3.47500000000000e+00 1.21852788090953e+01
3.50000000000000e+00 1.22186794771904e+01
