0.00000000000000e+00 0.00000000000000e+00 0.00000000000000e+00 0.00000000000000e+00
2.50000000000000e-02 -5.34683173385176e-01 -2.34498739059203e-02 -2.07089734785507e-03
5.00000000000000e-02 -1.06865560789710e+00 -5.03299948130960e-02 -4.80212012786848e-03
7.50000000000000e-02 -1.60186168400885e+00 -8.06264583394501e-02 -8.19162533294393e-03
1.00000000000000e-01 -2.13409332577512e+00 -1.14314299600197e-01 -1.22365477642349e-02
1.25000000000000e-01 -2.66529183576350e+00 -1.51374384040209e-01 -1.69339558793712e-02
1.50000000000000e-01 -3.19540626253572e+00 -1.91787076467130e-01 -2.22807884891084e-02
1.75000000000000e-01 -3.72422853858257e+00 -2.35518456087717e-01 -2.82726012617157e-02
2.00000000000000e-01 -4.25170687645388e+00 -2.82543951622863e-01 -3.49054732084078e-02
2.25000000000000e-01 -4.77779230915032e+00 -3.32838328930905e-01 -4.21753675626123e-02
2.50000000000000e-01 -5.30228582253078e+00 -3.86359830930444e-01 -5.00763751425623e-02
2.75000000000000e-01 -5.82513948518121e+00 -4.43078714963557e-01 -5.86036548789808e-02
3.00000000000000e-01 -6.34625852711217e+00 -5.02958907737708e-01 -6.77515772644638e-02
3.25000000000000e-01 -6.86555025121793e+00 -5.65962546762438e-01 -7.75141824747902e-02
3.50000000000000e-01 -7.38292412127029e+00 -6.32050057202182e-01 -8.78851924884152e-02
3.75000000000000e-01 -7.89834260013308e+00 -7.01187133478359e-01 -9.88589339014805e-02
4.00000000000000e-01 -8.41161934796319e+00 -7.73317693277337e-01 -1.10426797063323e-01
4.25000000000000e-01 -8.92272024600154e+00 -8.48403920691811e-01 -1.22582449943438e-01
4.50000000000000e-01 -9.43156415440960e+00 -9.26400199613899e-01 -1.35318470690989e-01
4.75000000000000e-01 -9.93807243834626e+00 -1.00725961484342e+00 -1.48627185606594e-01
5.00000000000000e-01 -1.04421690169525e+01 -1.09093403828445e+00 -1.62500683201829e-01
5.25000000000000e-01 -1.09437804057859e+01 -1.17737421560607e+00 -1.76930828404079e-01
5.50000000000000e-01 -1.14428357527777e+01 -1.26652985307423e+00 -1.91909276858344e-01
5.75000000000000e-01 -1.19392668677998e+01 -1.35834970426914e+00 -2.07427489278565e-01
6.00000000000000e-01 -1.24330082459567e+01 -1.45278165641681e+00 -2.23476745802515e-01
6.25000000000000e-01 -1.29240416072079e+01 -1.54978161279610e+00 -2.40049547635225e-01
6.50000000000000e-01 -1.34122176893213e+01 -1.64927863090680e+00 -2.57134139035807e-01
6.75000000000000e-01 -1.38975236889858e+01 -1.75122704471526e+00 -2.74722671515592e-01
7.00000000000000e-01 -1.43799049595110e+01 -1.85557212217570e+00 -2.92805844861817e-01
7.25000000000000e-01 -1.48593095675913e+01 -1.96225868228341e+00 -3.11374248672838e-01
7.50000000000000e-01 -1.53356882825325e+01 -2.07123117411029e+00 -3.30418375883422e-01
7.75000000000000e-01 -1.58089945605636e+01 -2.18243375393533e+00 -3.49928636030726e-01
8.00000000000000e-01 -1.62791845244746e+01 -2.29581036031389e+00 -3.69895368232457e-01
8.25000000000000e-01 -1.67462169388386e+01 -2.41130478694910e+00 -3.90308853851996e-01
8.50000000000000e-01 -1.72100531810766e+01 -2.52886075324300e+00 -4.11159328827301e-01
8.75000000000000e-01 -1.76706572086299e+01 -2.64842197241969e+00 -4.32436995643118e-01
9.00000000000000e-01 -1.81279955225042e+01 -2.76993221713095e+00 -4.54132034928342e-01
9.25000000000000e-01 -1.85820371274548e+01 -2.89333538246764e+00 -4.76234616663153e-01
9.50000000000000e-01 -1.90327534890744e+01 -3.01857554631533e+00 -4.98734910982194e-01
9.75000000000000e-01 -1.94801184880546e+01 -3.14559702700732e+00 -5.21623098563442e-01
1.00000000000000e+00 -1.99241083718727e+01 -3.27434443824035e+00 -5.44889380593373e-01
1.02500000000000e+00 -2.03647017041656e+01 -3.40476274123162e+00 -5.68523988302119e-01
1.05000000000000e+00 -2.08018793120392e+01 -3.53679729410849e+00 -5.92517192063863e-01
1.07500000000000e+00 -2.12356242315562e+01 -3.67039389853138e+00 -6.16859310059660e-01
1.10000000000000e+00 -2.16659216516401e+01 -3.80549884356311e+00 -6.41540716501795e-01
1.12500000000000e+00 -2.20927588566213e+01 -3.94205894680651e+00 -6.66551849420194e-01
1.15000000000000e+00 -2.25161251676480e+01 -4.08002159284107e+00 -6.91883218013400e-01
1.17500000000000e+00 -2.29360118831709e+01 -4.21933476899784e+00 -7.17525409567643e-01
1.20000000000000e+00 -2.33524122187017e+01 -4.35994709851924e+00 -7.43469095948992e-01
1.22500000000000e+00 -2.37653212460385e+01 -4.50180787115699e+00 -7.69705039674907e-01
1.25000000000000e+00 -2.41747358321400e+01 -4.64486707126682e+00 -7.96224099572562e-01
1.27500000000000e+00 -2.45806545778154e+01 -4.78907540346527e+00 -8.23017236031956e-01
1.30000000000000e+00 -2.49830777563966e+01 -4.93438431591693e+00 -8.50075515863404e-01
1.32500000000000e+00 -2.53819830567096e+01 -5.08073781376745e+00 -8.77388258316368e-01
1.35000000000000e+00 -2.57774231359077e+01 -5.22810550944713e+00 -9.04950489868389e-01
1.37500000000000e+00 -2.61693778726309e+01 -5.37643279270293e+00 -9.32751747634820e-01
1.40000000000000e+00 -2.65578536204772e+01 -5.52567427310673e+00 -9.60783564991101e-01
1.42500000000000e+00 -2.69428581037065e+01 -5.67578538736471e+00 -9.89037600455698e-01
1.45000000000000e+00 -2.73244003585898e+01 -5.82672241001089e+00 -1.01750564040108e+00
1.47500000000000e+00 -2.77024906755830e+01 -5.97844246228909e+00 -1.04617960144901e+00
1.50000000000000e+00 -2.80771405424104e+01 -6.13090351930788e+00 -1.07505153256294e+00
1.52500000000000e+00 -2.84483625881294e+01 -6.28406441555100e+00 -1.10411361684991e+00
1.55000000000000e+00 -2.88161705282466e+01 -6.43788484882943e+00 -1.13335817308536e+00
1.57500000000000e+00 -2.91805791109419e+01 -6.59232538275571e+00 -1.16277765697327e+00
1.60000000000000e+00 -2.95416040644521e+01 -6.74734744782393e+00 -1.19236466215435e+00
1.62500000000000e+00 -2.98992620456593e+01 -6.90291334117451e+00 -1.22211192097533e+00
1.65000000000000e+00 -3.02535705899214e+01 -7.05898622512353e+00 -1.25201230503124e+00
1.67500000000000e+00 -3.06045480621740e+01 -7.21553012453319e+00 -1.28205882549338e+00
1.70000000000000e+00 -3.09522136093330e+01 -7.37250992309832e+00 -1.31224463323478e+00
1.72500000000000e+00 -3.12965871140131e+01 -7.52989135862267e+00 -1.34256301876506e+00
1.75000000000000e+00 -3.16376891495807e+01 -7.68764101735508e+00 -1.37300741198603e+00
1.77500000000000e+00 -3.19755409365481e+01 -7.84572632745425e+00 -1.40357138177941e+00
1.80000000000000e+00 -3.23101643003157e+01 -8.00411555164860e+00 -1.43424863543728e+00
1.82500000000000e+00 -3.26415816302633e+01 -8.16277777915453e+00 -1.46503301794614e+00
1.85000000000000e+00 -3.29698158401875e+01 -8.32168291691456e+00 -1.49591851113445e+00
1.87500000000000e+00 -3.32948903300788e+01 -8.48080168021379e+00 -1.52689923269356e+00
1.90000000000000e+00 -3.36168289492303e+01 -8.64010558273168e+00 -1.55796943508167e+00
1.92500000000000e+00 -3.39356559606637e+01 -8.79956692608173e+00 -1.58912350431968e+00
1.95000000000000e+00 -3.42513960068609e+01 -8.95915878889146e+00 -1.62035595868780e+00
1.97500000000000e+00 -3.45640609403657e+01 -9.11885017582574e+00 -1.65165971654397e+00
2.00000000000000e+00 -3.48737026759106e+01 -9.27862550777654e+00 -1.68303303945210e+00
2.02500000000000e+00 -3.51803333063043e+01 -9.43845513484692e+00 -1.71446908090708e+00
2.05000000000000e+00 -3.54839786754748e+01 -9.59831512707730e+00 -1.74596287349278e+00
2.07500000000000e+00 -3.57846648543490e+01 -9.75818227165864e+00 -1.77750957432958e+00
2.10000000000000e+00 -3.60824181139789e+01 -9.91803406018959e+00 -1.80910446333814e+00
2.12500000000000e+00 -3.63772648998164e+01 -1.00778486757650e+01 -1.84074294145495e+00
2.15000000000000e+00 -3.66692318071100e+01 -1.02376049799295e+01 -1.87242052880543e+00
2.17500000000000e+00 -3.69583455573949e+01 -1.03972824995254e+01 -1.90413286284036e+00
2.20000000000000e+00 -3.72446329760478e+01 -1.05568614134658e+01 -1.93587569644085e+00
2.22500000000000e+00 -3.75281209708787e+01 -1.07163225394584e+01 -1.96764489599684e+00
2.25000000000000e+00 -3.78088365117294e+01 -1.08756473207042e+01 -1.99943643946352e+00
2.27500000000000e+00 -3.80868066110495e+01 -1.10348178125972e+01 -2.03124641440064e+00
2.30000000000000e+00 -3.83620583054212e+01 -1.11938166694434e+01 -2.06307101599818e+00
2.32500000000000e+00 -3.86346186380024e+01 -1.13526271312217e+01 -2.09490654509261e+00
2.35000000000000e+00 -3.89045146418607e+01 -1.15112330104039e+01 -2.12674940617734e+00
2.37500000000000e+00 -3.91717733241655e+01 -1.16696186788505e+01 -2.15859610541033e+00
2.40000000000000e+00 -3.94364216512145e+01 -1.18277690547991e+01 -2.19044324862251e+00
2.42500000000000e+00 -3.96984865342610e+01 -1.19856695899593e+01 -2.22228753932957e+00
2.45000000000000e+00 -3.99579948161169e+01 -1.21433062567256e+01 -2.25412577674964e+00
2.47500000000000e+00 -4.02149732585027e+01 -1.23006655355233e+01 -2.28595485382997e+00
2.50000000000000e+00 -4.04694485301171e+01 -1.24577344022941e+01 -2.31777175528403e+00
2.52500000000000e+00 -4.07214471953992e+01 -1.26145003161359e+01 -2.34957355564200e+00
2.55000000000000e+00 -4.09709957039573e+01 -1.27709512071001e+01 -2.38135741731585e+00
2.57500000000000e+00 -4.12181203806388e+01 -1.29270754641592e+01 -2.41312058868121e+00
2.60000000000000e+00 -4.14628474162150e+01 -1.30828619233474e+01 -2.44486040217754e+00
2.62500000000000e+00 -4.17052028586571e+01 -1.32382998560831e+01 -2.47657427242795e+00
2.65000000000000e+00 -4.19452126049795e+01 -1.33933789576773e+01 -2.50825969438007e+00
2.67500000000000e+00 -4.21829023936264e+01 -1.35480893360322e+01 -2.53991424146925e+00
2.70000000000000e+00 -4.24182977973788e+01 -1.37024215005342e+01 -2.57153556380483e+00
2.72500000000000e+00 -4.26514242167616e+01 -1.38563663511452e+01 -2.60312138638096e+00
2.75000000000000e+00 -4.28822956282173e+01 -1.40099113601288e+01 -2.63466782280297e+00
2.77500000000000e+00 -4.31109595940707e+01 -1.41630557985670e+01 -2.66617612226141e+00
2.80000000000000e+00 -4.33374296807685e+01 -1.43157878579093e+01 -2.69764252849232e+00
2.82500000000000e+00 -4.35617305434284e+01 -1.44680998955167e+01 -2.72906504866143e+00
2.85000000000000e+00 -4.37838866386772e+01 -1.46199846078077e+01 -2.76044175626100e+00
2.87500000000000e+00 -4.40039222206221e+01 -1.47714350205710e+01 -2.79177078948001e+00
2.90000000000000e+00 -4.42218613371845e+01 -1.49224444794830e+01 -2.82305034960263e+00
2.92500000000000e+00 -4.44377278267790e+01 -1.50730066408314e+01 -2.85427869943496e+00
2.95000000000000e+00 -4.46515453153198e+01 -1.52231154624419e+01 -2.88545416176045e+00
2.97500000000000e+00 -4.48633372135410e+01 -1.53727651948085e+01 -2.91657511782395e+00
3.00000000000000e+00 -4.50731267146132e+01 -1.55219503724249e+01 -2.94764000584445e+00
3.02500000000000e+00 -4.52809367920432e+01 -1.56706658053166e+01 -2.97864731955676e+00
3.05000000000000e+00 -4.54867901978419e+01 -1.58189065707700e+01 -3.00959560678166e+00
3.07500000000000e+00 -4.56907094609470e+01 -1.59666680052590e+01 -3.04048346802501e+00
3.10000000000000e+00 -4.58927168858876e+01 -1.61139456965642e+01 -3.07130955510519e+00
3.12500000000000e+00 -4.60928345516776e+01 -1.62607354760845e+01 -3.10207256980896e+00
3.15000000000000e+00 -4.62910843109265e+01 -1.64070334113372e+01 -3.13277126257565e+00
3.17500000000000e+00 -4.64874877891553e+01 -1.65528357986450e+01 -3.16340443120918e+00
3.20000000000000e+00 -4.66820663843065e+01 -1.66981391560061e+01 -3.19397091961799e+00
3.22500000000000e+00 -4.68748412664385e+01 -1.68429402161454e+01 -3.22446961658231e+00
3.25000000000000e+00 -4.70658333775927e+01 -1.69872359197434e+01 -3.25489945454879e+00
3.27500000000000e+00 -4.72550634318245e+01 -1.71310234088404e+01 -3.28525940845187e+00
3.30000000000000e+00 -4.74425519153883e+01 -1.72743000204121e+01 -3.31554849456178e+00
3.32500000000000e+00 -4.76283190870680e+01 -1.74170632801141e+01 -3.34576576935883e+00
3.35000000000000e+00 -4.78123849786441e+01 -1.75593108961919e+01 -3.37591032843344e+00
3.37500000000000e+00 -4.79947693954894e+01 -1.77010407535542e+01 -3.40598130541180e+00
3.40000000000000e+00 -4.81754919172848e+01 -1.78422509080035e+01 -3.43597787090647e+00
3.42500000000000e+00 -4.83545718988486e+01 -1.79829395806254e+01 -3.46589923149194e+00
3.45000000000000e+00 -4.85320284710721e+01 -1.81231051523282e+01 -3.49574462870435e+00
3.47500000000000e+00 -4.87078805419532e+01 -1.82627461585341e+01 -3.52551333806516e+00
3.50000000000000e+00 -4.88821467977240e+01 -1.84018612840156e+01 -3.55520466812842e+00
