0.00000000000000e+00 0.00000000000000e+00 0.00000000000000e+00 0.00000000000000e+00
2.50000000000000e-02 -5.52265952100075e-01 -2.40929588645892e-02 -1.36073456309355e-03
5.00000000000000e-02 -1.10385454174439e+00 -5.18280302629883e-02 -3.18888967980690e-03
7.50000000000000e-02 -1.65456543768528e+00 -8.31832426863821e-02 -5.48291474906449e-03
1.00000000000000e-01 -2.20433215491258e+00 -1.18140620847668e-01 -8.24105898176988e-03
1.25000000000000e-01 -2.75309797600335e+00 -1.56681587433072e-01 -1.14614625579988e-02
1.50000000000000e-01 -3.30065846534372e+00 -1.98774781190119e-01 -1.51415084407621e-02
1.75000000000000e-01 -3.84695551351841e+00 -2.44396458586346e-01 -1.92787479117347e-02
2.00000000000000e-01 -4.39188564626087e+00 -2.93517578411785e-01 -2.38703432308994e-02
2.25000000000000e-01 -4.93539948463014e+00 -3.46112164808887e-01 -2.89135659477005e-02
2.50000000000000e-01 -5.47729463363977e+00 -4.02137188200040e-01 -3.44044155572872e-02
2.75000000000000e-01 -6.01752260991322e+00 -4.61562000345229e-01 -4.03396143250216e-02
3.00000000000000e-01 -6.55598716441668e+00 -5.24349419343837e-01 -4.67153490611928e-02
3.25000000000000e-01 -7.09259410383066e+00 -5.90460407216064e-01 -5.35275809076174e-02
3.50000000000000e-01 -7.62730208605239e+00 -6.59860831223049e-01 -6.07726236793023e-02
3.75000000000000e-01 -8.15992123455614e+00 -7.32495324503715e-01 -6.84449317714727e-02
4.00000000000000e-01 -8.69041322675904e+00 -8.08325916095061e-01 -7.65403482986010e-02
4.25000000000000e-01 -9.21869290454249e+00 -8.87306934881303e-01 -8.50540137774699e-02
4.50000000000000e-01 -9.74467754126185e+00 -9.69391260457184e-01 -9.39808855191368e-02
4.75000000000000e-01 -1.02682868978258e+01 -1.05453040918952e+00 -1.03315746764611e-01
5.00000000000000e-01 -1.07894432723980e+01 -1.14267462112894e+00 -1.13053215958445e-01
5.25000000000000e-01 -1.13080715437584e+01 -1.23377294747367e+00 -1.23187756128485e-01
5.50000000000000e-01 -1.18241450119149e+01 -1.32778172169605e+00 -1.33714531072815e-01
5.75000000000000e-01 -1.23375024103264e+01 -1.42463143846558e+00 -1.44626074586817e-01
6.00000000000000e-01 -1.28481220665035e+01 -1.52427614866130e+00 -1.55917239138876e-01
6.25000000000000e-01 -1.33559394944254e+01 -1.62666102257487e+00 -1.67581960749924e-01
6.50000000000000e-01 -1.38608929134124e+01 -1.73173047760857e+00 -1.79614067464674e-01
6.75000000000000e-01 -1.43629232553758e+01 -1.83942826332488e+00 -1.92007288742790e-01
7.00000000000000e-01 -1.48619741665874e+01 -1.94969754524815e+00 -2.04755264757702e-01
7.25000000000000e-01 -1.53579920041633e+01 -2.06248098721484e+00 -2.17851555579803e-01
7.50000000000000e-01 -1.58509258274747e+01 -2.17772083208214e+00 -2.31289650222109e-01
7.75000000000000e-01 -1.63407273847046e+01 -2.29535898062104e+00 -2.45062975528023e-01
8.00000000000000e-01 -1.68273510947878e+01 -2.41533706843706e+00 -2.59164904882665e-01
8.25000000000000e-01 -1.73107540249647e+01 -2.53759654077360e+00 -2.73588766730207e-01
8.50000000000000e-01 -1.77908958642011e+01 -2.66207872507229e+00 -2.88327852881925e-01
8.75000000000000e-01 -1.82677388927231e+01 -2.78872490117810e+00 -3.03375426600905e-01
9.00000000000000e-01 -1.87412479479141e+01 -2.91747636909137e+00 -3.18724730450744e-01
9.25000000000000e-01 -1.92113903868327e+01 -3.04827451418431e+00 -3.34368993897427e-01
9.50000000000000e-01 -1.96781360456042e+01 -3.18106086981592e+00 -3.50301440655080e-01
9.75000000000000e-01 -2.01414571959364e+01 -3.31577717728865e+00 -3.66515295767430e-01
1.00000000000000e+00 -2.06013284990096e+01 -3.45236544310567e+00 -3.83003792418418e-01
1.02500000000000e+00 -2.10577269569892e+01 -3.59076799350300e+00 -3.99760178467020e-01
1.05000000000000e+00 -2.15106318623984e+01 -3.73092752623578e+00 -4.16777722702017e-01
1.07500000000000e+00 -2.19600247455893e+01 -3.87278715961614e+00 -4.34049720814366e-01
1.10000000000000e+00 -2.24058893205417e+01 -4.01629047880746e+00 -4.51569501085490e-01
1.12500000000000e+00 -2.28482114292098e+01 -4.16138157938824e+00 -4.69330429791144e-01
1.15000000000000e+00 -2.32869789846329e+01 -4.30800510821222e+00 -4.87325916321590e-01
1.17500000000000e+00 -2.37221819130153e+01 -4.45610630159444e+00 -5.05549418019437e-01
1.20000000000000e+00 -2.41538120949748e+01 -4.60563102086658e+00 -5.23994444738001e-01
1.22500000000000e+00 -2.45818633061448e+01 -4.75652578534505e+00 -5.42654563123080e-01
1.25000000000000e+00 -2.50063311573128e+01 -4.90873780276797e+00 -5.61523400622443e-01
1.27500000000000e+00 -2.54272130342643e+01 -5.06221499725893e+00 -5.80594649227803e-01
1.30000000000000e+00 -2.58445080374896e+01 -5.21690603487984e+00 -5.99862068954184e-01
1.32500000000000e+00 -2.62582169219091e+01 -5.37276034684352e+00 -6.19319491063156e-01
1.35000000000000e+00 -2.66683420367531e+01 -5.52972815045478e+00 -6.38960821035593e-01
1.37500000000000e+00 -2.70748872657330e+01 -5.68776046785686e+00 -6.58780041301352e-01
1.40000000000000e+00 -2.74778579676201e+01 -5.84680914265846e+00 -6.78771213732359e-01
1.42500000000000e+00 -2.78772609173508e+01 -6.00682685452196e+00 -6.98928481906927e-01
1.45000000000000e+00 -2.82730827158208e+01 -6.16775923410660e+00 -7.19244737275916e-01
1.47500000000000e+00 -2.86653766233706e+01 -6.32957668643587e+00 -7.39716977694921e-01
1.50000000000000e+00 -2.90541309977853e+01 -6.49222634765705e+00 -7.60338254627007e-01
1.52500000000000e+00 -2.94393577031230e+01 -6.65566434886419e+00 -7.81103056736927e-01
1.55000000000000e+00 -2.98210697364566e+01 -6.81984770244449e+00 -8.02005962560141e-01
1.57500000000000e+00 -3.01992811739963e+01 -6.98473430614079e+00 -8.23041641559014e-01
1.60000000000000e+00 -3.05740071182871e+01 -7.15028294564359e+00 -8.44204855005777e-01
1.62500000000000e+00 -3.09452636465325e+01 -7.31645329579525e+00 -8.65490456700713e-01
1.65000000000000e+00 -3.13130677600835e+01 -7.48320592048225e+00 -8.86893393533194e-01
1.67500000000000e+00 -3.16774373351318e+01 -7.65050227129509e+00 -9.08408705893943e-01
1.70000000000000e+00 -3.20383910746342e+01 -7.81830468502868e+00 -9.30031527945944e-01
1.72500000000000e+00 -3.23959484614932e+01 -7.98657638009806e+00 -9.51757087761881e-01
1.75000000000000e+00 -3.27501297130138e+01 -8.15528145194178e+00 -9.73580707335665e-01
1.77500000000000e+00 -3.31009557366491e+01 -8.32438486747947e+00 -9.95497802475251e-01
1.80000000000000e+00 -3.34484480870450e+01 -8.49385245869462e+00 -1.01750388258398e+00
1.82500000000000e+00 -3.37926289243905e+01 -8.66365091540424e+00 -1.03959455033756e+00
1.85000000000000e+00 -3.41335209740713e+01 -8.83374777728004e+00 -1.06176550126309e+00
1.87500000000000e+00 -3.44711474876299e+01 -9.00411142518027e+00 -1.08401252322705e+00
1.90000000000000e+00 -3.48055322050219e+01 -9.17471107185089e+00 -1.10633149583839e+00
1.92500000000000e+00 -3.51366993181632e+01 -9.34551675205124e+00 -1.12871838977281e+00
1.95000000000000e+00 -3.54646734357557e+01 -9.51649931215715e+00 -1.15116926602430e+00
1.97500000000000e+00 -3.57894795493772e+01 -9.68763039929194e+00 -1.17368027508921e+00
2.00000000000000e+00 -3.61111430008217e+01 -9.85888245003457e+00 -1.19624765608880e+00
2.02500000000000e+00 -3.64296894506700e+01 -1.00302286787499e+01 -1.21886773583498e+00
2.05000000000000e+00 -3.67451448480719e+01 -1.02016430655848e+01 -1.24153692784436e+00
2.07500000000000e+00 -3.70575230682707e+01 -1.03730957040733e+01 -1.26425044239588e+00
2.10000000000000e+00 -3.73668755162876e+01 -1.05445714870628e+01 -1.28700745528858e+00
2.12500000000000e+00 -3.76732161878544e+01 -1.07160418319945e+01 -1.30980333031636e+00
2.15000000000000e+00 -3.79765719085155e+01 -1.08874836569843e+01 -1.33263481708885e+00
2.17500000000000e+00 -3.82769696586699e+01 -1.10588745822892e+01 -1.35549874637614e+00
2.20000000000000e+00 -3.85744365501326e+01 -1.12301929170916e+01 -1.37839202890480e+00
2.22500000000000e+00 -3.88689998037378e+01 -1.14014176461947e+01 -1.40131165413096e+00
2.25000000000000e+00 -3.91606867279536e+01 -1.15725284166566e+01 -1.42425468899357e+00
2.27500000000000e+00 -3.94495246984840e+01 -1.17435055243877e+01 -1.44721827665123e+00
2.30000000000000e+00 -3.97355411388270e+01 -1.19143299007357e+01 -1.47019963520528e+00
2.32500000000000e+00 -4.00187635017627e+01 -1.20849830990792e+01 -1.49319605641184e+00
2.35000000000000e+00 -4.02992192517434e+01 -1.22554472814506e+01 -1.51620490438565e+00
2.37500000000000e+00 -4.05769358481559e+01 -1.24257052052086e+01 -1.53922361429781e+00
2.40000000000000e+00 -4.08519407294309e+01 -1.25957402097746e+01 -1.56224969106990e+00
2.42500000000000e+00 -4.11242612979695e+01 -1.27655362034521e+01 -1.58528070806634e+00
2.45000000000000e+00 -4.13939249058604e+01 -1.29350776503424e+01 -1.60831430578728e+00
2.47500000000000e+00 -4.16609588413608e+01 -1.31043495573691e+01 -1.63134819056342e+00
2.50000000000000e+00 -4.19253903161143e+01 -1.32733374614273e+01 -1.65438013325489e+00
2.52500000000000e+00 -4.21872464530786e+01 -1.34420274166632e+01 -1.67740796795534e+00
2.55000000000000e+00 -4.24465542751391e+01 -1.36104059818998e+01 -1.70042959070303e+00
2.57500000000000e+00 -4.27033406943804e+01 -1.37784602082141e+01 -1.72344295820000e+00
2.60000000000000e+00 -4.29576325019939e+01 -1.39461776266755e+01 -1.74644608654071e+00
2.62500000000000e+00 -4.32094563587938e+01 -1.41135462362521e+01 -1.76943704995108e+00
2.65000000000000e+00 -4.34588387863209e+01 -1.42805544918923e+01 -1.79241397953924e+00
2.67500000000000e+00 -4.37058061585085e+01 -1.44471912927865e+01 -1.81537506205866e+00
2.70000000000000e+00 -4.39503846938894e+01 -1.46134459708138e+01 -1.83831853868453e+00
2.72500000000000e+00 -4.41926004483212e+01 -1.47793082791791e+01 -1.86124270380441e+00
2.75000000000000e+00 -4.44324793082079e+01 -1.49447683812422e+01 -1.88414590382337e+00
2.77500000000000e+00 -4.46700469841990e+01 -1.51098168395447e+01 -1.90702653598487e+00
2.80000000000000e+00 -4.49053290053426e+01 -1.52744446050341e+01 -1.92988304720719e+00
2.82500000000000e+00 -4.51383398212144e+01 -1.54386393796486e+01 -1.95271265493132e+00
2.85000000000000e+00 -4.53691264028063e+01 -1.56024001259376e+01 -1.97551646723815e+00
2.87500000000000e+00 -4.55977027714324e+01 -1.57657152555720e+01 -1.99829178590042e+00
2.90000000000000e+00 -4.58240936800079e+01 -1.59285771695568e+01 -2.02103724524382e+00
2.92500000000000e+00 -4.60483236767690e+01 -1.60909786064507e+01 -2.04375152370493e+00
2.95000000000000e+00 -4.62704171017706e+01 -1.62529126328082e+01 -2.06643334277148e+00
2.97500000000000e+00 -4.64903980837143e+01 -1.64143726338235e+01 -2.08908146594069e+00
3.00000000000000e+00 -4.67082905370916e+01 -1.65753523041781e+01 -2.11169469769584e+00
3.02500000000000e+00 -4.69241181596270e+01 -1.67358456390885e+01 -2.13427188250129e+00
3.05000000000000e+00 -4.71379044300065e+01 -1.68958469255543e+01 -2.15681190381584e+00
3.07500000000000e+00 -4.73496726058775e+01 -1.70553507338054e+01 -2.17931368312458e+00
3.10000000000000e+00 -4.75594457221068e+01 -1.72143519089433e+01 -2.20177617898908e+00
3.12500000000000e+00 -4.77672465892840e+01 -1.73728455627804e+01 -2.22419838611611e+00
3.15000000000000e+00 -4.79730977924568e+01 -1.75308270658690e+01 -2.24657933444461e+00
3.17500000000000e+00 -4.81770216900880e+01 -1.76882920397216e+01 -2.26891808825091e+00
3.20000000000000e+00 -4.83790404132203e+01 -1.78452363492188e+01 -2.29121374527221e+00
3.22500000000000e+00 -4.85791758648412e+01 -1.80016560952029e+01 -2.31346543584804e+00
3.25000000000000e+00 -4.87774497194332e+01 -1.81575476072524e+01 -2.33567232207951e+00
3.27500000000000e+00 -4.89738834227031e+01 -1.83129074366388e+01 -2.35783359700655e+00
3.30000000000000e+00 -4.91684981914780e+01 -1.84677323494576e+01 -2.37994848380242e+00
3.32500000000000e+00 -4.93613150137603e+01 -1.86220193199360e+01 -2.40201623498592e+00
3.35000000000000e+00 -4.95523546489311e+01 -1.87757655239095e+01 -2.42403613165049e+00
3.37500000000000e+00 -4.97416376280950e+01 -1.89289683324682e+01 -2.44600748271055e+00
3.40000000000000e+00 -4.99291842545572e+01 -1.90816253057671e+01 -2.46792962416445e+00
3.42500000000000e+00 -5.01150146044256e+01 -1.92337341869990e+01 -2.48980191837393e+00
3.45000000000000e+00 -5.02991485273292e+01 -1.93852928965259e+01 -2.51162375336011e+00
3.47500000000000e+00 -5.04816056472478e+01 -1.95362995261665e+01 -2.53339454211532e+00
3.50000000000000e+00 -5.06624053634433e+01 -1.96867523336363e+01 -2.55511372193087e+00
