0.00000000000000e+00 0.00000000000000e+00
1.91242726591501e-02 -2.66097635054580e-02
3.82443355881839e-02 -1.04284470242017e-01
3.82443355881839e-02 -1.04284470242017e-01
5.73563819429505e-02 -2.31550967390763e-01
7.64569153060684e-02 -4.06903369215169e-01
7.64569153060684e-02 -4.06903369215169e-01
9.55430500215969e-02 -6.28188354009401e-01
1.14612329965438e-01 -8.93213598554176e-01
1.14612329965438e-01 -8.93213598554176e-01
1.33662796756262e-01 -1.19979067749407e+00
1.52692890389811e-01 -1.54569589144223e+00
1.52692890389811e-01 -1.54569589144223e+00
1.71701234106610e-01 -1.92915599339769e+00
1.90687174733339e-01 -2.34771891975215e+00
1.90687174733339e-01 -2.34771891975215e+00
2.09650248183047e-01 -2.79929419567066e+00
2.28590275110327e-01 -3.28180002418330e+00
2.28590275110327e-01 -3.28180002418330e+00
2.47507366319653e-01 -3.79321767653178e+00
2.66401874954505e-01 -4.33153808666856e+00
2.66401874954505e-01 -4.33153808666856e+00
2.85274386547510e-01 -4.89481485899964e+00
3.04125687201948e-01 -5.48111151137405e+00
3.04125687201948e-01 -5.48111151137405e+00
3.22956743296622e-01 -6.08855418487138e+00
3.41768683874203e-01 -6.71527849823206e+00
3.41768683874203e-01 -6.71527849823206e+00
3.60562771325925e-01 -7.35948047335051e+00
3.79340398170019e-01 -8.01936547853685e+00
3.79340398170019e-01 -8.01936547853685e+00
3.98103046442459e-01 -8.69319848068810e+00
4.16852296766087e-01 -9.37925272169852e+00
4.16852296766087e-01 -9.37925272169852e+00
4.35589783095791e-01 -1.00758579003113e+01
4.54317210592897e-01 -1.07813506975594e+01
4.54317210592897e-01 -1.07813506975594e+01
4.73036378816446e-01 -1.14940573262658e+01
4.91748903646940e-01 -1.22125092777232e+01
4.91748903646940e-01 -1.22125092777232e+01
5.08118162859328e-01 -1.28447371567792e+01
5.24484893496777e-01 -1.34791258168090e+01
5.24484893496777e-01 -1.34791258168090e+01
5.33836875803658e-01 -1.38420378958114e+01
5.43188493597482e-01 -1.42052604066905e+01
