0.00000000000000e+00 0.00000000000000e+00
1.00000000000000e+00 2.01522897549369e-03
2.00000000000000e+00 8.06347028213338e-03
3.00000000000000e+00 1.81526875697883e-02
4.00000000000000e+00 3.22960581436883e-02
5.00000000000000e+00 5.05121173053777e-02
6.00000000000000e+00 7.28247874781598e-02
7.00000000000000e+00 9.92634472180034e-02
8.00000000000000e+00 1.29863022367233e-01
9.00000000000000e+00 1.64665781138272e-01
1.00000000000000e+01 2.03715114884153e-01
1.10000000000000e+01 2.47064582902565e-01
1.20000000000000e+01 2.94772523918679e-01
1.30000000000000e+01 3.46903497376461e-01
1.40000000000000e+01 4.03532618205959e-01
1.50000000000000e+01 4.64730068956404e-01
1.60000000000000e+01 5.30583875289219e-01
1.70000000000000e+01 6.01191821804047e-01
1.80000000000000e+01 6.76641984312208e-01
1.90000000000000e+01 7.57046529428622e-01
2.00000000000000e+01 8.42529067917638e-01
2.10000000000000e+01 9.33197453650584e-01
2.20000000000000e+01 1.02920178934232e+00
2.30000000000000e+01 1.13066505078008e+00
2.40000000000000e+01 1.23775997784692e+00
2.50000000000000e+01 1.35062615165332e+00
2.60000000000000e+01 1.46946158737444e+00
2.70000000000000e+01 1.59442417113979e+00
2.80000000000000e+01 1.72574031864676e+00
2.90000000000000e+01 1.86360580777641e+00
3.00000000000000e+01 2.00822627978779e+00
3.10000000000000e+01 2.15987615231267e+00
3.20000000000000e+01 2.31879189142692e+00
3.30000000000000e+01 2.48522155735534e+00
3.40000000000000e+01 2.65949760139968e+00
3.50000000000000e+01 2.84190537251163e+00
3.60000000000000e+01 3.03277197078851e+00
3.70000000000000e+01 3.23244592808598e+00
3.80000000000000e+01 3.44129869550793e+00
3.90000000000000e+01 3.65972625034690e+00
4.00000000000000e+01 3.88815084605048e+00
4.10000000000000e+01 4.12702289921314e+00
4.20000000000000e+01 4.37682303788067e+00
4.30000000000000e+01 4.63806432180068e+00
4.40000000000000e+01 4.91129464200520e+00
4.50000000000000e+01 5.19714183566172e+00
4.60000000000000e+01 5.49614946816517e+00
4.70000000000000e+01 5.80902623384511e+00
4.80000000000000e+01 6.13653622883539e+00
4.90000000000000e+01 6.47935173987751e+00
5.00000000000000e+01 6.83839017779213e+00
5.10000000000000e+01 7.21442835363746e+00
5.20000000000000e+01 7.60851307889939e+00
5.30000000000000e+01 8.02154095069657e+00
5.40000000000000e+01 8.45470969744278e+00
5.50000000000000e+01 8.90911962155730e+00
5.60000000000000e+01 9.38601241175521e+00
5.70000000000000e+01 9.88671887448401e+00
5.80000000000000e+01 1.04126649901875e+01
5.90000000000000e+01 1.09653780924660e+01
6.00000000000000e+01 1.15464930572559e+01
6.10000000000000e+01 1.21578399456549e+01
6.20000000000000e+01 1.28011286048175e+01
6.30000000000000e+01 1.34784282244272e+01
6.40000000000000e+01 1.41919531783184e+01
6.50000000000000e+01 1.49438703124527e+01
6.60000000000000e+01 1.57364677971966e+01
6.70000000000000e+01 1.65724522898316e+01
6.80000000000000e+01 1.74543665500805e+01
6.90000000000000e+01 1.83849604269886e+01
7.00000000000000e+01 1.93670778649341e+01
7.10000000000000e+01 2.04037479552739e+01
7.20000000000000e+01 2.14976860868973e+01
7.30000000000000e+01 2.26519307936118e+01
7.40000000000000e+01 2.38693280410955e+01
7.50000000000000e+01 2.51526984827128e+01
7.60000000000000e+01 2.65041994119968e+01
7.70000000000000e+01 2.79259999426753e+01
7.80000000000000e+01 2.94197653455974e+01
7.90000000000000e+01 3.09860318223294e+01
