9.65617380035682e+01 -1.00000000000000e-01
8.75144511244559e+01 -1.00000000000000e-01
8.75144511244559e+01 0.00000000000000e+00
7.38243246967281e+01 5.00000000000000e-01
6.59301493822810e+01 1.00000000000000e+00
6.05659743507442e+01 1.50000000000000e+00
5.65032888068588e+01 2.00000000000000e+00
5.32586714297818e+01 2.50000000000000e+00
5.05840314838383e+01 3.00000000000000e+00
4.83210589416440e+01 3.50000000000000e+00
4.63700737756466e+01 4.00000000000000e+00
4.46526269547154e+01 4.50000000000000e+00
4.31374224861186e+01 5.00000000000000e+00
4.17787108249897e+01 5.50000000000000e+00
4.05816284642852e+01 6.00000000000000e+00
3.94884825053171e+01 6.50000000000000e+00
3.84865033159225e+01 7.00000000000000e+00
