0.00000000000000e+00 0.00000000000000e+00
1.00000000000000e+00 1.00780482751339e-03
2.00000000000000e+00 4.03234440211144e-03
3.00000000000000e+00 9.07773519393562e-03
4.00000000000000e+00 1.61505025443339e-02
5.00000000000000e+00 2.52599411676529e-02
6.00000000000000e+00 3.64180216723255e-02
7.00000000000000e+00 4.96394443867006e-02
8.00000000000000e+00 6.49416977449397e-02
9.00000000000000e+00 8.23459384995039e-02
1.00000000000000e+01 1.01873908127901e-01
1.10000000000000e+01 1.23552458256313e-01
1.20000000000000e+01 1.47410826321284e-01
1.30000000000000e+01 1.73481353056859e-01
1.40000000000000e+01 2.01801727159342e-01
1.50000000000000e+01 2.32407175490528e-01
1.60000000000000e+01 2.65341904382188e-01
1.70000000000000e+01 3.00655005678022e-01
1.80000000000000e+01 3.38390796796636e-01
1.90000000000000e+01 3.78605683816738e-01
2.00000000000000e+01 4.21361867819266e-01
2.10000000000000e+01 4.66713731815362e-01
2.20000000000000e+01 5.14731800392227e-01
2.30000000000000e+01 5.65493540456071e-01
2.40000000000000e+01 6.19064731518026e-01
2.50000000000000e+01 6.75539427531928e-01
2.60000000000000e+01 7.34992335492052e-01
2.70000000000000e+01 7.97531363717719e-01
2.80000000000000e+01 8.63241153350717e-01
2.90000000000000e+01 9.32245325751806e-01
3.00000000000000e+01 1.00464971827353e+00
3.10000000000000e+01 1.08056556698875e+00
3.20000000000000e+01 1.16014336941824e+00
3.30000000000000e+01 1.24351168154081e+00
3.40000000000000e+01 1.33080551748170e+00
3.50000000000000e+01 1.42220839582224e+00
3.60000000000000e+01 1.51787666611676e+00
3.70000000000000e+01 1.61799074158174e+00
3.80000000000000e+01 1.72274349675407e+00
3.90000000000000e+01 1.83234123362187e+00
4.00000000000000e+01 1.94700474926753e+00
4.10000000000000e+01 2.06697049809225e+00
4.20000000000000e+01 2.19249188151465e+00
4.30000000000000e+01 2.32384066025495e+00
4.40000000000000e+01 2.46130851829635e+00
4.50000000000000e+01 2.60520878229593e+00
4.60000000000000e+01 2.75587833318957e+00
4.70000000000000e+01 2.91367971304990e+00
4.80000000000000e+01 3.07903333186431e+00
4.90000000000000e+01 3.25230312709440e+00
5.00000000000000e+01 3.43400402226454e+00
5.10000000000000e+01 3.62456519133783e+00
5.20000000000000e+01 3.82458460304409e+00
5.30000000000000e+01 4.03456941490149e+00
5.40000000000000e+01 4.25521871517569e+00
5.50000000000000e+01 4.48717607734473e+00
5.60000000000000e+01 4.73118104402138e+00
5.70000000000000e+01 4.98803920051766e+00
5.80000000000000e+01 5.25862934130856e+00
5.90000000000000e+01 5.54391154783734e+00
6.00000000000000e+01 5.84493629966595e+00
6.10000000000000e+01 6.16291075403572e+00
6.20000000000000e+01 6.49899112992819e+00
6.30000000000000e+01 6.85468076545543e+00
6.40000000000000e+01 7.23145537079545e+00
6.50000000000000e+01 7.63100441404864e+00
6.60000000000000e+01 8.05519438853840e+00
6.70000000000000e+01 8.50609061707388e+00
6.80000000000000e+01 8.98605879280733e+00
6.90000000000000e+01 9.49749194496970e+00
7.00000000000000e+01 1.00433713830236e+01
7.10000000000000e+01 1.06268518236506e+01
7.20000000000000e+01 1.12512674391099e+01
7.30000000000000e+01 1.19206992011103e+01
7.40000000000000e+01 1.26394154065283e+01
7.50000000000000e+01 1.34122694565094e+01
7.60000000000000e+01 1.42446643846933e+01
7.70000000000000e+01 1.51427202664474e+01
7.80000000000000e+01 1.61131041834615e+01
7.90000000000000e+01 1.71629202107966e+01
8.00000000000000e+01 1.83004341480061e+01
8.10000000000000e+01 1.95342184213201e+01
8.20000000000000e+01 2.08736843133838e+01
8.30000000000000e+01 2.23283796330243e+01
8.40000000000000e+01 2.39080931514653e+01
8.50000000000000e+01 2.56222604623946e+01
8.60000000000000e+01 2.74792920139275e+01
8.70000000000000e+01 2.94856603612720e+01
8.80000000000000e+01 3.16445708437746e+01
