9.65617380035682e+01 0.00000000000000e+00
8.10606863922765e+01 5.00000000000000e-01
7.26024809654538e+01 1.00000000000000e+00
6.66754174371529e+01 1.50000000000000e+00
6.21321947154327e+01 2.00000000000000e+00
5.84175757858782e+01 2.50000000000000e+00
5.53466152959953e+01 3.00000000000000e+00
5.27364933948566e+01 3.50000000000000e+00
5.04474769383131e+01 4.00000000000000e+00
4.84509630308012e+01 4.50000000000000e+00
4.66970832119547e+01 5.00000000000000e+00
4.51380171369167e+01 5.50000000000000e+00
4.36758000000000e+01 6.00000000000000e+00
4.23552000000000e+01 6.50000000000000e+00
4.11943000000000e+01 7.00000000000000e+00
4.11943000000000e+01 7.10000000000000e+00
3.84865033159225e+01 7.10000000000000e+00
