0.00000000000000e+00 0.00000000000000e+00
1.00000000000000e+00 6.03580387285314e-03
2.00000000000000e+00 2.41510722999254e-02
3.00000000000000e+00 5.43693470217771e-02
4.00000000000000e+00 9.67299239803778e-02
5.00000000000000e+00 1.51287947057940e-01
6.00000000000000e+00 2.18114435199450e-01
7.00000000000000e+00 2.97296504604635e-01
8.00000000000000e+00 3.88941406519342e-01
9.00000000000000e+00 4.93162233829230e-01
1.00000000000000e+01 6.10098351815846e-01
1.10000000000000e+01 7.39903080836035e-01
1.20000000000000e+01 8.82746910916847e-01
1.30000000000000e+01 1.03882813346041e+00
1.40000000000000e+01 1.20833385592734e+00
1.50000000000000e+01 1.39149658888770e+00
1.60000000000000e+01 1.58857421879432e+00
1.70000000000000e+01 1.79979983574687e+00
1.80000000000000e+01 2.02548619124972e+00
1.90000000000000e+01 2.26589884660275e+00
2.00000000000000e+01 2.52139749738133e+00
2.10000000000000e+01 2.79230480762099e+00
2.20000000000000e+01 3.07895876189471e+00
2.30000000000000e+01 3.38179180496980e+00
2.40000000000000e+01 3.70118610012664e+00
2.50000000000000e+01 4.03756973875550e+00
2.60000000000000e+01 4.39136216550048e+00
2.70000000000000e+01 4.76309803741985e+00
2.80000000000000e+01 5.15324350106118e+00
2.90000000000000e+01 5.56231790029851e+00
3.00000000000000e+01 5.99086359726800e+00
3.10000000000000e+01 6.43944580998701e+00
3.20000000000000e+01 6.90865228665914e+00
3.30000000000000e+01 7.39909277935665e+00
3.40000000000000e+01 7.91139828175781e+00
3.50000000000000e+01 8.44621999284064e+00
3.60000000000000e+01 9.00422795589694e+00
3.70000000000000e+01 9.58610932643856e+00
3.80000000000000e+01 1.01925662100518e+01
3.90000000000000e+01 1.08243130106410e+01
4.00000000000000e+01 1.14820732206405e+01
4.10000000000000e+01 1.21665755860946e+01
4.20000000000000e+01 1.28785495683187e+01
4.30000000000000e+01 1.36187200277945e+01
4.40000000000000e+01 1.43878010529807e+01
4.50000000000000e+01 1.51864888561070e+01
4.60000000000000e+01 1.60154536672654e+01
4.70000000000000e+01 1.68753305631371e+01
4.80000000000000e+01 1.77667091820093e+01
4.90000000000000e+01 1.86901894855649e+01
5.00000000000000e+01 1.96461024236402e+01
5.10000000000000e+01 2.06348933015809e+01
5.20000000000000e+01 2.16567714353550e+01
5.30000000000000e+01 2.27120497803342e+01
5.40000000000000e+01 2.38006960068701e+01
5.50000000000000e+01 2.49226020343999e+01
5.60000000000000e+01 2.60774957976651e+01
5.70000000000000e+01 2.72649243451433e+01
5.80000000000000e+01 2.84842376052473e+01
5.90000000000000e+01 2.97344870829268e+01
6.00000000000000e+01 3.10147581241754e+01
