0.00000000000000e+00 -0.00000000000000e+00
3.82500000000000e-02 -6.88865345332353e-02
7.65000000000000e-02 -2.48436202560894e-01
1.14750000000000e-01 -4.92282165428172e-01
1.53000000000000e-01 -7.54613321665343e-01
1.91250000000000e-01 -9.93491326439059e-01
2.29500000000000e-01 -1.17316739222882e+00
2.67750000000000e-01 -1.26604492012261e+00
3.06000000000000e-01 -1.25412882149204e+00
3.44250000000000e-01 -1.12977230212556e+00
3.82500000000000e-01 -8.95569687152019e-01
4.20750000000000e-01 -5.63335308042310e-01
4.59000000000000e-01 -1.52188215166257e-01
4.97250000000000e-01 3.14163530484672e-01
5.30718700000000e-01 7.47833760640691e-01
5.49843700000000e-01 1.00000000000000e+00
