0.00000000000000e+00 -0.00000000000000e+00
3.82499984000000e-02 7.47402319372971e-03
7.64999976000000e-02 2.94417865149309e-02
1.14749997000000e-01 6.47814261205486e-02
1.52999996000000e-01 1.12134951290171e-01
1.91249995000000e-01 1.70123294991936e-01
2.29499995000000e-01 2.37383881789192e-01
2.67749994000000e-01 3.12587621476895e-01
3.05999993000000e-01 3.94449474468823e-01
3.44249993000000e-01 4.81742211208426e-01
3.82499992000000e-01 5.73311358997534e-01
4.20749991000000e-01 6.68091388298884e-01
4.58999990000000e-01 7.65122053505627e-01
4.97249990000000e-01 8.63565104703273e-01
5.30718683000000e-01 9.50317883553188e-01
5.49843728000000e-01 1.00000000000000e+00
