0.00000000000000e+00 0.00000000000000e+00
3.82499984000000e-02 -6.70463395058666e-02
7.64999976000000e-02 -2.45865219527660e-01
1.14749997000000e-01 -4.90349979850853e-01
1.52999996000000e-01 -7.54245375047761e-01
1.91249995000000e-01 -9.95188504957164e-01
2.29499995000000e-01 -1.17704975216188e+00
2.67749994000000e-01 -1.27190553820008e+00
3.05999993000000e-01 -1.26149724288418e+00
3.44249993000000e-01 -1.13799337666105e+00
3.82499992000000e-01 -9.03890945696027e-01
4.20749991000000e-01 -5.70989403689945e-01
4.58999990000000e-01 -1.58473471820666e-01
4.97249990000000e-01 3.09801756946707e-01
5.30718683000000e-01 7.45872619644464e-01
5.49843728000000e-01 1.00000000000000e+00
