0.00000000000000e+00 0.00000000000000e+00
3.82499984000000e-02 7.59973890178437e-03
7.64999976000000e-02 2.98120053002036e-02
1.14749997000000e-01 6.53430721419086e-02
1.52999996000000e-01 1.12792547989019e-01
1.91249995000000e-01 1.70786330847856e-01
2.29499995000000e-01 2.37979369369424e-01
2.67749994000000e-01 3.13062804579286e-01
3.05999993000000e-01 3.94773908786207e-01
3.44249993000000e-01 4.81908231321334e-01
3.82499992000000e-01 5.73333263458258e-01
4.20749991000000e-01 6.68003496581115e-01
4.58999990000000e-01 7.64976062829349e-01
4.97249990000000e-01 8.63427299946560e-01
5.30718683000000e-01 9.50251010415912e-01
5.49843728000000e-01 1.00000000000000e+00
