0.00000000000000e+00 0.00000000000000e+00
3.82500000000000e-02 8.76264506999792e-03
7.65000000000000e-02 3.18109220166459e-02
1.14750000000000e-01 6.80571822761452e-02
1.53000000000000e-01 1.16107160626597e-01
1.91250000000000e-01 1.74583396427773e-01
2.29500000000000e-01 2.42131290687329e-01
2.67750000000000e-01 3.17428899004602e-01
3.06000000000000e-01 3.99198434502478e-01
3.44250000000000e-01 4.86218972558125e-01
3.82500000000000e-01 5.77341421782982e-01
4.20750000000000e-01 6.71503391991419e-01
4.59000000000000e-01 7.67745504328021e-01
4.97250000000000e-01 8.65228216451527e-01
5.30718700000000e-01 9.50987552454228e-01
5.49843700000000e-01 1.00000000000000e+00
