0.00000000000000e+00 -0.00000000000000e+00
3.82500000000000e-02 1.43398612022444e-01
7.65000000000000e-02 4.64044872554786e-01
1.14750000000000e-01 7.95416774579367e-01
1.53000000000000e-01 1.00000000000000e+00
1.91250000000000e-01 9.93764596529830e-01
2.29500000000000e-01 7.59880335826840e-01
2.67750000000000e-01 3.48180044443673e-01
3.06000000000000e-01 -1.40505393873176e-01
3.44250000000000e-01 -5.81786249040112e-01
3.82500000000000e-01 -8.60238014517058e-01
4.20750000000000e-01 -8.98741517684217e-01
4.59000000000000e-01 -6.76967138411913e-01
4.97250000000000e-01 -2.33864515510359e-01
5.30718700000000e-01 2.70410450832205e-01
5.49843700000000e-01 5.80142829852315e-01
