0.00000000000000e+00 -0.00000000000000e+00
3.82499984000000e-02 1.35020008233691e-01
7.64999976000000e-02 4.53636268819821e-01
1.14749997000000e-01 7.88484225973858e-01
1.52999996000000e-01 9.99430342482246e-01
1.91249995000000e-01 1.00000000000000e+00
2.29499995000000e-01 7.71397028406450e-01
2.67749994000000e-01 3.62240897771633e-01
3.05999993000000e-01 -1.26888892337991e-01
3.44249993000000e-01 -5.70968181030705e-01
3.82499992000000e-01 -8.53363687321245e-01
4.20749991000000e-01 -8.95599542997065e-01
4.58999990000000e-01 -6.76285203327044e-01
4.97249990000000e-01 -2.34020753928052e-01
5.30718683000000e-01 2.72325233644513e-01
5.49843728000000e-01 5.85883989348811e-01
