0.00000000000000e+00 -0.00000000000000e+00
3.82499984000000e-02 7.58007132707909e-02
7.64999976000000e-02 1.51334143245560e-01
1.14749997000000e-01 2.26302642394353e-01
1.52999996000000e-01 3.00407228748997e-01
1.91249995000000e-01 3.82720489559541e-01
2.29499995000000e-01 4.63333620719581e-01
2.67749994000000e-01 5.41889576924522e-01
3.05999993000000e-01 6.18041299147594e-01
3.44249993000000e-01 6.91407852262011e-01
3.82499992000000e-01 7.61714517034276e-01
4.20749991000000e-01 8.28653579855049e-01
4.58999990000000e-01 8.91932666079104e-01
4.97249990000000e-01 9.46263864136740e-01
5.30718683000000e-01 9.90464047036350e-01
5.49843728000000e-01 1.00000000000000e+00
