0.00000000000000e+00 0.00000000000000e+00
3.82500000000000e-02 5.15581787780277e-02
7.65000000000000e-02 1.32967557932851e-01
1.14750000000000e-01 2.17437302311385e-01
1.53000000000000e-01 3.01336597356942e-01
1.91250000000000e-01 3.83877529398719e-01
2.29500000000000e-01 4.64667603165872e-01
2.67750000000000e-01 5.43340672720426e-01
3.06000000000000e-01 6.19535669860425e-01
3.44250000000000e-01 6.92900309494872e-01
3.82500000000000e-01 7.63093559893680e-01
4.20750000000000e-01 8.29784133090480e-01
4.59000000000000e-01 8.92536578912409e-01
4.97250000000000e-01 9.50005983494339e-01
5.30718700000000e-01 9.90350105781593e-01
5.49843700000000e-01 1.00000000000000e+00
