0.00000000000000e+00 -0.00000000000000e+00
3.82500000000000e-02 7.47223655706075e-03
7.65000000000000e-02 2.95206857393395e-02
1.14750000000000e-01 6.49299990877142e-02
1.53000000000000e-01 1.12334716285935e-01
1.91250000000000e-01 1.70357997274036e-01
2.29500000000000e-01 2.37640093733958e-01
2.67750000000000e-01 3.12852846944319e-01
3.06000000000000e-01 3.94712010446353e-01
3.44250000000000e-01 4.81991547059648e-01
3.82500000000000e-01 5.73537040844531e-01
4.20750000000000e-01 6.68284044938924e-01
4.59000000000000e-01 7.65272957262816e-01
4.97250000000000e-01 8.63666721585362e-01
5.30718700000000e-01 9.50362803794564e-01
5.49843700000000e-01 1.00000000000000e+00
