0.00000000000000e+00 0.00000000000000e+00
1.91249885099409e-02 1.22048221398911e-01
3.82499770198819e-02 4.97846678011446e-01
3.82499770198819e-02 4.97846678011446e-01
5.73749621255181e-02 1.12725567896159e+00
7.64999472311544e-02 2.00963716226223e+00
7.64999472311544e-02 2.00963716226223e+00
9.56249334337881e-02 3.12618463268084e+00
1.14749919636422e-01 4.45727995193802e+00
1.14749919636422e-01 4.45727995193802e+00
1.33874906175780e-01 5.98503334993990e+00
1.52999892715139e-01 7.69073024752568e+00
1.52999892715139e-01 7.69073024752568e+00
1.72124881704487e-01 9.55799848824739e+00
1.91249870693834e-01 1.15694784700555e+01
1.91249870693834e-01 1.15694784700555e+01
2.10374862425927e-01 1.37104936590544e+01
2.29499854158020e-01 1.59656780097225e+01
2.29499854158020e-01 1.59656780097225e+01
2.48624847339924e-01 1.83221209683778e+01
2.67749840521828e-01 2.07662056266610e+01
2.67749840521828e-01 2.07662056266610e+01
2.86874835369601e-01 2.32868161888723e+01
3.05999830217374e-01 2.58721184242179e+01
3.05999830217374e-01 2.58721184242179e+01
3.25124826817289e-01 2.85128085191147e+01
3.44249823417203e-01 3.11988512536759e+01
3.44249823417203e-01 3.11988512536759e+01
3.63374820672733e-01 3.39227438769390e+01
3.82499817928263e-01 3.66762621003168e+01
3.82499817928263e-01 3.66762621003168e+01
4.01624816082316e-01 3.94536787907109e+01
4.20749814236368e-01 4.22485543049794e+01
4.20749814236368e-01 4.22485543049794e+01
4.39874813035934e-01 4.50568718524371e+01
4.58999811835500e-01 4.78739230059379e+01
4.58999811835500e-01 4.78739230059379e+01
4.78124811528340e-01 5.06973233641366e+01
4.97249811221179e-01 5.35239372809642e+01
4.97249811221179e-01 5.35239372809642e+01
5.13984157656604e-01 5.59990846443350e+01
5.30718504092029e-01 5.84747292455385e+01
5.30718504092029e-01 5.84747292455385e+01
5.40281026588098e-01 5.98896115093643e+01
5.49843549084166e-01 6.13044998191285e+01
