0.00000000000000e+00 0.00000000000000e+00
1.91149403577114e-02 9.64015979678187e-02
3.81673393765936e-02 3.93466659540291e-01
3.81673393765936e-02 3.93466659540291e-01
5.70932081401530e-02 8.90645777907294e-01
7.58291447815338e-02 1.58618473564002e+00
7.58291447815338e-02 1.58618473564002e+00
9.43337092798193e-02 2.46350818022766e+00
1.12578628765946e-01 3.50526300405538e+00
1.12578628765946e-01 3.50526300405538e+00
1.30547274085708e-01 4.69558796214711e+00
1.48234017583547e-01 6.01817390811182e+00
1.48234017583547e-01 6.01817390811182e+00
1.65639847673849e-01 7.45892473866880e+00
1.82774681553966e-01 9.00334279148300e+00
1.82774681553966e-01 9.00334279148300e+00
1.99650624116831e-01 1.06394140037868e+01
2.16286162501461e-01 1.23549412542949e+01
2.16286162501461e-01 1.23549412542949e+01
2.32699349413687e-01 1.41399361894824e+01
2.48913110014266e-01 1.59841844683707e+01
2.48913110014266e-01 1.59841844683707e+01
2.64947671075873e-01 1.78795512751391e+01
2.80827032874487e-01 1.98176137172772e+01
2.80827032874487e-01 1.98176137172772e+01
2.96570916256262e-01 2.17918887921750e+01
3.12202065333564e-01 2.37955419490818e+01
3.12202065333564e-01 2.37955419490818e+01
3.27737928161709e-01 2.58235469046839e+01
3.43198439334478e-01 2.78704871359994e+01
3.43198439334478e-01 2.78704871359994e+01
3.58597686624411e-01 2.99326340227566e+01
3.73951904573432e-01 3.20058427652190e+01
3.73951904573432e-01 3.20058427652190e+01
3.89271299719854e-01 3.40875463422990e+01
4.04567997272910e-01 3.61747558572572e+01
4.04567997272910e-01 3.61747558572572e+01
4.19848159561239e-01 3.82659631429510e+01
4.35119941149034e-01 4.03591915444372e+01
4.35119941149034e-01 4.03591915444372e+01
4.48477861546594e-01 4.21919353657259e+01
4.61834483747170e-01 4.40249916666812e+01
4.61834483747170e-01 4.40249916666812e+01
4.69466289361968e-01 4.50725964534989e+01
4.77098079188903e-01 4.61202050391480e+01
