0.00000000000000e+00 0.00000000000000e+00
1.91249634237716e-02 6.78552219900593e-02
3.82499268475431e-02 2.76828711581961e-01
3.82499268475431e-02 2.76828711581961e-01
5.73748887286079e-02 6.26754763950290e-01
7.64998506096727e-02 1.11717585336829e+00
7.64998506096727e-02 1.11717585336829e+00
9.56248141581812e-02 1.73757999640433e+00
1.14749777706690e-01 2.47699242875883e+00
1.14749777706690e-01 2.47699242875883e+00
1.33874742890888e-01 3.32543992936205e+00
1.52999708075086e-01 4.27248190441775e+00
1.52999708075086e-01 4.27248190441775e+00
1.72124676561974e-01 5.30900976513541e+00
1.91249645048863e-01 6.42536202095467e+00
1.91249645048863e-01 6.42536202095467e+00
2.10374617563462e-01 7.61339035728505e+00
2.29499590078061e-01 8.86455783854777e+00
2.29499590078061e-01 8.86455783854777e+00
2.48624565731221e-01 1.01717084249144e+01
2.67749541384381e-01 1.15272899039865e+01
2.67749541384381e-01 1.15272899039865e+01
2.86874520722845e-01 1.29251498187174e+01
3.05999500061310e-01 1.43587343990536e+01
3.05999500061310e-01 1.43587343990536e+01
3.25124483489353e-01 1.58229003365638e+01
3.44249466917396e-01 1.73120971544986e+01
3.44249466917396e-01 1.73120971544986e+01
3.63374453441776e-01 1.88221813695770e+01
3.82499439966155e-01 2.03486088782022e+01
3.82499439966155e-01 2.03486088782022e+01
4.01624429927061e-01 2.18882193580883e+01
4.20749419887967e-01 2.34374577206518e+01
4.20749419887967e-01 2.34374577206518e+01
4.39874413038970e-01 2.49941088198153e+01
4.58999406189972e-01 2.65555749195643e+01
4.58999406189972e-01 2.65555749195643e+01
4.78124402667692e-01 2.81205417075854e+01
4.97249399145412e-01 2.96872798906847e+01
4.97249399145412e-01 2.96872798906847e+01
5.13983744487994e-01 3.10592013894697e+01
5.30718089830577e-01 3.24313969512781e+01
5.30718089830577e-01 3.24313969512781e+01
5.40280612238059e-01 3.32156345681831e+01
5.49843134645542e-01 3.39998755172067e+01
