0.00000000000000e+00 0.00000000000000e+00
1.91150780906878e-02 9.61118543401714e-02
3.81694232063225e-02 3.89222122779004e-01
3.81694232063225e-02 3.89222122779004e-01
5.71018044340653e-02 8.78264559537317e-01
7.58509975153357e-02 1.56198858764530e+00
7.58509975153357e-02 1.56198858764530e+00
9.43776457144084e-02 2.42383213178806e+00
1.12654149941207e-01 3.44718815474726e+00
1.12654149941207e-01 3.44718815474726e+00
1.30664950409231e-01 4.61632434333003e+00
1.48404104845484e-01 5.91557384891932e+00
1.48404104845484e-01 5.91557384891932e+00
1.65872714129970e-01 7.33106549204226e+00
1.83079883159042e-01 8.84876249483386e+00
1.83079883159042e-01 8.84876249483386e+00
2.00037453561217e-01 1.04568000850078e+01
2.16762738548027e-01 1.21433607066868e+01
2.16762738548027e-01 1.21433607066868e+01
2.33273129927361e-01 1.38986113563626e+01
2.49590389282607e-01 1.57125892075477e+01
2.49590389282607e-01 1.57125892075477e+01
2.65734011952776e-01 1.75772694309453e+01
2.81726870193647e-01 1.94844132753846e+01
2.81726870193647e-01 1.94844132753846e+01
2.97587886700232e-01 2.14276403747476e+01
3.13338888407037e-01 2.34002242706371e+01
3.13338888407037e-01 2.34002242706371e+01
3.28996704618396e-01 2.53971939631280e+01
3.44580502958360e-01 2.74132091452331e+01
3.44580502958360e-01 2.74132091452331e+01
3.60103847610855e-01 2.94445878316041e+01
3.75582473421935e-01 3.14872130540040e+01
3.75582473421935e-01 3.14872130540040e+01
3.91026334099374e-01 3.35385194045093e+01
4.06447228889891e-01 3.55955276890764e+01
4.06447228889891e-01 3.55955276890764e+01
4.21851195821457e-01 3.76567242496952e+01
4.37246319079743e-01 3.97201031320540e+01
4.37246319079743e-01 3.97201031320540e+01
4.50711841815525e-01 4.15268349975987e+01
4.64175797085645e-01 4.33339528547458e+01
4.64175797085645e-01 4.33339528547458e+01
4.71868832167784e-01 4.43667644228916e+01
4.79561828289578e-01 4.53995855809718e+01
