0.00000000000000e+00 0.00000000000000e+00
1.91160073966557e-02 9.14514995964115e-02
3.81758382396546e-02 3.73051439804519e-01
3.81758382396546e-02 3.73051439804519e-01
5.71238487686408e-02 8.42110439553569e-01
7.59066928788912e-02 1.49489980067592e+00
7.59066928788912e-02 1.49489980067592e+00
9.44912662592762e-02 2.31470008284238e+00
1.12856828709319e-01 3.28408449624319e+00
1.12856828709319e-01 3.28408449624319e+00
1.30992137700361e-01 4.38786030655480e+00
1.48895677402492e-01 5.61036980681480e+00
1.48895677402492e-01 5.61036980681480e+00
1.66570460836567e-01 6.93857642599376e+00
1.84027042425011e-01 8.35899628176253e+00
1.84027042425011e-01 8.35899628176253e+00
2.01276688278315e-01 9.86078563263851e+00
2.18335933103906e-01 1.14328327750697e+01
2.18335933103906e-01 1.14328327750697e+01
2.35220022928487e-01 1.30662603786953e+01
2.51948155438583e-01 1.47518953598247e+01
2.51948155438583e-01 1.47518953598247e+01
2.68536677420188e-01 1.64825722516466e+01
2.85004958500579e-01 1.82507961298110e+01
2.85004958500579e-01 1.82507961298110e+01
3.01368532743657e-01 2.00508819509120e+01
3.17645331206956e-01 2.18767830523945e+01
3.17645331206956e-01 2.18767830523945e+01
3.33848881460368e-01 2.37240988145134e+01
3.49994663958309e-01 2.55880541161262e+01
3.49994663958309e-01 2.55880541161262e+01
3.66093498483405e-01 2.74653841324374e+01
3.82157874657715e-01 2.93524426211766e+01
3.82157874657715e-01 2.93524426211766e+01
3.98195593496013e-01 3.12469791621941e+01
4.14215936301561e-01 3.31463670715384e+01
4.14215936301561e-01 3.31463670715384e+01
4.30223608246480e-01 3.50492808524191e+01
4.46224841359625e-01 3.69539830786577e+01
4.46224841359625e-01 3.69539830786577e+01
4.60222154263482e-01 3.86216320333897e+01
4.74218458565464e-01 4.02895606579208e+01
4.74218458565464e-01 4.02895606579208e+01
4.82215930067645e-01 4.12427907911992e+01
4.90213388448348e-01 4.21960245613299e+01
