2.15000000000000e-03 0.00000000000000e+00
4.04000012830290e-02 4.49464434010967e-01
7.86500012491780e-02 1.98028811560800e+00
1.16899989362300e-01 4.45737011298599e+00
1.55149970041030e-01 7.73018001944000e+00
1.93399950732960e-01 1.16579414724178e+01
2.31649932229110e-01 1.61127272147405e+01
2.69899914970450e-01 2.09802702341637e+01
3.08149899171600e-01 2.61603602396643e+01
3.46399884887800e-01 3.15670600865706e+01
3.84649872059800e-01 3.71288221732703e+01
4.22899860545800e-01 4.27884848038132e+01
4.61149850144000e-01 4.85029448221695e+01
4.99399840626300e-01 5.42426301896454e+01
5.32868532828000e-01 5.92717500271277e+01
5.51993528634700e-01 6.21461303637895e+01
