0.00000000000000e+00 0.00000000000000e+00
1.91208556720426e-02 6.18852843250610e-02
3.82159881372833e-02 2.52529599303006e-01
3.82159881372833e-02 2.52529599303006e-01
5.72591997880349e-02 5.71672745125638e-01
7.62245602310055e-02 1.01857768697148e+00
7.62245602310055e-02 1.01857768697148e+00
9.50950724865593e-02 1.58321289526895e+00
1.13859051964795e-01 2.25508982104368e+00
1.13859051964795e-01 2.25508982104368e+00
1.32509481452695e-01 3.02466329182616e+00
1.51043788789494e-01 3.88201421776756e+00
1.51043788789494e-01 3.88201421776756e+00
1.69462087959655e-01 4.81853000446129e+00
1.87768155962056e-01 5.82519149138962e+00
1.87768155962056e-01 5.82519149138962e+00
2.05966717678037e-01 6.89445312556054e+00
2.24065153719420e-01 8.01850897828718e+00
2.24065153719420e-01 8.01850897828718e+00
2.42070748357719e-01 9.19088273299310e+00
2.59992848830985e-01 1.04048238821691e+01
2.59992848830985e-01 1.04048238821691e+01
2.77839762361804e-01 1.16548863813702e+01
2.95621412253029e-01 1.29353321026008e+01
2.95621412253029e-01 1.29353321026008e+01
3.13345996409138e-01 1.42416946452267e+01
3.31023013256474e-01 1.55691964547122e+01
3.31023013256474e-01 1.55691964547122e+01
3.48659776657302e-01 1.69142932622090e+01
3.66264670172231e-01 1.82731234425487e+01
3.66264670172231e-01 1.82731234425487e+01
3.83843632323340e-01 1.96430127387498e+01
4.01403520708410e-01 2.10209661166284e+01
4.01403520708410e-01 2.10209661166284e+01
4.18948652261578e-01 2.24051220398971e+01
4.36484161582118e-01 2.37933033849211e+01
4.36484161582118e-01 2.37933033849211e+01
4.54012659930318e-01 2.51844097853128e+01
4.71537604183273e-01 2.65769957963146e+01
4.71537604183273e-01 2.65769957963146e+01
4.86869840694948e-01 2.77963647756807e+01
5.02201526616581e-01 2.90159626081958e+01
5.02201526616581e-01 2.90159626081958e+01
5.10962279171808e-01 2.97129808701716e+01
5.19723025031052e-01 3.04100019145214e+01
