2.15000000000000e-03 0.00000000000000e+00
4.04000007547237e-02 2.46758657216146e-01
7.86500007692148e-02 1.08676423785632e+00
1.16899994263613e-01 2.44527114074856e+00
1.55149983678150e-01 4.23927359957082e+00
1.93399973098000e-01 6.39131415171839e+00
2.31649962959960e-01 8.83115102114978e+00
2.69899953507280e-01 1.14961645975163e+01
3.08149944858130e-01 1.43315283938276e+01
3.46399937042560e-01 1.72902981626809e+01
3.84649930027620e-01 2.03334682759171e+01
4.22899923734860e-01 2.34298753335966e+01
4.61149918052970e-01 2.65560726737980e+01
4.99399912856110e-01 2.96959648142063e+01
5.32868608599120e-01 3.24471283229769e+01
5.51993606310260e-01 3.40195387297389e+01
