0.00000000000000e+00 0.00000000000000e+00
1.91249974397057e-02 2.00871854534284e-02
3.82499948794114e-02 8.19908844815673e-02
3.82499948794114e-02 8.19908844815673e-02
5.73749921062295e-02 1.85573259775667e-01
7.64999893330475e-02 3.30593832750371e-01
7.64999893330475e-02 3.30593832750371e-01
9.56249868350129e-02 5.13884413769805e-01
1.14749984336978e-01 7.32126862370830e-01
1.14749984336978e-01 7.32126862370830e-01
1.33874981736633e-01 9.82341884996899e-01
1.52999979136288e-01 1.26140196114402e+00
1.52999979136288e-01 1.26140196114402e+00
1.72124976940349e-01 1.56660483795405e+00
1.91249974744410e-01 1.89507994194888e+00
1.91249974744410e-01 1.89507994194888e+00
2.10374973415635e-01 2.24442693718750e+00
2.29499972086860e-01 2.61212474557378e+00
2.29499972086860e-01 2.61212474557378e+00
2.48624970574989e-01 2.99607719708816e+00
2.67749969063118e-01 3.39406728571310e+00
2.67749969063118e-01 3.39406728571310e+00
2.86874967820289e-01 3.80430160834652e+00
3.05999966577460e-01 4.22486626692245e+00
3.05999966577460e-01 4.22486626692245e+00
3.25124966035818e-01 4.65426823106914e+00
3.44249965494176e-01 5.09089383251857e+00
3.44249965494176e-01 5.09089383251857e+00
3.63374964637387e-01 5.53354438601694e+00
3.82499963780597e-01 5.98090374638436e+00
3.82499963780597e-01 5.98090374638436e+00
4.01624963066996e-01 6.43206012222522e+00
4.20749962353394e-01 6.88598694950140e+00
4.20749962353394e-01 6.88598694950140e+00
4.39874961742370e-01 7.34204640292257e+00
4.58999961131345e-01 7.79949012166160e+00
4.58999961131345e-01 7.79949012166160e+00
4.78124961082695e-01 8.25794013772069e+00
4.97249961034044e-01 8.71689911443134e+00
4.97249961034044e-01 8.71689911443134e+00
5.13984307523821e-01 9.11878282865316e+00
5.30718654013597e-01 9.52074526292869e+00
5.30718654013597e-01 9.52074526292869e+00
5.40281176512975e-01 9.75047423485485e+00
5.49843699012353e-01 9.98020416380276e+00
