0.00000000000000e+00 0.00000000000000e+00
1.91248921078924e-02 1.22062073147141e-01
3.82497842157847e-02 4.97903035714392e-01
3.82497842157847e-02 4.97903035714392e-01
5.73746733724182e-02 1.12738066895477e+00
7.64995625290516e-02 2.00985991790015e+00
7.64995625290516e-02 2.00985991790015e+00
9.56244559175652e-02 3.12652952159106e+00
1.14749349306079e-01 4.45777208448544e+00
1.14749349306079e-01 4.45777208448544e+00
1.33874247855585e-01 5.98569368689220e+00
1.52999146405090e-01 7.69157990752706e+00
1.52999146405090e-01 7.69157990752706e+00
1.72124053567062e-01 9.55905521827735e+00
1.91248960729034e-01 1.15707595596100e+01
1.91248960729034e-01 1.15707595596100e+01
2.10373877931926e-01 1.37120138862778e+01
2.29498795134817e-01 1.59674511587993e+01
2.29498795134817e-01 1.59674511587993e+01
2.48623722011331e-01 1.83241591555332e+01
2.67748648887844e-01 2.07685194714986e+01
2.67748648887844e-01 2.07685194714986e+01
2.86873586356334e-01 2.32894154289140e+01
3.05998523824824e-01 2.58750108940600e+01
3.05998523824824e-01 2.58750108940600e+01
3.25123472441072e-01 2.85160018561269e+01
3.44248421057320e-01 3.12023509179190e+01
3.44248421057320e-01 3.12023509179190e+01
3.63373379951876e-01 3.39265557384292e+01
3.82498338846432e-01 3.66803896773322e+01
3.82498338846432e-01 3.66803896773322e+01
4.01623308229031e-01 3.94581264849491e+01
4.20748277611629e-01 4.22533241361507e+01
4.20748277611629e-01 4.22533241361507e+01
4.39873256898491e-01 4.50619670691686e+01
4.58998236185353e-01 4.78793445692327e+01
4.58998236185353e-01 4.78793445692327e+01
4.78123224902355e-01 5.07030736679636e+01
4.97248213619357e-01 5.35300166415384e+01
4.97248213619357e-01 5.35300166415384e+01
5.13982556381900e-01 5.60054533658928e+01
5.30716899144443e-01 5.84813873607310e+01
5.30716899144443e-01 5.84813873607310e+01
5.40279421344686e-01 5.98964354138075e+01
5.49841943544929e-01 6.13114895122241e+01
