0.00000000000000e+00 0.00000000000000e+00
1.91249932565612e-02 6.78484576507491e-02
3.82499865131224e-02 2.76801187465425e-01
3.82499865131224e-02 2.76801187465425e-01
5.73749780649224e-02 6.26692836742199e-01
7.64999696167225e-02 1.11706528317705e+00
7.64999696167225e-02 1.11706528317705e+00
9.56249618312166e-02 1.73740798033607e+00
1.14749954045711e-01 2.47674667469857e+00
1.14749954045711e-01 2.47674667469857e+00
1.33874946365729e-01 3.32510946889486e+00
1.52999938685747e-01 4.27205637979973e+00
1.52999938685747e-01 4.27205637979973e+00
1.72124932368658e-01 5.30847997623293e+00
1.91249926051568e-01 6.42471946230789e+00
1.91249926051568e-01 6.42471946230789e+00
2.10374921479766e-01 7.61262748883559e+00
2.29499916907965e-01 8.86366785247328e+00
2.29499916907965e-01 8.86366785247328e+00
2.48624912917038e-01 1.01706852818473e+01
2.67749908926111e-01 1.15261283318625e+01
2.67749908926111e-01 1.15261283318625e+01
2.86874905857344e-01 1.29238451218368e+01
3.05999902788578e-01 1.43572826609797e+01
3.05999902788578e-01 1.43572826609797e+01
3.25124900912154e-01 1.58212980399763e+01
3.44249899035731e-01 1.73103415437581e+01
3.44249899035731e-01 1.73103415437581e+01
3.63374897297646e-01 1.88202699172851e+01
3.82499895559561e-01 2.03465397839021e+01
3.82499895559561e-01 2.03465397839021e+01
4.01624894317388e-01 2.18859909018054e+01
4.20749893075215e-01 2.34350688461032e+01
4.20749893075215e-01 2.34350688461032e+01
4.39874892189089e-01 2.49915584255569e+01
4.58999891302963e-01 2.65528624834333e+01
4.58999891302963e-01 2.65528624834333e+01
4.78124891133664e-01 2.81176665620422e+01
4.97249890964366e-01 2.96842418487368e+01
4.97249890964366e-01 2.96842418487368e+01
5.13984237428777e-01 3.10560204926769e+01
5.30718583893189e-01 3.24280731732045e+01
5.30718583893189e-01 3.24280731732045e+01
5.40281106391022e-01 3.32122290627105e+01
5.49843628888855e-01 3.39963882841336e+01
