0.00000000000000e+00 0.00000000000000e+00
1.91249948125719e-02 2.00886736828166e-02
3.82499896251437e-02 8.19969473177276e-02
3.82499896251437e-02 8.19969473177276e-02
5.73749842456598e-02 1.85586984947528e-01
7.64999788661760e-02 3.30618330755713e-01
7.64999788661760e-02 3.30618330755713e-01
9.56249738606859e-02 5.13922563210010e-01
1.14749968855196e-01 7.32181326652071e-01
1.14749968855196e-01 7.32181326652071e-01
1.33874963893254e-01 9.82415104799185e-01
1.52999958931311e-01 1.26149616473574e+00
1.52999958931311e-01 1.26149616473574e+00
1.72124954554332e-01 1.56672204844303e+00
1.91249950177352e-01 1.89522197879157e+00
1.91249950177352e-01 1.89522197879157e+00
2.10374946875603e-01 2.24459543570719e+00
2.29499943573854e-01 2.61232115561964e+00
2.29499943573854e-01 2.61232115561964e+00
2.48624940317970e-01 2.99630280703267e+00
2.67749937062086e-01 3.39432321480100e+00
2.67749937062086e-01 3.39432321480100e+00
2.86874934318765e-01 3.80458883775793e+00
3.05999931575445e-01 4.22518562672146e+00
3.05999931575445e-01 4.22518562672146e+00
3.25124929785323e-01 4.65462043672978e+00
3.44249927995201e-01 5.09127946818446e+00
3.44249927995201e-01 5.09127946818446e+00
3.63374926144485e-01 5.53396394540605e+00
3.82499924293769e-01 5.98135761217520e+00
3.82499924293769e-01 5.98135761217520e+00
4.01624922837169e-01 6.43254861003407e+00
4.20749921380569e-01 6.88651028527921e+00
4.20749921380569e-01 6.88651028527921e+00
4.39874920266856e-01 7.34260476790650e+00
4.58999919153142e-01 7.80008362900003e+00
4.58999919153142e-01 7.80008362900003e+00
4.78124918822157e-01 8.25856887688527e+00
4.97249918491172e-01 8.71756312708510e+00
4.97249918491172e-01 8.71756312708510e+00
5.13984264886542e-01 9.11947773497077e+00
5.30718611281913e-01 9.52147106932945e+00
5.30718611281913e-01 9.52147106932945e+00
5.40281133773689e-01 9.75121770309067e+00
5.49843656265465e-01 9.98096529395523e+00
