0.00000000000000e+00 0.00000000000000e+00
1.91211319640146e-02 5.99732357542414e-02
3.82181221019715e-02 2.44675756187140e-01
3.82181221019715e-02 2.44675756187140e-01
5.72667223993939e-02 5.53230209215605e-01
7.62432702927574e-02 9.84306982706924e-01
7.62432702927574e-02 9.84306982706924e-01
9.51325972113830e-02 1.52785305141470e+00
1.13924637176065e-01 2.17336903189643e+00
1.13924637176065e-01 2.17336903189643e+00
1.32613538542069e-01 2.91150025522208e+00
1.51197607588051e-01 3.73251670705755e+00
1.51197607588051e-01 3.73251670705755e+00
1.69677406440065e-01 4.62811504376463e+00
1.88056850874780e-01 5.58958640233478e+00
1.88056850874780e-01 5.58958640233478e+00
2.06340495631750e-01 6.60974892179696e+00
2.24535300018487e-01 7.68115102257566e+00
2.24535300018487e-01 7.68115102257566e+00
2.42647940769957e-01 8.79768646488867e+00
2.60686945200037e-01 9.95297036609745e+00
2.60686945200037e-01 9.95297036609745e+00
2.78659762731650e-01 1.11419027946899e+01
2.96575283017495e-01 1.23590942326700e+01
2.96575283017495e-01 1.23590942326700e+01
3.14440764427902e-01 1.36003818053167e+01
3.32264618665337e-01 1.48613012790588e+01
3.32264618665337e-01 1.48613012790588e+01
3.50053270126412e-01 1.61385593064427e+01
3.67814088398564e-01 1.74285606399254e+01
3.67814088398564e-01 1.74285606399254e+01
3.85552264833164e-01 1.87288246864341e+01
4.03273799985379e-01 2.00365696961225e+01
4.03273799985379e-01 2.00365696961225e+01
4.20982457887978e-01 2.13500701180483e+01
4.38682720397060e-01 2.26673065919135e+01
4.38682720397060e-01 2.26673065919135e+01
4.56376862455681e-01 2.39872587351043e+01
4.74067899106787e-01 2.53085863655283e+01
4.74067899106787e-01 2.53085863655283e+01
4.89545725216683e-01 2.64655440127555e+01
5.05023067993201e-01 2.76227154159709e+01
5.05023067993201e-01 2.76227154159709e+01
5.13867083685768e-01 2.82840542382853e+01
5.22711093327609e-01 2.89453957356885e+01
