0.00000000000000e+00 0.00000000000000e+00
1.91245743393048e-02 1.98503917106702e-02
3.82465020017529e-02 8.10243846865807e-02
3.82465020017529e-02 8.10243846865807e-02
5.73631110053580e-02 1.83359476444912e-01
7.64717784613800e-02 3.26584646852512e-01
7.64717784613800e-02 3.26584646852512e-01
9.55707996645629e-02 5.07541394665192e-01
1.14659019409763e-01 7.22921607936969e-01
1.14659019409763e-01 7.22921607936969e-01
1.33735745271834e-01 9.69761247941995e-01
1.52800740123479e-01 1.24495114026530e+00
1.52800740123479e-01 1.24495114026530e+00
1.71854025599604e-01 1.54581133572876e+00
1.90895996693287e-01 1.86949860283432e+00
1.90895996693287e-01 1.86949860283432e+00
2.09927133933383e-01 2.21364130009263e+00
2.28948189083694e-01 2.57575124814989e+00
2.28948189083694e-01 2.57575124814989e+00
2.47959896032332e-01 2.95376474996392e+00
2.66963201810205e-01 3.34550141764956e+00
2.66963201810205e-01 3.34550141764956e+00
2.85958942164082e-01 3.74920124855226e+00
3.04948119470080e-01 4.16298764601214e+00
3.04948119470080e-01 4.16298764601214e+00
3.23931558277414e-01 4.58539919696991e+00
3.42910216223487e-01 5.01485748889643e+00
3.42910216223487e-01 5.01485748889643e+00
3.61884827711669e-01 5.45019152357909e+00
3.80856237810870e-01 5.89011618507737e+00
3.80856237810870e-01 5.89011618507737e+00
3.99825042824050e-01 6.33374194432364e+00
4.18791932847005e-01 6.78006762346618e+00
4.18791932847005e-01 6.78006762346618e+00
4.37757341049014e-01 7.22847147733643e+00
4.56721783589851e-01 7.67822415626532e+00
4.56721783589851e-01 7.67822415626532e+00
4.75685522745826e-01 8.12895735589389e+00
4.94648905292228e-01 8.58018652579269e+00
4.94648905292228e-01 8.58018652579269e+00
5.11241629563647e-01 8.97529913109886e+00
5.27834298575497e-01 9.37048848352173e+00
5.27834298575497e-01 9.37048848352173e+00
5.37315837421897e-01 9.59634621317392e+00
5.46797375594180e-01 9.82220487882883e+00
