3.80000000000000e+01 2.24279813619614e+01 2.24279795125718e+01
3.82000000000000e+01 2.26762535799274e+01 2.26762252471112e+01
3.84000000000000e+01 2.29259412716020e+01 2.29255040991308e+01
3.86000000000000e+01 2.31794701559183e+01 2.31734051423884e+01
3.88000000000000e+01 2.34645010381669e+01 2.33961671713914e+01
3.89000000000000e+01 2.36721258429504e+01 2.34708562088500e+01
3.90000000000000e+01 2.40033779808394e+01 2.35168762634462e+01
3.91000000000000e+01 2.44761498281920e+01 2.35517544805255e+01
3.92000000000000e+01 2.49074203087787e+01 2.35760276697441e+01
3.94000000000000e+01 2.53208553873797e+01 2.37159304111155e+01
3.96000000000000e+01 2.55721625110933e+01 2.39173699494284e+01
3.98000000000000e+01 2.57999458399504e+01 2.41330583940258e+01
4.00000000000000e+01 2.60161078645321e+01 2.43583689735200e+01
4.02000000000000e+01 2.62228876399261e+01 2.45935434541333e+01
4.04000000000000e+01 2.64207268189497e+01 2.48400416734615e+01
4.06000000000000e+01 2.66089428135022e+01 2.51005231167309e+01
4.08000000000000e+01 2.67852500100504e+01 2.53796332760955e+01
4.10000000000000e+01 2.69403518814567e+01 2.56894251420224e+01
4.12000000000000e+01 2.69833463328607e+01 2.61227032389235e+01
4.14000000000000e+01 2.68755795262696e+01 2.67358734515671e+01
4.16000000000000e+01 2.70766667239225e+01 2.70691281606045e+01
4.18000000000000e+01 2.73411572069268e+01 2.73409505554439e+01
4.20000000000000e+01 2.76101623278485e+01 2.76101598312247e+01
4.92000000000000e+01 3.77628415649214e+01 3.77628415508012e+01
4.94000000000000e+01 3.80525344735480e+01 3.80525344593662e+01
