4.34000000000000e+01 2.16654378438326e+01 2.16654338494017e+01
4.36000000000000e+01 2.18757701181802e+01 2.18757246178125e+01
4.38000000000000e+01 2.20871047475852e+01 2.20865927117818e+01
4.40000000000000e+01 2.23014616000546e+01 2.22960198814173e+01
4.42000000000000e+01 2.25375348575729e+01 2.24873360572156e+01
4.44000000000000e+01 2.28531171109930e+01 2.26355111932491e+01
4.45000000000000e+01 2.30317922551341e+01 2.27109144330260e+01
4.46000000000000e+01 2.32443526194215e+01 2.27792325224256e+01
4.47000000000000e+01 2.35047806682053e+01 2.28368125747483e+01
4.48000000000000e+01 2.37920265645817e+01 2.28870666793716e+01
4.50000000000000e+01 2.42360140702389e+01 2.30091502788010e+01
4.52000000000000e+01 2.45126337675907e+01 2.31764076311338e+01
4.54000000000000e+01 2.47470111426755e+01 2.33594709911435e+01
4.56000000000000e+01 2.49680585287376e+01 2.35485766286184e+01
4.58000000000000e+01 2.51819790724108e+01 2.37416921620695e+01
4.60000000000000e+01 2.53910975561826e+01 2.39381420330498e+01
4.62000000000000e+01 2.55965808736801e+01 2.41375690610998e+01
4.64000000000000e+01 2.57991264876349e+01 2.43397996843758e+01
4.66000000000000e+01 2.59990923819616e+01 2.45447819514488e+01
4.68000000000000e+01 2.61965945788979e+01 2.47526162147661e+01
4.70000000000000e+01 2.63916047579836e+01 2.49635864025530e+01
4.72000000000000e+01 2.65838767183883e+01 2.51781548537927e+01
4.74000000000000e+01 2.67729905559851e+01 2.53970718984236e+01
4.76000000000000e+01 2.69582820475264e+01 2.56214463523385e+01
4.78000000000000e+01 2.71387905098462e+01 2.58529832926686e+01
4.80000000000000e+01 2.73130186194726e+01 2.60942400154640e+01
4.82000000000000e+01 2.74784800727996e+01 2.63493213468104e+01
4.84000000000000e+01 2.76278869083289e+01 2.66278172750733e+01
4.86000000000000e+01 2.76762829238081e+01 2.70241927360031e+01
4.88000000000000e+01 2.76270850171988e+01 2.75336514006714e+01
4.90000000000000e+01 2.78103028661905e+01 2.78039775703261e+01
