4.30000000000000e+01 2.18157636924793e+01 2.18155699406976e+01
4.32000000000000e+01 2.20428595125772e+01 2.20406725431553e+01
4.34000000000000e+01 2.22803695043900e+01 2.22583834681883e+01
4.36000000000000e+01 2.25996696353253e+01 2.24244466154218e+01
4.37000000000000e+01 2.28684318898132e+01 2.24785178485224e+01
4.38000000000000e+01 2.32371021471993e+01 2.25304702500091e+01
4.39000000000000e+01 2.36350504952600e+01 2.25790953504969e+01
4.40000000000000e+01 2.39299145545344e+01 2.26342631162644e+01
4.42000000000000e+01 2.42622950116724e+01 2.27977473382726e+01
4.44000000000000e+01 2.45069409206940e+01 2.29877708541046e+01
4.46000000000000e+01 2.47337358759950e+01 2.31856747585789e+01
4.48000000000000e+01 2.49511669672292e+01 2.33890904520416e+01
4.50000000000000e+01 2.51616702577525e+01 2.35977089718569e+01
4.52000000000000e+01 2.53663682049477e+01 2.38116476876989e+01
4.54000000000000e+01 2.55657375383747e+01 2.40313674795779e+01
4.56000000000000e+01 2.57598330946997e+01 2.42576548546245e+01
4.58000000000000e+01 2.59483219115450e+01 2.44917597650826e+01
4.60000000000000e+01 2.61303894458061e+01 2.47356184219683e+01
4.62000000000000e+01 2.63044781212782e+01 2.49922543049242e+01
4.64000000000000e+01 2.64669956374357e+01 2.52672502049751e+01
4.66000000000000e+01 2.65953052360913e+01 2.55838546717565e+01
4.68000000000000e+01 2.65250429199533e+01 2.61114436582777e+01
4.70000000000000e+01 2.65839754364919e+01 2.65446468248213e+01
4.72000000000000e+01 2.68147476269655e+01 2.68125812952954e+01
4.74000000000000e+01 2.70641351136463e+01 2.70640585751241e+01
