0.00000000000000e+00 0.00000000000000e+00
2.50000000000000e-02 -5.34683173385176e-01
5.00000000000000e-02 -1.06865560789710e+00
7.50000000000000e-02 -1.60186168400885e+00
1.00000000000000e-01 -2.13409332577512e+00
1.25000000000000e-01 -2.66529183576350e+00
1.50000000000000e-01 -3.19540626253572e+00
1.75000000000000e-01 -3.72422853858257e+00
2.00000000000000e-01 -4.25170687645388e+00
2.25000000000000e-01 -4.77779230915032e+00
2.50000000000000e-01 -5.30228582253078e+00
2.75000000000000e-01 -5.82513948518121e+00
3.00000000000000e-01 -6.34625852711217e+00
3.25000000000000e-01 -6.86555025121793e+00
3.50000000000000e-01 -7.38292412127029e+00
3.75000000000000e-01 -7.89834260013308e+00
4.00000000000000e-01 -8.41161934796319e+00
4.25000000000000e-01 -8.92272024600154e+00
4.50000000000000e-01 -9.43156415440960e+00
4.75000000000000e-01 -9.93807243834626e+00
5.00000000000000e-01 -1.04421690169525e+01
5.25000000000000e-01 -1.09437804057859e+01
5.50000000000000e-01 -1.14428357527777e+01
5.75000000000000e-01 -1.19392668677998e+01
6.00000000000000e-01 -1.24330082459567e+01
6.25000000000000e-01 -1.29240416072079e+01
6.50000000000000e-01 -1.34122176893213e+01
6.75000000000000e-01 -1.38975236889858e+01
7.00000000000000e-01 -1.43799049595110e+01
7.25000000000000e-01 -1.48593095675913e+01
7.50000000000000e-01 -1.53356882825325e+01
7.75000000000000e-01 -1.58089945605636e+01
8.00000000000000e-01 -1.62791845244746e+01
8.25000000000000e-01 -1.67462169388386e+01
8.50000000000000e-01 -1.72100531810766e+01
8.75000000000000e-01 -1.76706572086299e+01
9.00000000000000e-01 -1.81279955225042e+01
9.25000000000000e-01 -1.85820371274548e+01
9.50000000000000e-01 -1.90327534890744e+01
9.75000000000000e-01 -1.94801184880546e+01
1.00000000000000e+00 -1.99241083718727e+01
1.02500000000000e+00 -2.03647017041656e+01
1.05000000000000e+00 -2.08018793120392e+01
1.07500000000000e+00 -2.12356242315562e+01
1.10000000000000e+00 -2.16659216516401e+01
1.12500000000000e+00 -2.20927588566213e+01
1.15000000000000e+00 -2.25161251676480e+01
1.17500000000000e+00 -2.29360118831709e+01
1.20000000000000e+00 -2.33524122187017e+01
1.22500000000000e+00 -2.37653212460385e+01
1.25000000000000e+00 -2.41747358321400e+01
1.27500000000000e+00 -2.45806545778154e+01
1.30000000000000e+00 -2.49830777563966e+01
1.32500000000000e+00 -2.53819830567096e+01
1.35000000000000e+00 -2.57774231359077e+01
1.37500000000000e+00 -2.61693778726309e+01
1.40000000000000e+00 -2.65578536204772e+01
1.42500000000000e+00 -2.69428581037065e+01
1.45000000000000e+00 -2.73244003585898e+01
1.47500000000000e+00 -2.77024906755830e+01
1.50000000000000e+00 -2.80771405424104e+01
1.52500000000000e+00 -2.84483625881294e+01
1.55000000000000e+00 -2.88161705282466e+01
1.57500000000000e+00 -2.91805791109419e+01
1.60000000000000e+00 -2.95416040644521e+01
1.62500000000000e+00 -2.98992620456593e+01
1.65000000000000e+00 -3.02535705899214e+01
1.67500000000000e+00 -3.06045480621740e+01
1.70000000000000e+00 -3.09522136093330e+01
1.72500000000000e+00 -3.12965871140131e+01
1.75000000000000e+00 -3.16376891495807e+01
1.77500000000000e+00 -3.19755409365481e+01
1.80000000000000e+00 -3.23101643003157e+01
1.82500000000000e+00 -3.26415816302633e+01
1.85000000000000e+00 -3.29698158401875e+01
1.87500000000000e+00 -3.32948903300788e+01
1.90000000000000e+00 -3.36168289492303e+01
1.92500000000000e+00 -3.39356559606637e+01
1.95000000000000e+00 -3.42513960068609e+01
1.97500000000000e+00 -3.45640609403657e+01
2.00000000000000e+00 -3.48737026759106e+01
2.02500000000000e+00 -3.51803333063043e+01
2.05000000000000e+00 -3.54839786754748e+01
2.07500000000000e+00 -3.57846648543490e+01
2.10000000000000e+00 -3.60824181139789e+01
2.12500000000000e+00 -3.63772648998164e+01
2.15000000000000e+00 -3.66692318071100e+01
2.17500000000000e+00 -3.69583455573949e+01
2.20000000000000e+00 -3.72446329760478e+01
2.22500000000000e+00 -3.75281209708787e+01
2.25000000000000e+00 -3.78088365117294e+01
2.27500000000000e+00 -3.80868066110495e+01
2.30000000000000e+00 -3.83620583054212e+01
2.32500000000000e+00 -3.86346186380024e+01
2.35000000000000e+00 -3.89045146418607e+01
2.37500000000000e+00 -3.91717733241655e+01
2.40000000000000e+00 -3.94364216512145e+01
2.42500000000000e+00 -3.96984865342610e+01
2.45000000000000e+00 -3.99579948161169e+01
2.47500000000000e+00 -4.02149732585027e+01
2.50000000000000e+00 -4.04694485301171e+01
2.52500000000000e+00 -4.07214471953992e+01
2.55000000000000e+00 -4.09709957039573e+01
2.57500000000000e+00 -4.12181203806388e+01
2.60000000000000e+00 -4.14628474162150e+01
2.62500000000000e+00 -4.17052028586571e+01
2.65000000000000e+00 -4.19452126049795e+01
2.67500000000000e+00 -4.21829023936264e+01
2.70000000000000e+00 -4.24182977973788e+01
2.72500000000000e+00 -4.26514242167616e+01
2.75000000000000e+00 -4.28822956282173e+01
2.77500000000000e+00 -4.31109595940707e+01
2.80000000000000e+00 -4.33374296807685e+01
2.82500000000000e+00 -4.35617305434284e+01
2.85000000000000e+00 -4.37838866386772e+01
2.87500000000000e+00 -4.40039222206221e+01
2.90000000000000e+00 -4.42218613371845e+01
2.92500000000000e+00 -4.44377278267790e+01
2.95000000000000e+00 -4.46515453153198e+01
2.97500000000000e+00 -4.48633372135410e+01
3.00000000000000e+00 -4.50731267146132e+01
3.02500000000000e+00 -4.52809367920432e+01
3.05000000000000e+00 -4.54867901978419e+01
3.07500000000000e+00 -4.56907094609470e+01
3.10000000000000e+00 -4.58927168858876e+01
3.12500000000000e+00 -4.60928345516776e+01
3.15000000000000e+00 -4.62910843109265e+01
3.17500000000000e+00 -4.64874877891553e+01
3.20000000000000e+00 -4.66820663843065e+01
3.22500000000000e+00 -4.68748412664385e+01
3.25000000000000e+00 -4.70658333775927e+01
3.27500000000000e+00 -4.72550634318245e+01
3.30000000000000e+00 -4.74425519153883e+01
3.32500000000000e+00 -4.76283190870680e+01
3.35000000000000e+00 -4.78123849786441e+01
3.37500000000000e+00 -4.79947693954894e+01
3.40000000000000e+00 -4.81754919172848e+01
3.42500000000000e+00 -4.83545718988486e+01
3.45000000000000e+00 -4.85320284710721e+01
3.47500000000000e+00 -4.87078805419532e+01
3.50000000000000e+00 -4.88821467977240e+01
