0.00000000000000e+00 0.00000000000000e+00
2.50000000000000e-01 2.65343568353270e+02
5.00000000000000e-01 5.30687064805952e+02
7.50000000000000e-01 7.96030665462386e+02
1.00000000000000e+00 1.06137384930381e+03
1.25000000000000e+00 1.32671724155274e+03
1.50000000000000e+00 1.59206167583919e+03
1.75000000000000e+00 1.85740506808812e+03
2.00000000000000e+00 2.12274846033705e+03
2.25000000000000e+00 2.38809185258598e+03
2.50000000000000e+00 2.65343524483491e+03
2.75000000000000e+00 2.91877863708384e+03
3.00000000000000e+00 3.18412307137029e+03
3.25000000000000e+00 3.44946646361922e+03
