0.00000000000000e+00 0.00000000000000e+00
2.50000000000000e-01 -5.61990951727288e+00
5.00000000000000e-01 -1.12398190345458e+01
7.50000000000000e-01 -1.68597249144215e+01
1.00000000000000e+00 -2.24796307942972e+01
1.25000000000000e+00 -2.80995366741730e+01
1.50000000000000e+00 -3.37194607410344e+01
1.75000000000000e+00 -3.93393666209101e+01
2.00000000000000e+00 -4.49592725007859e+01
2.25000000000000e+00 -5.05791783806616e+01
2.50000000000000e+00 -5.61990842605374e+01
2.75000000000000e+00 -6.18190083273988e+01
3.00000000000000e+00 -6.74389142072745e+01
3.25000000000000e+00 -7.30588200871503e+01
