0.00000000000000e+00 0.00000000000000e+00
2.50000000000000e-02 -5.52265952100075e-01
5.00000000000000e-02 -1.10385454174439e+00
7.50000000000000e-02 -1.65456543768528e+00
1.00000000000000e-01 -2.20433215491258e+00
1.25000000000000e-01 -2.75309797600335e+00
1.50000000000000e-01 -3.30065846534372e+00
1.75000000000000e-01 -3.84695551351841e+00
2.00000000000000e-01 -4.39188564626087e+00
2.25000000000000e-01 -4.93539948463014e+00
2.50000000000000e-01 -5.47729463363977e+00
2.75000000000000e-01 -6.01752260991322e+00
3.00000000000000e-01 -6.55598716441668e+00
3.25000000000000e-01 -7.09259410383066e+00
3.50000000000000e-01 -7.62730208605239e+00
3.75000000000000e-01 -8.15992123455614e+00
4.00000000000000e-01 -8.69041322675904e+00
4.25000000000000e-01 -9.21869290454249e+00
4.50000000000000e-01 -9.74467754126185e+00
4.75000000000000e-01 -1.02682868978258e+01
5.00000000000000e-01 -1.07894432723980e+01
5.25000000000000e-01 -1.13080715437584e+01
5.50000000000000e-01 -1.18241450119149e+01
5.75000000000000e-01 -1.23375024103264e+01
6.00000000000000e-01 -1.28481220665035e+01
6.25000000000000e-01 -1.33559394944254e+01
6.50000000000000e-01 -1.38608929134124e+01
6.75000000000000e-01 -1.43629232553758e+01
7.00000000000000e-01 -1.48619741665874e+01
7.25000000000000e-01 -1.53579920041633e+01
7.50000000000000e-01 -1.58509258274747e+01
7.75000000000000e-01 -1.63407273847046e+01
8.00000000000000e-01 -1.68273510947878e+01
8.25000000000000e-01 -1.73107540249647e+01
8.50000000000000e-01 -1.77908958642011e+01
8.75000000000000e-01 -1.82677388927231e+01
9.00000000000000e-01 -1.87412479479141e+01
9.25000000000000e-01 -1.92113903868327e+01
9.50000000000000e-01 -1.96781360456042e+01
9.75000000000000e-01 -2.01414571959364e+01
1.00000000000000e+00 -2.06013284990096e+01
1.02500000000000e+00 -2.10577269569892e+01
1.05000000000000e+00 -2.15106318623984e+01
1.07500000000000e+00 -2.19600247455893e+01
1.10000000000000e+00 -2.24058893205417e+01
1.12500000000000e+00 -2.28482114292098e+01
1.15000000000000e+00 -2.32869789846329e+01
1.17500000000000e+00 -2.37221819130153e+01
1.20000000000000e+00 -2.41538120949748e+01
1.22500000000000e+00 -2.45818633061448e+01
1.25000000000000e+00 -2.50063311573128e+01
1.27500000000000e+00 -2.54272130342643e+01
1.30000000000000e+00 -2.58445080374896e+01
1.32500000000000e+00 -2.62582169219091e+01
1.35000000000000e+00 -2.66683420367531e+01
1.37500000000000e+00 -2.70748872657330e+01
1.40000000000000e+00 -2.74778579676201e+01
1.42500000000000e+00 -2.78772609173508e+01
1.45000000000000e+00 -2.82730827158208e+01
1.47500000000000e+00 -2.86653766233706e+01
1.50000000000000e+00 -2.90541309977853e+01
1.52500000000000e+00 -2.94393577031230e+01
1.55000000000000e+00 -2.98210697364566e+01
1.57500000000000e+00 -3.01992811739963e+01
1.60000000000000e+00 -3.05740071182871e+01
1.62500000000000e+00 -3.09452636465325e+01
1.65000000000000e+00 -3.13130677600835e+01
1.67500000000000e+00 -3.16774373351318e+01
1.70000000000000e+00 -3.20383910746342e+01
1.72500000000000e+00 -3.23959484614932e+01
1.75000000000000e+00 -3.27501297130138e+01
1.77500000000000e+00 -3.31009557366491e+01
1.80000000000000e+00 -3.34484480870450e+01
1.82500000000000e+00 -3.37926289243905e+01
1.85000000000000e+00 -3.41335209740713e+01
1.87500000000000e+00 -3.44711474876299e+01
1.90000000000000e+00 -3.48055322050219e+01
1.92500000000000e+00 -3.51366993181632e+01
1.95000000000000e+00 -3.54646734357557e+01
1.97500000000000e+00 -3.57894795493772e+01
2.00000000000000e+00 -3.61111430008217e+01
2.02500000000000e+00 -3.64296894506700e+01
2.05000000000000e+00 -3.67451448480719e+01
2.07500000000000e+00 -3.70575230682707e+01
2.10000000000000e+00 -3.73668755162876e+01
2.12500000000000e+00 -3.76732161878544e+01
2.15000000000000e+00 -3.79765719085155e+01
2.17500000000000e+00 -3.82769696586699e+01
2.20000000000000e+00 -3.85744365501326e+01
2.22500000000000e+00 -3.88689998037378e+01
2.25000000000000e+00 -3.91606867279536e+01
2.27500000000000e+00 -3.94495246984840e+01
2.30000000000000e+00 -3.97355411388270e+01
2.32500000000000e+00 -4.00187635017627e+01
2.35000000000000e+00 -4.02992192517434e+01
2.37500000000000e+00 -4.05769358481559e+01
2.40000000000000e+00 -4.08519407294309e+01
2.42500000000000e+00 -4.11242612979695e+01
2.45000000000000e+00 -4.13939249058604e+01
2.47500000000000e+00 -4.16609588413608e+01
2.50000000000000e+00 -4.19253903161143e+01
2.52500000000000e+00 -4.21872464530786e+01
2.55000000000000e+00 -4.24465542751391e+01
2.57500000000000e+00 -4.27033406943804e+01
2.60000000000000e+00 -4.29576325019939e+01
2.62500000000000e+00 -4.32094563587938e+01
2.65000000000000e+00 -4.34588387863209e+01
2.67500000000000e+00 -4.37058061585085e+01
2.70000000000000e+00 -4.39503846938894e+01
2.72500000000000e+00 -4.41926004483212e+01
2.75000000000000e+00 -4.44324793082079e+01
2.77500000000000e+00 -4.46700469841990e+01
2.80000000000000e+00 -4.49053290053426e+01
2.82500000000000e+00 -4.51383398212144e+01
2.85000000000000e+00 -4.53691264028063e+01
2.87500000000000e+00 -4.55977027714324e+01
2.90000000000000e+00 -4.58240936800079e+01
2.92500000000000e+00 -4.60483236767690e+01
2.95000000000000e+00 -4.62704171017706e+01
2.97500000000000e+00 -4.64903980837143e+01
3.00000000000000e+00 -4.67082905370916e+01
3.02500000000000e+00 -4.69241181596270e+01
3.05000000000000e+00 -4.71379044300065e+01
3.07500000000000e+00 -4.73496726058775e+01
3.10000000000000e+00 -4.75594457221068e+01
3.12500000000000e+00 -4.77672465892840e+01
3.15000000000000e+00 -4.79730977924568e+01
3.17500000000000e+00 -4.81770216900880e+01
3.20000000000000e+00 -4.83790404132203e+01
3.22500000000000e+00 -4.85791758648412e+01
3.25000000000000e+00 -4.87774497194332e+01
3.27500000000000e+00 -4.89738834227031e+01
3.30000000000000e+00 -4.91684981914780e+01
3.32500000000000e+00 -4.93613150137603e+01
3.35000000000000e+00 -4.95523546489311e+01
3.37500000000000e+00 -4.97416376280950e+01
3.40000000000000e+00 -4.99291842545572e+01
3.42500000000000e+00 -5.01150146044256e+01
3.45000000000000e+00 -5.02991485273292e+01
3.47500000000000e+00 -5.04816056472478e+01
3.50000000000000e+00 -5.06624053634433e+01
