0.00000000000000e+00 4.19063411138813e+00 -2.42580907849845e-09 2.84932409325568e+01 5.05078391044272e-09 4.18789275430193e+01 1.05395296744719e-08
1.00000000000000e+00 4.19229220221611e+00 -6.78910868811681e-02 2.84937791114895e+01 -1.14565699842745e-01 4.18779436829348e+01 -1.12485650317520e-01
2.00000000000000e+00 4.19612817399227e+00 -1.47653711135275e-01 2.84949848213347e+01 -2.31031762232599e-01 4.18749979301077e+01 -2.24920781570836e-01
3.00000000000000e+00 4.20057433594791e+00 -2.40626170083929e-01 2.84970717140583e+01 -3.48180727832984e-01 4.18702187578648e+01 -3.38185083321467e-01
4.00000000000000e+00 4.20476894988975e+00 -3.42952090526302e-01 2.84999110775356e+01 -4.68048166185698e-01 4.18634371950366e+01 -4.52891521646977e-01
5.00000000000000e+00 4.20852416106005e+00 -4.50858638589074e-01 2.85033952962289e+01 -5.90855809595381e-01 4.18546544733520e+01 -5.69000446488470e-01
6.00000000000000e+00 4.21191686159331e+00 -5.62187450196306e-01 2.85074610712031e+01 -7.16912754547994e-01 4.18438544887909e+01 -6.86863957140772e-01
7.00000000000000e+00 4.21506374805095e+00 -6.75983102361794e-01 2.85120478415070e+01 -8.46550524787755e-01 4.18310038995467e+01 -8.06810717161856e-01
8.00000000000000e+00 4.21805333066224e+00 -7.91924433016560e-01 2.85170917434969e+01 -9.80080594365391e-01 4.18160617528937e+01 -9.29134403683528e-01
9.00000000000000e+00 4.22093838199567e+00 -9.09975154541067e-01 2.85225254905479e+01 -1.11777060951801e+00 4.17989817302175e+01 -1.05409529643768e+00
1.00000000000000e+01 4.22374391325624e+00 -1.03020841865861e+00 2.85282800543166e+01 -1.25983338045965e+00 4.17797132126662e+01 -1.18192025378919e+00
1.10000000000000e+01 4.22647640182955e+00 -1.15272656335650e+00 2.85342866929882e+01 -1.40642457920638e+00 4.17582020763599e+01 -1.31280231980382e+00
1.20000000000000e+01 4.22913097827388e+00 -1.27762751102725e+00 2.85404787798613e+01 -1.55764584718431e+00 4.17343913891037e+01 -1.44690050531225e+00
1.30000000000000e+01 4.23169640503636e+00 -1.40499305387891e+00 2.85467932543137e+01 -1.71355101078786e+00 4.17082220488615e+01 -1.58433991113822e+00
1.40000000000000e+01 4.23415834969308e+00 -1.53488707761516e+00 2.85531716652501e+01 -1.87415387814150e+00 4.16796333717747e+01 -1.72521223244799e+00
1.50000000000000e+01 4.23650145966978e+00 -1.66735803238990e+00 2.85595608364596e+01 -2.03943661321449e+00 4.16485636283684e+01 -1.86957662646147e+00
1.60000000000000e+01 4.23871062138714e+00 -1.80244295124968e+00 2.85659132057226e+01 -2.20935803024689e+00 4.16149505237406e+01 -2.01746089881717e+00
1.70000000000000e+01 4.24077167771167e+00 -1.94017174869489e+00 2.85721868975868e+01 -2.38386139072712e+00 4.15787316184786e+01 -2.16886294927600e+00
1.80000000000000e+01 4.24267178652822e+00 -2.08057123108103e+00 2.85783455884705e+01 -2.56288145758545e+00 4.15398446878336e+01 -2.32375241061166e+00
1.90000000000000e+01 4.24439954465130e+00 -2.22366859542613e+00 2.85843582187230e+01 -2.74635068522761e+00 4.14982280187725e+01 -2.48207241399411e+00
2.00000000000000e+01 4.24594496309398e+00 -2.36949436425408e+00 2.85901985985907e+01 -2.93420451398840e+00 4.14538206461665e+01 -2.64374141543352e+00
2.10000000000000e+01 4.24729935460360e+00 -2.51808478684094e+00 2.85958449486400e+01 -3.12638579947565e+00 4.14065625305960e+01 -2.80865502465197e+00
2.20000000000000e+01 4.24845516645105e+00 -2.66948377228939e+00 2.86012794055169e+01 -3.32284844685077e+00 4.13563946816463e+01 -2.97668778247380e+00
2.30000000000000e+01 4.24940578689595e+00 -2.82374443428076e+00 2.86064875184076e+01 -3.52356034481222e+00 4.13032592312151e+01 -3.14769484145372e+00
2.40000000000000e+01 4.25014534582792e+00 -2.98093032827482e+00 2.86114577532558e+01 -3.72850570242858e+00 4.12470994621198e+01 -3.32151350982655e+00
2.50000000000000e+01 4.25066851208063e+00 -3.14111645379122e+00 2.86161810177832e+01 -3.93768689869560e+00 4.11878597974190e+01 -3.49796462799331e+00
2.60000000000000e+01 4.25097030019217e+00 -3.30439008876238e+00 2.86206502148460e+01 -4.15112594593139e+00 4.11254857559713e+01 -3.67685375082386e+00
2.70000000000000e+01 4.25104588696353e+00 -3.47085151535160e+00 2.86248598278870e+01 -4.36886566441951e+00 4.10599238799859e+01 -3.85797211608084e+00
2.80000000000000e+01 4.25089043958806e+00 -3.64061468407664e+00 2.86288055404065e+01 -4.59097065682301e+00 4.09911216395894e+01 -4.04109738261116e+00
2.90000000000000e+01 4.25049895203411e+00 -3.81380786249698e+00 2.86324838879546e+01 -4.81752815700244e+00 4.09190273198412e+01 -4.22599412621448e+00
3.00000000000000e+01 4.24986609538951e+00 -3.99057430265719e+00 2.86358919409544e+01 -5.04864882650851e+00 4.08435898946596e+01 -4.41241408305823e+00
3.10000000000000e+01 4.24898607184450e+00 -4.17107296119162e+00 2.86390270142132e+01 -5.28446755477481e+00 4.07647588925197e+01 -4.60009613210722e+00
3.20000000000000e+01 4.24785247700154e+00 -4.35547930035648e+00 2.86418863992654e+01 -5.52514431957080e+00 4.06824842578793e+01 -4.78876600896672e+00
3.30000000000000e+01 4.24645816391037e+00 -4.54398619860755e+00 2.86444671148462e+01 -5.77086515376588e+00 4.05967162125551e+01 -4.97813574213682e+00
3.40000000000000e+01 4.24479510770844e+00 -4.73680499447135e+00 2.86467656696150e+01 -6.02184326131985e+00 4.05074051208721e+01 -5.16790280364226e+00
3.50000000000000e+01 4.24285426919890e+00 -4.93416669284979e+00 2.86487778321938e+01 -6.27832032436061e+00 4.04145013625436e+01 -5.35774896101798e+00
3.60000000000000e+01 4.24062545265973e+00 -5.13632335770723e+00 2.86504984019799e+01 -6.54056803879727e+00 4.03179552171406e+01 -5.54733881780293e+00
3.70000000000000e+01 4.23809715381410e+00 -5.34354972707727e+00 2.86519209744452e+01 -6.80888991761124e+00 4.02177167645749e+01 -5.73631802508729e+00
3.80000000000000e+01 4.23525639900779e+00 -5.55614507733949e+00 2.86530376936726e+01 -7.08362340047152e+00 4.01137358061638e+01 -5.92431114261632e+00
3.90000000000000e+01 4.23208856712335e+00 -5.77443538175696e+00 2.86538389845107e+01 -7.36514231230681e+00 4.00059618116292e+01 -6.11091912306698e+00
4.00000000000000e+01 4.22857719317410e+00 -5.99877580347014e+00 2.86543132548880e+01 -7.65385971490978e+00 3.98943438985681e+01 -6.29571638862817e+00
4.10000000000000e+01 4.22470374602992e+00 -6.22955358116926e+00 2.86544465584500e+01 -7.95023120022890e+00 3.97788308517163e+01 -6.47824746280908e+00
4.20000000000000e+01 4.22044737967823e+00 -6.46719136936288e+00 2.86542222046302e+01 -8.25475867724897e+00 3.96593711915393e+01 -6.65802311456365e+00
4.30000000000000e+01 4.21578464637980e+00 -6.71215111143515e+00 2.86536203026528e+01 -8.56799471421955e+00 3.95359133037495e+01 -6.83451596305312e+00
4.40000000000000e+01 4.21068916798946e+00 -6.96493853927028e+00 2.86526172205675e+01 -8.89054749919589e+00 3.94084056440685e+01 -7.00715548954379e+00
4.50000000000000e+01 4.20513125371838e+00 -7.22610841776758e+00 2.86511849388622e+01 -9.22308648748424e+00 3.92767970365576e+01 -7.17532239046736e+00
4.60000000000000e+01 4.19907745829169e+00 -7.49627067482373e+00 2.86492902716406e+01 -9.56634881315497e+00 3.91410370884112e+01 -7.33834220722299e+00
4.70000000000000e+01 4.19249006020220e+00 -7.77609759458764e+00 2.86468939222936e+01 -9.92114654005580e+00 3.90010767502165e+01 -7.49547816014262e+00
4.80000000000000e+01 4.18532645129438e+00 -8.06633229844839e+00 2.86439493337752e+01 -1.02883748292351e+01 3.88568690582465e+01 -7.64592311867798e+00
4.90000000000000e+01 4.17753841249328e+00 -8.36779878913349e+00 2.86404012810867e+01 -1.06690210887821e+01 3.87083701053765e+01 -7.78879064725276e+00
5.00000000000000e+01 4.16907125195709e+00 -8.68141392042388e+00 2.86361841438512e+01 -1.10641751580268e+01 3.85555402987544e+01 -7.92310508376258e+00
5.10000000000000e+01 4.15986277611089e+00 -9.00820174352507e+00 2.86312197781441e+01 -1.14750405381770e+01 3.83983459780806e+01 -8.04779064637035e+00
5.20000000000000e+01 4.14984204931989e+00 -9.34931082609761e+00 2.86254148905249e+01 -1.19029466238613e+01 3.82367614864677e+01 -8.16165962131690e+00
5.30000000000000e+01 4.13892789435687e+00 -9.70603531513835e+00 2.86186577911079e+01 -1.23493617928383e+01 3.80707718081770e+01 -8.26339978975180e+00
5.40000000000000e+01 4.12702706337736e+00 -1.00798407765061e+01 2.86108143777021e+01 -1.28159070468970e+01 3.79003759136951e+01 -8.35156140458864e+00
5.50000000000000e+01 4.11403199660239e+00 -1.04723961811763e+01 2.86017231715206e+01 -1.33043696742470e+01 3.77255909812420e+01 -8.42454426972378e+00
5.60000000000000e+01 4.09981804988691e+00 -1.08856139140567e+01 2.85911891945035e+01 -1.38167160303838e+01 3.75464576935904e+01 -8.48058583277122e+00
5.70000000000000e+01 4.08424004303078e+00 -1.13217003951904e+01 2.85789764504565e+01 -1.43551020359428e+01 3.73630468341354e+01 -8.51775171796276e+00
5.80000000000000e+01 4.06712792242399e+00 -1.17832209400246e+01 2.85647987592091e+01 -1.49218792450972e+01 3.71754674174247e+01 -8.53393086401501e+00
5.90000000000000e+01 4.04828126617242e+00 -1.22731840592155e+01 2.85483087091468e+01 -1.55195933509570e+01 3.69838765704647e+01 -8.52683842988458e+00
6.00000000000000e+01 4.02746225249249e+00 -1.27951527892299e+01 2.85290845654722e+01 -1.61509706981030e+01 3.67884913040474e+01 -8.49403093480096e+00
6.10000000000000e+01 4.00438658129849e+00 -1.33533944135006e+01 2.85066151452419e+01 -1.68188867918938e+01 3.65896021374002e+01 -8.43293967492944e+00
6.20000000000000e+01 3.97871163350547e+00 -1.39530860007483e+01 2.84802829945081e+01 -1.75263091433684e+01 3.63875882077068e+01 -8.34093013485809e+00
6.30000000000000e+01 3.95002090235546e+00 -1.46006033349357e+01 2.84493467513860e+01 -1.82762054382012e+01 3.61829329418493e+01 -8.21539646620077e+00
6.40000000000000e+01 3.91780337737047e+00 -1.53039383910309e+01 2.84129243984151e+01 -1.90714078493553e+01 3.59762385384627e+01 -8.05390028341070e+00
6.50000000000000e+01 3.88142622776389e+00 -1.60733221981972e+01 2.83699801888645e+01 -1.99144267166892e+01 3.57682364168544e+01 -7.85436065656052e+00
6.60000000000000e+01 3.84009903007678e+00 -1.69221901542836e+01 2.83193192045726e+01 -2.08072135563919e+01 3.55597896019052e+01 -7.61529545174039e+00
6.70000000000000e+01 3.79282903821594e+00 -1.78687476809399e+01 2.82595943376960e+01 -2.17508860637653e+01 3.53518821602223e+01 -7.33610151133498e+00
6.80000000000000e+01 3.73837349783722e+00 -1.89386536925020e+01 2.81893302521748e+01 -2.27454463090951e+01 3.51455910166160e+01 -7.01734267237370e+00
6.90000000000000e+01 3.67522204162021e+00 -2.01699421527799e+01 2.81069667109445e+01 -2.37895437711408e+01 3.49420376175041e+01 -6.66099422846506e+00
7.00000000000000e+01 3.60175466427970e+00 -2.16228317166657e+01 2.80109191110566e+01 -2.48803483559698e+01 3.47423214107403e+01 -6.27057902327731e+00
7.10000000000000e+01 3.51723992863062e+00 -2.34012924887931e+01 2.78996479062012e+01 -2.60135933883495e+01 3.45474432166912e+01 -5.85113563133889e+00
7.20000000000000e+01 3.42719288983694e+00 -2.57044560051490e+01 2.77717231406859e+01 -2.71838175765107e+01 3.43582319461305e+01 -5.40899022113925e+00
7.30000000000000e+01 3.37460308729726e+00 -2.89156576560634e+01 2.76258686058085e+01 -2.83847841022852e+01 3.41752897282827e+01 -4.95135475568241e+00
7.40000000000000e+01 3.53864429738925e+00 -3.30376619143329e+01 2.74609738708133e+01 -2.96100049356566e+01 3.39989666227962e+01 -4.48582455471333e+00
7.50000000000000e+01 3.95506116421225e+00 -3.63739754428083e+01 2.72760703522651e+01 -3.08532733489127e+01 3.38293679725035e+01 -4.01987381930510e+00
7.60000000000000e+01 4.41573361196832e+00 -3.86751671781317e+01 2.70702758865912e+01 -3.21091186158873e+01 3.36663888478992e+01 -3.56043739033780e+00
7.70000000000000e+01 4.86726062118258e+00 -4.04264155638636e+01 2.68427172216024e+01 -3.33731351267339e+01 3.35097646431626e+01 -3.11362982139440e+00
7.80000000000000e+01 5.30953530768418e+00 -4.18652897169476e+01 2.65924399596444e+01 -3.46421832202544e+01 3.33591260973702e+01 -2.68460939207004e+00
7.90000000000000e+01 5.74845838816493e+00 -4.31011843215284e+01 2.63183117457150e+01 -3.59144937641723e+01 3.32140497238882e+01 -2.27756264547814e+00
8.00000000000000e+01 6.18982043053600e+00 -4.41902113054369e+01 2.60189188538621e+01 -3.71897270211748e+01 3.30740986458728e+01 -1.89577088134101e+00
8.10000000000000e+01 6.63884459075715e+00 -4.51633580430439e+01 2.56924501155633e+01 -3.84690434016023e+01 3.29388523860338e+01 -1.54172063645416e+00
8.20000000000000e+01 7.10048424637949e+00 -4.60379878028516e+01 2.53365553475286e+01 -3.97552488754717e+01 3.28079264587198e+01 -1.21722865149564e+00
8.30000000000000e+01 7.57981130186597e+00 -4.68229092875119e+01 2.49481564795909e+01 -4.10530933191741e+01 3.26809836863160e+01 -9.23562180504073e-01
8.40000000000000e+01 8.08244241241743e+00 -4.75205154830797e+01 2.45231748655101e+01 -4.23698426711351e+01 3.25577393690440e+01 -6.61544398928104e-01
8.50000000000000e+01 8.61506962143648e+00 -4.81271869429577e+01 2.40561103109268e+01 -4.37163495826303e+01 3.24379621939748e+01 -4.31640965932075e-01
8.60000000000000e+01 9.18623027166577e+00 -4.86320987698155e+01 2.35393493483721e+01 -4.51090984968516e+01 3.23214723502296e+01 -2.34027665203696e-01
8.70000000000000e+01 9.80757913013560e+00 -4.90135909246895e+01 2.29619499011755e+01 -4.65743547617995e+01 3.22081379026364e+01 -6.86410895994403e-02
8.80000000000000e+01 1.04962433408661e+01 -4.92301938884155e+01 2.23073286131868e+01 -4.81574709625415e+01 3.20978701292367e+01 6.47847819666731e-02
8.90000000000000e+01 1.12797141787044e+01 -4.91965773374815e+01 2.15484014016843e+01 -4.99471595985068e+01 3.19906182693228e+01 1.66693071496903e-01
9.00000000000000e+01 1.22072960153925e+01 -4.87040406347682e+01 2.06361598194521e+01 -5.21551557006639e+01 3.18863639552700e+01 2.37686636812152e-01
9.10000000000000e+01 1.33752617510472e+01 -4.70438789484795e+01 1.94745359714244e+01 -5.54929597293652e+01 3.17851154933571e+01 2.78516229055500e-01
9.20000000000000e+01 1.47177055381861e+01 -4.10821230456865e+01 1.81295665030581e+01 -6.30971768975477e+01 3.16869021012466e+01 2.90071886290109e-01
9.30000000000000e+01 1.52084205192705e+01 -3.22445688735769e+01 1.76275288491909e+01 -7.35445452983512e+01 3.15917681877203e+01 2.73375628361478e-01
9.40000000000000e+01 1.52854151739484e+01 -2.56187124334986e+01 1.75304367459191e+01 -8.17500425809325e+01 3.14997677601712e+01 2.29573882757007e-01
9.50000000000000e+01 1.52685035307167e+01 -2.03411622631134e+01 1.75184601394209e+01 -8.85795022048513e+01 3.14109590572482e+01 1.59928435423760e-01
9.60000000000000e+01 1.52154610010461e+01 -1.58485890901378e+01 1.75337779632621e+01 -9.45986820074616e+01 3.13253995190713e+01 6.58050854491941e-02
9.70000000000000e+01 1.51426317558903e+01 -1.18710641706165e+01 1.75599779869426e+01 -1.00079935334940e+02 3.12431412164879e+01 -5.13404253290872e-02
9.80000000000000e+01 1.50561800676324e+01 -8.26017652360058e+00 1.75908113670856e+01 -1.05174096025219e+02 3.11642268627200e+01 -1.89979255693063e-01
9.90000000000000e+01 1.49588255021266e+01 -4.92535599920826e+00 1.76234620299513e+01 -1.09974151762582e+02 3.10886865180190e+01 -3.48528767949786e-01
1.00000000000000e+02 1.48518714105202e+01 -1.80713276591665e+00 1.76565214374959e+01 -1.14541976672430e+02 3.10165350732204e+01 -5.25373673746094e-01
1.01000000000000e+02 1.47359585629445e+01 1.13566299697559e+00 1.76892369062538e+01 -1.18921120848906e+02 3.09477705602129e+01 -7.18888188168652e-01
1.02000000000000e+02 1.46113875858835e+01 3.93268215325781e+00 1.77211898421134e+01 -1.23143579235462e+02 3.08823732967193e+01 -9.27458225755645e-01
1.03000000000000e+02 1.44782710972305e+01 6.60594078569046e+00 1.77521430558733e+01 -1.27233663607102e+02 3.08203058236209e+01 -1.14950266880946e+00
1.04000000000000e+02 1.43366102986069e+01 9.17218569546433e+00 1.77819624751872e+01 -1.31210357087363e+02 3.07615135550690e+01 -1.38349281410701e+00
1.05000000000000e+02 1.41863348511966e+01 1.16444071199154e+01 1.78105745196920e+01 -1.35088818123857e+02 3.07059260267148e+01 -1.62796926893219e+00
1.06000000000000e+02 1.40273234967450e+01 1.40328447420922e+01 1.78379417731782e+01 -1.38881380777506e+02 3.06534586070373e+01 -1.88155579380369e+00
1.07000000000000e+02 1.38594138949584e+01 1.63456779661154e+01 1.78640485647309e+01 -1.42598242846572e+02 3.06040145271715e+01 -2.14296981768390e+00
1.08000000000000e+02 1.36824060232691e+01 1.85895112936597e+01 1.78888921665440e+01 -1.46247952996343e+02 3.05574870904030e+01 -2.41102958895494e+00
1.09000000000000e+02 1.34960614683432e+01 2.07697219011767e+01 1.79124772903429e+01 -1.49837764162035e+02 3.05137619332039e+01 -2.68465811710869e+00
1.10000000000000e+02 1.33000998587451e+01 2.28907115964569e+01 1.79348125847840e+01 -1.53373895476194e+02 3.04727192323762e+01 -2.96288422130747e+00
1.11000000000000e+02 1.30941930699484e+01 2.49560904070484e+01 1.79559083776000e+01 -1.56861730036252e+02 3.04342357750924e+01 -3.24484109257390e+00
1.12000000000000e+02 1.28779574456631e+01 2.69688098649135e+01 1.79757752052483e+01 -1.60305966739696e+02 3.03981868332234e+01 -3.52976283951718e+00
1.13000000000000e+02 1.26509439744970e+01 2.89312580536592e+01 1.79944228568418e+01 -1.63710738540058e+02 3.03644478069590e+01 -3.81697948063327e+00
1.14000000000000e+02 1.24126261263177e+01 3.08453244394699e+01 1.80118597485295e+01 -1.67079705809864e+02 3.03328956210134e+01 -4.10591084044483e+00
1.15000000000000e+02 1.21623847761315e+01 3.27124395402188e+01 1.80280925211980e+01 -1.70416130887687e+02 3.03034098736579e+01 -4.39605974133295e+00
1.16000000000000e+02 1.18994893352907e+01 3.45335921673081e+01 1.80431257858289e+01 -1.73722938276643e+02 3.02758737493382e+01 -4.68700484267116e+00
1.17000000000000e+02 1.16230737927386e+01 3.63093248109707e+01 1.80569619648093e+01 -1.77002763702062e+02 3.02501747141844e+01 -4.97839339727951e+00
1.18000000000000e+02 1.13321057536044e+01 3.80397055412595e+01 1.80696012001716e+01 -1.80257994476834e+02 3.02262050191135e+01 -5.26993414437406e+00
1.19000000000000e+02 1.10253456661286e+01 3.97242719899557e+01 1.80810413044174e+01 -1.83490802962209e+02 3.02038620354281e+01 -5.56139049879837e+00
1.20000000000000e+02 1.07012919945409e+01 4.13619390663570e+01 1.80912777369207e+01 -1.86703174524922e+02 3.01830484489575e+01 -5.85257414751740e+00
