0.00000000000000e+00 4.19063411138813e+00 -2.42580907849845e-09 2.84932409325568e+01 5.05078391044272e-09 4.18789275430193e+01 1.05395296744719e-08
1.00000000000000e+00 4.19219656021430e+00 -6.38549083239642e-02 2.84938309831438e+01 -1.26717112953396e-01 4.18779697716901e+01 -6.48825137540918e-02
2.00000000000000e+00 4.19581163443560e+00 -1.38887317075788e-01 2.84951486407101e+01 -2.55550677723517e-01 4.18751024507470e+01 -1.29699600778058e-01
3.00000000000000e+00 4.20000287224199e+00 -2.26349635063051e-01 2.84974307663300e+01 -3.85167489454214e-01 4.18704516923031e+01 -1.95305908189934e-01
4.00000000000000e+00 4.20395981345106e+00 -3.22603297990197e-01 2.85005349137972e+01 -5.17834880907379e-01 4.18638508602171e+01 -2.62286940490809e-01
5.00000000000000e+00 4.20750685584382e+00 -4.24095131634790e-01 2.85043423111070e+01 -6.53812091832013e-01 4.18553009812081e+01 -3.30589511733862e-01
6.00000000000000e+00 4.21071713836408e+00 -5.28795925543587e-01 2.85087833551496e+01 -7.93455917744001e-01 4.18447857264856e+01 -4.00545245892504e-01
7.00000000000000e+00 4.21370074915371e+00 -6.35809081015259e-01 2.85137915692884e+01 -9.37148840163370e-01 4.18322716760929e+01 -4.72461961252969e-01
8.00000000000000e+00 4.21654098394919e+00 -7.44833778930897e-01 2.85192968957623e+01 -1.08525215979152e+00 4.18177178149619e+01 -5.46612232789193e-01
9.00000000000000e+00 4.21928743814014e+00 -8.55836042337065e-01 2.85252255403697e+01 -1.23807980237531e+00 4.18010777606549e+01 -6.23234867951329e-01
1.00000000000000e+01 4.22196361264752e+00 -9.68883949933497e-01 2.85315018099997e+01 -1.39588623721498e+00 4.17823008275330e+01 -7.02534807748795e-01
1.10000000000000e+01 4.22457564295584e+00 -1.08407245267769e+00 2.85380503346741e+01 -1.55886401243026e+00 4.17613328227632e+01 -7.84682672263997e-01
1.20000000000000e+01 4.22711907631775e+00 -1.20149202063858e+00 2.85447980687482e+01 -1.72714725747871e+00 4.17381167437241e+01 -8.69814479362080e-01
1.30000000000000e+01 4.22958355744846e+00 -1.32121781526534e+00 2.85516758747197e+01 -1.90081860598318e+00 4.17125934171499e+01 -9.58031700820441e-01
1.40000000000000e+01 4.23195590382345e+00 -1.44330815685732e+00 2.85586196578852e+01 -2.07991785321623e+00 4.16847020878780e+01 -1.04940169198761e+00
1.50000000000000e+01 4.23422205021608e+00 -1.56780694966365e+00 2.85655710848707e+01 -2.26445124112131e+00 4.16543809558894e+01 -1.14395847632376e+00
1.60000000000000e+01 4.23636822715678e+00 -1.69474753113601e+00 2.85724779434200e+01 -2.45440065062844e+00 4.16215676578697e+01 -1.24170383952438e+00
1.70000000000000e+01 4.23838162527221e+00 -1.82415676133717e+00 2.85792942102084e+01 -2.64973224534027e+00 4.15861996899340e+01 -1.34260867238138e+00
1.80000000000000e+01 4.24025072618601e+00 -1.95605882226301e+00 2.85859798905050e+01 -2.85040429978745e+00 4.15482147694557e+01 -1.44661449594409e+00
1.90000000000000e+01 4.24196541246272e+00 -2.09047852167450e+00 2.85925006903739e+01 -3.05637408412976e+00 4.15075511358456e+01 -1.55363510053153e+00
2.00000000000000e+01 4.24351693855540e+00 -2.22744405515520e+00 2.85988275726107e+01 -3.26760377336356e+00 4.14641477915876e+01 -1.66355823312085e+00
2.10000000000000e+01 4.24489782161342e+00 -2.36698925780211e+00 2.86049362399032e+01 -3.48406541716021e+00 4.14179446865986e+01 -1.77624727296074e+00
2.20000000000000e+01 4.24610168020871e+00 -2.50915541022439e+00 2.86108065795437e+01 -3.70574505103513e+00 4.13688828498990e+01 -1.89154284063979e+00
2.30000000000000e+01 4.24712305357192e+00 -2.65399267680981e+00 2.86164220961386e+01 -3.93264605146757e+00 4.13169044735211e+01 -2.00926429404654e+00
2.40000000000000e+01 4.24795721148479e+00 -2.80156125113005e+00 2.86217693516646e+01 -4.16479185548075e+00 4.12619529544702e+01 -2.12921107129960e+00
2.50000000000000e+01 4.24859996795660e+00 -2.95193228229746e+00 2.86268374249805e+01 -4.40222815815012e+00 4.12039729004141e+01 -2.25116384726816e+00
2.60000000000000e+01 4.24904750081069e+00 -3.10518864393960e+00 2.86316173998877e+01 -4.64502470796704e+00 4.11429101053905e+01 -2.37488547711928e+00
2.70000000000000e+01 4.24929618443672e+00 -3.26142560202252e+00 2.86361018842392e+01 -4.89327680204778e+00 4.10787115016423e+01 -2.50012170516130e+00
2.80000000000000e+01 4.24934243289491e+00 -3.42075142823723e+00 2.86402845620415e+01 -5.14710658048068e+00 4.10113250935916e+01 -2.62660162206465e+00
2.90000000000000e+01 4.24918255289219e+00 -3.58328800123639e+00 2.86441597756862e+01 -5.40666420397090e+00 4.09406998800323e+01 -2.75403785644668e+00
3.00000000000000e+01 4.24881261084782e+00 -3.74917142801671e+00 2.86477221354237e+01 -5.67212899239557e+00 4.08667857701328e+01 -2.88212649004594e+00
3.10000000000000e+01 4.24822830520116e+00 -3.91855271931223e+00 2.86509661509792e+01 -5.94371058855025e+00 4.07895334991190e+01 -3.01054668675539e+00
3.20000000000000e+01 4.24742484608558e+00 -4.09159854379715e+00 2.86538858791376e+01 -6.22165020716312e+00 4.07088945492080e+01 -3.13896002634123e+00
3.30000000000000e+01 4.24639683920987e+00 -4.26849208719826e+00 2.86564745806980e+01 -6.50622202006264e+00 4.06248210814950e+01 -3.26700953450811e+00
3.40000000000000e+01 4.24513817297012e+00 -4.44943404247630e+00 2.86587243790312e+01 -6.79773472377157e+00 4.05372658846839e+01 -3.39431840024669e+00
3.50000000000000e+01 4.24364190304941e+00 -4.63464375435609e+00 2.86606259119576e+01 -7.09653333136279e+00 4.04461823469235e+01 -3.52048836888300e+00
3.60000000000000e+01 4.24190013635231e+00 -4.82436054367800e+00 2.86621679674524e+01 -7.40300122686683e+00 4.03515244576598e+01 -3.64509780006917e+00
3.70000000000000e+01 4.23990390688579e+00 -5.01884524179008e+00 2.86633370936337e+01 -7.71756252072552e+00 4.02532468468637e+01 -3.76769937762372e+00
3.80000000000000e+01 4.23764304661980e+00 -5.21838196557935e+00 2.86641171707766e+01 -8.04068473781291e+00 4.01513048705974e+01 -3.88781745509063e+00
3.90000000000000e+01 4.23510604106708e+00 -5.42328016998379e+00 2.86644889328125e+01 -8.37288187277093e+00 4.00456547529854e+01 -4.00494502260186e+00
4.00000000000000e+01 4.23227987346446e+00 -5.63387702034128e+00 2.86644294236053e+01 -8.71471784562733e+00 3.99362537963604e+01 -4.11854027817371e+00
4.10000000000000e+01 4.22914984889584e+00 -5.85054013566987e+00 2.86639113700218e+01 -9.06681038151314e+00 3.98230606742075e+01 -4.22802278935393e+00
4.20000000000000e+01 4.22569939753343e+00 -6.07367076312381e+00 2.86629024524733e+01 -9.42983534236022e+00 3.97060358236772e+01 -4.33276923141444e+00
4.30000000000000e+01 4.22190984785293e+00 -6.30370745666648e+00 2.86613644482781e+01 -9.80453152736602e+00 3.95851419584976e+01 -4.43210869843325e+00
4.40000000000000e+01 4.21776016977759e+00 -6.54113034786284e+00 2.86592522198971e+01 -1.01917059464445e+01 3.94603447269621e+01 -4.52531759020878e+00
4.50000000000000e+01 4.21322667561178e+00 -6.78646611828360e+00 2.86565125149159e+01 -1.05922395560855e+01 3.93316135449166e+01 -4.61161409694845e+00
4.60000000000000e+01 4.20828267503542e+00 -7.04029380544635e+00 2.86530825376830e+01 -1.10070934236727e+01 3.91989226394570e+01 -4.69015232874810e+00
4.70000000000000e+01 4.20289807113600e+00 -7.30325160972123e+00 2.86488882464310e+01 -1.14373152439586e+01 3.90622523454789e+01 -4.76001617366367e+00
4.80000000000000e+01 4.19703888769617e+00 -7.57604490633270e+00 2.86438423214654e+01 -1.18840460804305e+01 3.89215907054092e+01 -4.82021302350173e+00
4.90000000000000e+01 4.19066671010629e+00 -7.85945572106026e+00 2.86378417415389e+01 -1.23485271342353e+01 3.87769354293461e+01 -4.86966758190708e+00
5.00000000000000e+01 4.18373802690832e+00 -8.15435400122891e+00 2.86307648978383e+01 -1.28321062272499e+01 3.86282962811590e+01 -4.90721607608081e+00
5.10000000000000e+01 4.17620344378150e+00 -8.46171110026878e+00 2.86224681675117e+01 -1.33362435547842e+01 3.84756979621704e+01 -4.93160133573686e+00
5.20000000000000e+01 4.16800674264303e+00 -8.78261601481810e+00 2.86127818654237e+01 -1.38625160710507e+01 3.83191835669014e+01 -4.94146939728731e+00
5.30000000000000e+01 4.15908375451833e+00 -9.11829508489771e+00 2.86015054943762e+01 -1.44126196209780e+01 3.81588186822856e+01 -4.93536853497917e+00
5.40000000000000e+01 4.14936099182929e+00 -9.47013608352469e+00 2.85884022277418e+01 -1.49883676330241e+01 3.79946961876569e+01 -4.91175193797445e+00
5.50000000000000e+01 4.13875398858703e+00 -9.83971793553010e+00 2.85731925878991e+01 -1.55916848089900e+01 3.78269417812953e+01 -4.86898562193887e+00
5.60000000000000e+01 4.12716526871921e+00 -1.02288477449958e+01 2.85555473397851e+01 -1.62245938306405e+01 3.76557202018747e+01 -4.80536358958621e+00
5.70000000000000e+01 4.11448184534892e+00 -1.06396074184920e+01 2.85350797107366e+01 -1.68891927040876e+01 3.74812420189824e+01 -4.71913267590254e+00
5.80000000000000e+01 4.10057212422421e+00 -1.10744130927580e+01 2.85113371892989e+01 -1.75876199968916e+01 3.73037707233626e+01 -4.60852985489165e+00
5.90000000000000e+01 4.08528204205947e+00 -1.15360918809239e+01 2.84837933517117e+01 -1.83220051746176e+01 3.71236296479920e+01 -4.47183488975518e+00
6.00000000000000e+01 4.06843022763177e+00 -1.20279824954010e+01 2.84518404190549e+01 -1.90944015714058e+01 3.69412079920723e+01 -4.30744084842395e+00
6.10000000000000e+01 4.04980190423202e+00 -1.25540693952209e+01 2.84147835417965e+01 -1.99067007085110e+01 3.67569649239165e+01 -4.11394388758173e+00
6.20000000000000e+01 4.02914118515935e+00 -1.31191650741487e+01 2.83718380845329e+01 -2.07605288628351e+01 3.65714304532602e+01 -3.89025150792012e+00
6.30000000000000e+01 4.00614134421007e+00 -1.37291631974241e+01 2.83221313574871e+01 -2.16571303260388e+01 3.63852015859961e+01 -3.63570500629934e+00
6.40000000000000e+01 3.98043263519743e+00 -1.43913989996535e+01 2.82647101660651e+01 -2.25972464641331e+01 3.61989323368152e+01 -3.35020719161602e+00
6.50000000000000e+01 3.95156741941638e+00 -1.51151774243690e+01 2.81985550859740e+01 -2.35810048832453e+01 3.60133166300818e+01 -3.03434131619625e+00
6.60000000000000e+01 3.91900315765167e+00 -1.59125736509607e+01 2.81226014141772e+01 -2.46078372288983e+01 3.58290640594166e+01 -2.68946299290169e+00
6.70000000000000e+01 3.88208645864735e+00 -1.67996957093004e+01 2.80357653556223e+01 -2.56764455015509e+01 3.56468698482536e+01 -2.31774562635992e+00
6.80000000000000e+01 3.84004954825710e+00 -1.77987722321863e+01 2.79369724529118e+01 -2.67848333769281e+01 3.54673818813404e+01 -1.92216338540372e+00
6.90000000000000e+01 3.79205657297415e+00 -1.89418042458690e+01 2.78251840265618e+01 -2.79304103898985e+01 3.52911688837138e+01 -1.50640455820750e+00
7.00000000000000e+01 3.73742596909828e+00 -2.02773886114665e+01 2.76994169833596e+01 -2.91101644668592e+01 3.51186941905477e+01 -1.07472071328488e+00
7.10000000000000e+01 3.67649272811862e+00 -2.18844154303463e+01 2.75587530417850e+01 -3.03208859196686e+01 3.49502988027024e+01 -6.31729806896716e-01
7.20000000000000e+01 3.61405318599043e+00 -2.39008592493668e+01 2.74023350751960e+01 -3.15594178168551e+01 3.47861956934413e+01 -1.82200011827195e-01
7.30000000000000e+01 3.57455330881139e+00 -2.65719353192217e+01 2.72293503193332e+01 -3.28229065719026e+01 3.46264751812308e+01 2.69157210550498e-01
7.40000000000000e+01 3.65675947294022e+00 -3.01019833318626e+01 2.70390019338184e+01 -3.41090326941120e+01 3.44711192974856e+01 7.17861434390706e-01
7.50000000000000e+01 3.98254116669192e+00 -3.35998136395813e+01 2.68304713099781e+01 -3.54162126322349e+01 3.43200219737226e+01 1.15979114700297e+00
7.60000000000000e+01 4.42679469312027e+00 -3.61333181997970e+01 2.66028734326974e+01 -3.67437751174714e+01 3.41730116800101e+01 1.59126166304070e+00
7.70000000000000e+01 4.88471917786328e+00 -3.79741393570806e+01 2.63552066744630e+01 -3.80921270958059e+01 3.40298736750085e+01 2.00905780440381e+00
7.80000000000000e+01 5.33884136986645e+00 -3.94096644500680e+01 2.60862969475562e+01 -3.94629345692143e+01 3.38903699142552e+01 2.41043089883726e+00
7.90000000000000e+01 5.79120516764844e+00 -4.05813918972650e+01 2.57947343945652e+01 -4.08593541289859e+01 3.37542555858544e+01 2.79307118890610e+00
8.00000000000000e+01 6.24673571196924e+00 -4.15591264216626e+01 2.54787988686518e+01 -4.22863651587128e+01 3.36212919874461e+01 3.15506593900746e+00
8.10000000000000e+01 6.71053324446825e+00 -4.23779336409925e+01 2.51363682679270e+01 -4.37512769149649e+01 3.34912559570275e+01 3.49485150173581e+00
8.20000000000000e+01 7.18762381810378e+00 -4.30533888520772e+01 2.47648012152385e+01 -4.52645298197922e+01 3.33639463347012e+01 3.81116525146509e+00
8.30000000000000e+01 7.68317298478340e+00 -4.35876610215039e+01 2.43607827115380e+01 -4.68409977663971e+01 3.32391880228447e+01 4.10300114719641e+00
8.40000000000000e+01 8.20280267640704e+00 -4.39710313713863e+01 2.39201195326144e+01 -4.85021732857461e+01 3.31168341935853e+01 4.36957099163743e+00
8.50000000000000e+01 8.75295042986312e+00 -4.41800812347247e+01 2.34374773018126e+01 -5.02799812639459e+01 3.29967671160148e+01 4.61027223717290e+00
8.60000000000000e+01 9.34123533403518e+00 -4.41718691368327e+01 2.29060874256161e+01 -5.22237535674813e+01 3.28788979797518e+01 4.82466239201796e+00
8.70000000000000e+01 9.97664392154163e+00 -4.38712261383861e+01 2.23176148724919e+01 -5.44136324671453e+01 3.27631659977519e+01 5.01243959786821e+00
8.80000000000000e+01 1.06686727097822e+01 -4.31445243997701e+01 2.16630552324941e+01 -5.69872458794644e+01 3.26495369861658e+01 5.17342867884172e+00
8.90000000000000e+01 1.14218307068617e+01 -4.17494298679046e+01 2.09382618195772e+01 -6.01902482326088e+01 3.25380015563331e+01 5.30757184272975e+00
9.00000000000000e+01 1.22130773782689e+01 -3.92810936756781e+01 2.01665302442645e+01 -6.44303304029042e+01 3.24285730013544e+01 5.41492315604078e+00
9.10000000000000e+01 1.29409786413668e+01 -3.53757285535309e+01 1.94494599332688e+01 -7.00737860037399e+01 3.23212849279935e+01 5.49564591982857e+00
9.20000000000000e+01 1.34602431785237e+01 -3.04636460282979e+01 1.89324317196623e+01 -7.66925782510285e+01 3.22161886623122e+01 5.55001207700796e+00
9.30000000000000e+01 1.37582920664047e+01 -2.55119419382619e+01 1.86280494923332e+01 -8.33217321481592e+01 3.21133504498391e+01 5.57840281880710e+00
9.40000000000000e+01 1.39134641551356e+01 -2.09637099213346e+01 1.84579441541473e+01 -8.95201799981546e+01 3.20128484694857e+01 5.58130958719536e+00
9.50000000000000e+01 1.39856323172730e+01 -1.68488283286691e+01 1.83621652354090e+01 -9.52600196530614e+01 3.19147696891834e+01 5.55933471755018e+00
9.60000000000000e+01 1.40068337364307e+01 -1.30971138898896e+01 1.83085573044168e+01 -1.00613395314173e+02 3.18192066041431e+01 5.51319104150140e+00
9.70000000000000e+01 1.39938235889863e+01 -9.63622846977968e+00 1.82802120152569e+01 -1.05654616610642e+02 3.17262539124190e+01 5.44369985168093e+00
9.80000000000000e+01 1.39557876992462e+01 -6.40854115742000e+00 1.82677603114137e+01 -1.10443315144609e+02 3.16360052015532e+01 5.35178676161544e+00
9.90000000000000e+01 1.38980295721473e+01 -3.37040746797882e+00 1.82656894166895e+01 -1.15025177792408e+02 3.15485497314250e+01 5.23847514112611e+00
1.00000000000000e+02 1.38237393004422e+01 -4.88917436963528e-01 1.82705770934436e+01 -1.19435205876498e+02 3.14639694093651e+01 5.10487698503231e+00
1.01000000000000e+02 1.37348869405150e+01 2.26095469491302e+00 1.82802005179031e+01 -1.23700568382697e+02 3.13823360564987e+01 4.95218126748162e+00
1.02000000000000e+02 1.36326999746220e+01 4.89845407604010e+00 1.82930600689995e+01 -1.27842704989231e+02 3.13037090577354e+01 4.78164002801987e+00
1.03000000000000e+02 1.35179317848158e+01 7.43853878603333e+00 1.83081110100082e+01 -1.31878816559590e+02 3.12281334750270e+01 4.59455261037971e+00
1.04000000000000e+02 1.33910189850497e+01 9.89293806071858e+00 1.83246051065628e+01 -1.35822918918837e+02 3.11556386833444e+01 4.39224862295442e+00
1.05000000000000e+02 1.32521763993554e+01 1.22709096491689e+01 1.83419932840496e+01 -1.39686595529452e+02 3.10862375592407e+01 4.17607028274501e+00
1.06000000000000e+02 1.31014552143924e+01 1.45797890506644e+01 1.83598636747933e+01 -1.43479543044994e+02 3.10199262254391e+01 3.94735484656680e+00
1.07000000000000e+02 1.29387782533669e+01 1.68253926617254e+01 1.83779009720368e+01 -1.47209973055266e+02 3.09566843236587e+01 3.70741780761706e+00
1.08000000000000e+02 1.27639602431286e+01 1.90123160712943e+01 1.83958590468063e+01 -1.50884912601114e+02 3.08964757618083e+01 3.45753746994758e+00
1.09000000000000e+02 1.25767176107954e+01 2.11441549882761e+01 1.84135420642466e+01 -1.54510432333952e+02 3.08392498615988e+01 3.19894138801686e+00
1.10000000000000e+02 1.23766703945174e+01 2.32236671008184e+01 1.84307911882872e+01 -1.58091822173025e+02 3.07849428190772e+01 2.93279501926808e+00
1.11000000000000e+02 1.21633376275275e+01 2.52528869028221e+01 1.84474750467442e+01 -1.61633728300091e+02 3.07334793843796e+01 2.66019278588457e+00
1.12000000000000e+02 1.19361266895920e+01 2.72332009854670e+01 1.84634827783647e+01 -1.65140261269837e+02 3.06847746691577e+01 2.38215159178435e+00
1.13000000000000e+02 1.16943164010957e+01 2.91653877257662e+01 1.84787188827565e+01 -1.68615082280463e+02 3.06387359963433e+01 2.09960670885611e+00
1.14000000000000e+02 1.14370329023701e+01 3.10496220436043e+01 1.84930993521494e+01 -1.72061472708368e+02 3.05952647197913e+01 1.81340985507272e+00
1.15000000000000e+02 1.11632164905620e+01 3.28854423337011e+01 1.85065487301486e+01 -1.75482390674763e+02 3.05542579541615e+01 1.52432919470178e+00
1.16000000000000e+02 1.08715763680235e+01 3.46716721119043e+01 1.85189978396255e+01 -1.78880517479212e+02 3.05156101715295e+01 1.23305097301095e+00
1.17000000000000e+02 1.05605284283866e+01 3.64062820748268e+01 1.85303820132402e+01 -1.82258295998989e+02 3.04792146352649e+01 9.40182456584275e-01
1.18000000000000e+02 1.02281082615715e+01 3.80861672073813e+01 1.85406396929320e+01 -1.85617962698470e+02 3.04449646539796e+01 6.46255873878987e-01
1.19000000000000e+02 9.87184656067239e+00 3.97067941321562e+01 1.85497113084142e+01 -1.88961574487233e+02 3.04127546514312e+01 3.51733067588408e-01
1.20000000000000e+02 9.48858521889038e+00 4.12616376502388e+01 1.85575383689709e+01 -1.92291031407335e+02 3.03824810548316e+01 5.70105962966050e-02
