2.15000000000000e-03 0.00000000000000e+00
4.03999945698960e-02 3.30771073194819e-01
7.86499884542700e-02 1.28399809627364e+00
1.16899982609620e-01 2.77459198370632e+00
1.55149972415920e-01 4.71619456210292e+00
1.93399961906570e-01 7.02860067906421e+00
2.31649951520000e-01 9.63909694719660e+00
2.69899941531040e-01 1.24828376691059e+01
3.08149932097950e-01 1.55030467129380e+01
3.46399923294390e-01 1.86510993538149e+01
3.84649915131020e-01 2.18865822908868e+01
4.22899907570190e-01 2.51772263554855e+01
4.61149900537060e-01 2.84987337347604e+01
4.99399893936400e-01 3.18344269628552e+01
5.32868588450200e-01 3.47570391855047e+01
5.51993585472000e-01 3.64274410710383e+01
