0.00000000000000e+00 0.00000000000000e+00
1.91208569593795e-02 6.19874046584170e-02
3.82161678731209e-02 2.52077301439795e-01
3.82161678731209e-02 2.52077301439795e-01
5.72600988141566e-02 5.69824022194031e-01
7.62269763491902e-02 1.01461412955563e+00
7.62269763491902e-02 1.01461412955563e+00
9.51001004424465e-02 1.57636815156713e+00
1.13867848446631e-01 2.24476791621995e+00
1.13867848446631e-01 2.24476791621995e+00
1.32523365644560e-01 3.01026308483575e+00
1.51063989985543e-01 3.86309716594609e+00
1.51063989985543e-01 3.86309716594609e+00
1.69489840449201e-01 4.79469952973976e+00
1.87804534157700e-01 5.79617273297215e+00
1.87804534157700e-01 5.79617273297215e+00
2.06012745959593e-01 6.86000206990718e+00
2.24121633550753e-01 7.97849387641364e+00
2.24121633550753e-01 7.97849387641364e+00
2.42138347530680e-01 9.14522236024830e+00
2.60072034548571e-01 1.03535108828170e+01
2.60072034548571e-01 1.03535108828170e+01
2.77930878420059e-01 1.15979466362124e+01
2.95724607650730e-01 1.28728530254244e+01
2.95724607650730e-01 1.28728530254244e+01
3.13461276477638e-01 1.41738032278314e+01
3.31150253159703e-01 1.54960502371016e+01
3.31150253159703e-01 1.54960502371016e+01
3.48798771178072e-01 1.68360636841554e+01
3.66415113184001e-01 1.81900038832102e+01
3.66415113184001e-01 1.81900038832102e+01
3.84005148356008e-01 1.95552107782941e+01
4.01575707319766e-01 2.09286851492541e+01
4.01575707319766e-01 2.09286851492541e+01
4.19131115383584e-01 2.23085522386396e+01
4.36676509853627e-01 2.36926239229737e+01
4.36676509853627e-01 2.36926239229737e+01
4.54214520446434e-01 2.50797871058842e+01
4.71748673006543e-01 2.64685618963306e+01
4.71748673006543e-01 2.64685618963306e+01
4.87088766409511e-01 2.76846825043948e+01
5.02428175949310e-01 2.89010882788548e+01
5.02428175949310e-01 2.89010882788548e+01
5.11193289131576e-01 2.95963048747333e+01
5.19958385346457e-01 3.02915285433364e+01
