2.15000000000000e-03 0.00000000000000e+00
4.03999984684570e-02 9.65373928935677e-02
7.86499967211230e-02 3.74294712333247e-01
1.16899995032037e-01 8.07910461424778e-01
1.55149992074763e-01 1.37185214923466e+00
1.93399989023350e-01 2.04256399192754e+00
2.31649986008490e-01 2.79882432340849e+00
2.69899983111870e-01 3.62181998009442e+00
3.08149980380280e-01 4.49516266920117e+00
3.46399977835180e-01 5.40489024183249e+00
3.84649975479300e-01 6.33944486859728e+00
4.22899973301050e-01 7.28963120954251e+00
4.61149971277900e-01 8.24855094100482e+00
4.99399969381340e-01 9.21147908410806e+00
5.32868667806070e-01 1.00551369752098e+01
5.51993666951130e-01 1.05373230700924e+01
