0.00000000000000e+00 0.00000000000000e+00
1.91207018374363e-02 6.28060280657120e-02
3.82143569523751e-02 2.58078781595121e-01
3.82143569523751e-02 2.58078781595121e-01
5.72534281494959e-02 5.85205582944058e-01
7.62111956399070e-02 1.04257851244930e+00
7.62111956399070e-02 1.04257851244930e+00
9.50704006819236e-02 1.61955166684422e+00
1.13819930036769e-01 2.30461748085763e+00
1.13819930036769e-01 2.30461748085763e+00
1.32453338869842e-01 3.08769705780178e+00
1.50969295859763e-01 3.95804559825779e+00
1.50969295859763e-01 3.95804559825779e+00
1.69368945185443e-01 4.90659167795563e+00
1.87657470006383e-01 5.92372128910059e+00
1.87657470006383e-01 5.92372128910059e+00
2.05840572522345e-01 7.00161835029416e+00
2.23926975494129e-01 8.13202818733936e+00
2.23926975494129e-01 8.13202818733936e+00
2.41924739264187e-01 9.30833251254867e+00
2.59844232647412e-01 1.05235018377482e+01
2.59844232647412e-01 1.05235018377482e+01
2.77694196423532e-01 1.17720733005076e+01
2.95485153300845e-01 1.30481831404189e+01
2.95485153300845e-01 1.30481831404189e+01
3.13225338062171e-01 1.43474655830230e+01
3.30924402125624e-01 1.56651563314983e+01
3.30924402125624e-01 1.56651563314983e+01
3.48589318593094e-01 1.69979160290971e+01
3.66228214934275e-01 1.83420193985243e+01
3.66228214934275e-01 1.83420193985243e+01
3.83846395156497e-01 1.96950776068030e+01
4.01450135635560e-01 2.10543340436026e+01
4.01450135635560e-01 2.10543340436026e+01
4.19042964930475e-01 2.24182532249296e+01
4.36629234875135e-01 2.37849656509597e+01
4.36629234875135e-01 2.37849656509597e+01
4.54210823906677e-01 2.51536678223518e+01
4.71790339204838e-01 2.65232501482652e+01
4.71790339204838e-01 2.65232501482652e+01
4.87171187049145e-01 2.77221424735309e+01
5.02551782270335e-01 2.89211419188133e+01
5.02551782270335e-01 2.89211419188133e+01
5.11340617405934e-01 2.96063347577397e+01
5.20129450215824e-01 3.02915285827005e+01
