0.00000000000000e+00 0.00000000000000e+00
1.91245595223237e-02 2.01475245101331e-02
3.82463959169178e-02 8.22027297177840e-02
3.82463959169178e-02 8.22027297177840e-02
5.73627582788879e-02 1.86016010291477e-01
7.64709371818336e-02 3.31356453624014e-01
7.64709371818336e-02 3.31356453624014e-01
9.55691674299068e-02 5.15036942820555e-01
1.14656242355505e-01 7.33733247662145e-01
1.14656242355505e-01 7.33733247662145e-01
1.33731436369332e-01 9.84447720810257e-01
1.52794485358063e-01 1.26405162767440e+00
1.52794485358063e-01 1.26405162767440e+00
1.71845398381767e-01 1.56983380348692e+00
1.90884566236614e-01 1.89892366484434e+00
1.90884566236614e-01 1.89892366484434e+00
2.09912474902685e-01 2.24891660309057e+00
2.28929886349569e-01 2.61729763194352e+00
2.28929886349569e-01 2.61729763194352e+00
2.47937548539849e-01 3.00197657012615e+00
2.66936432744084e-01 3.40074045779011e+00
2.66936432744084e-01 3.40074045779011e+00
2.85927399287087e-01 3.81179940679956e+00
3.04911479873687e-01 4.23324754727294e+00
3.04911479873687e-01 4.23324754727294e+00
3.23889523956682e-01 4.66360037097310e+00
3.42862524423480e-01 5.10124695549119e+00
3.42862524423480e-01 5.10124695549119e+00
3.61831244666203e-01 5.54499021021473e+00
3.80796562987915e-01 5.99351712756686e+00
3.80796562987915e-01 5.99351712756686e+00
3.99759099587731e-01 6.44591893102926e+00
4.18719577964585e-01 6.90116506630994e+00
4.18719577964585e-01 6.90116506630994e+00
4.37678455183664e-01 7.35861212273405e+00
4.56636274847408e-01 7.81750654334037e+00
4.56636274847408e-01 7.81750654334037e+00
4.75593315127041e-01 8.27746557419674e+00
4.94549948256380e-01 8.73797928280253e+00
4.94549948256380e-01 8.73797928280253e+00
5.11136735057630e-01 9.14125333591687e+00
5.27723449740513e-01 9.54462548585206e+00
5.27723449740513e-01 9.54462548585206e+00
5.37201579286915e-01 9.77516773683237e+00
5.46679707046236e-01 1.00057124178592e+01
