2.15000000000000e-03 0.00000000000000e+00
4.04000002686518e-02 7.31899409790121e-02
7.86500003023224e-02 3.21960024248926e-01
1.16899998390769e-01 7.23627968708957e-01
1.55149995270615e-01 1.25324954147699e+00
1.93399992150349e-01 1.88770180897653e+00
2.31649989161760e-01 2.60614048506524e+00
2.69899986378020e-01 3.39009777701784e+00
3.08149983834460e-01 4.22348365861509e+00
3.46399981539770e-01 5.09258696136296e+00
3.84649979483760e-01 5.98606446230119e+00
4.22899977642620e-01 6.89488632304632e+00
4.61149975982860e-01 7.81228334753325e+00
4.99399974466670e-01 8.73361785441699e+00
5.32868673225610e-01 9.54086176281709e+00
5.51993672558540e-01 1.00022364900014e+01
