0.00000000000000e+00 0.00000000000000e+00
1.91243885486918e-02 2.36872406798532e-02
3.82449891595247e-02 9.68506362125334e-02
3.82449891595247e-02 9.68506362125334e-02
5.73585552145649e-02 2.16430326865004e-01
7.64624907226149e-02 3.79136445400820e-01
7.64624907226149e-02 3.79136445400820e-01
9.55550049186028e-02 5.81503130640799e-01
1.14634962375161e-01 8.19844168409310e-01
1.14634962375161e-01 8.19844168409310e-01
1.33701723211926e-01 1.09094136514615e+00
1.52755187508257e-01 1.39137244079765e+00
1.52755187508257e-01 1.39137244079765e+00
1.71795500652021e-01 1.71826142170944e+00
1.90823275221795e-01 2.06846722152709e+00
1.90823275221795e-01 2.06846722152709e+00
2.09839163532801e-01 2.43943946895995e+00
2.28844133862417e-01 2.82847726304114e+00
2.28844133862417e-01 2.82847726304114e+00
2.47839090422159e-01 3.23338265312635e+00
2.66825184242878e-01 3.65181070585446e+00
2.66825184242878e-01 3.65181070585446e+00
2.85803395047613e-01 4.08191363744763e+00
3.04774895311773e-01 4.52169940533390e+00
3.04774895311773e-01 4.52169940533390e+00
3.23740612172612e-01 4.96966553430924e+00
3.42701627125482e-01 5.42416726887207e+00
3.42701627125482e-01 5.42416726887207e+00
3.61658729656247e-01 5.88403723920912e+00
3.80612837830533e-01 6.34797152569916e+00
3.80612837830533e-01 6.34797152569916e+00
3.99564557574975e-01 6.81512313179878e+00
4.18514603303373e-01 7.28451544941540e+00
4.18514603303373e-01 7.28451544941540e+00
4.37463382197624e-01 7.75559673396872e+00
4.56411394248325e-01 8.22769709813137e+00
4.56411394248325e-01 8.22769709813137e+00
4.75358859197009e-01 8.70052398046587e+00
4.94306079452941e-01 9.17367506220669e+00
4.94306079452941e-01 9.17367506220669e+00
5.10884727275134e-01 9.58786918428409e+00
5.27463345011038e-01 1.00021031341489e+01
5.27463345011038e-01 1.00021031341489e+01
5.36936865960066e-01 1.02388268503316e+01
5.46410386631089e-01 1.04755509344867e+01
