0.00000000000000e+00 0.00000000000000e+00
1.91244176507064e-02 2.31685660022316e-02
3.82452423048540e-02 9.44567754898775e-02
3.82452423048540e-02 9.44567754898775e-02
5.73593812827356e-02 2.10999716680606e-01
7.64643157146161e-02 3.69802210747961e-01
7.64643157146161e-02 3.69802210747961e-01
9.55582798879541e-02 5.67600892013406e-01
1.14640093951661e-01 8.00981429557620e-01
1.14640093951661e-01 8.00981429557620e-01
1.33709060046487e-01 1.06690059238383e+00
1.52764963986628e-01 1.36217118674297e+00
1.52764963986628e-01 1.36217118674297e+00
1.71807846125424e-01 1.68407192216777e+00
1.90838181380139e-01 2.02964463585167e+00
1.90838181380139e-01 2.02964463585167e+00
2.09856514980066e-01 2.39644632851773e+00
2.28863678871267e-01 2.78192251381024e+00
2.28863678871267e-01 2.78192251381024e+00
2.47860483130886e-01 3.18394984953284e+00
2.66847970361103e-01 3.60028079759262e+00
2.66847970361103e-01 3.60028079759262e+00
2.85827061177422e-01 4.02909730633816e+00
3.04798855055619e-01 4.46846391442955e+00
3.04798855055619e-01 4.46846391442955e+00
3.23764255860481e-01 4.91687287188109e+00
3.42724317696049e-01 5.37268836815184e+00
3.42724317696049e-01 5.37268836815184e+00
3.61679850410910e-01 5.83469464973818e+00
3.80631784420258e-01 6.30155848519878e+00
3.80631784420258e-01 6.30155848519878e+00
3.99580776513455e-01 6.77235695645793e+00
4.18527592199773e-01 7.24604368815784e+00
4.18527592199773e-01 7.24604368815784e+00
4.37472715051606e-01 7.72196525471230e+00
4.56416719862121e-01 8.19935654720077e+00
4.56416719862121e-01 8.19935654720077e+00
4.75359900793264e-01 8.67782881515101e+00
4.94302651369022e-01 9.15686428190520e+00
4.94302651369022e-01 9.15686428190520e+00
5.10877277404490e-01 9.57634976299170e+00
5.27451827242634e-01 9.99593481041777e+00
5.27451827242634e-01 9.99593481041777e+00
5.36923003651421e-01 1.02357422341173e+01
5.46394178178234e-01 1.04755521162080e+01
