0.00000000000000e+00 0.00000000000000e+00
1.91194939505958e-02 7.14972532860087e-02
3.82050638236061e-02 2.90543903910787e-01
3.82050638236061e-02 2.90543903910787e-01
5.72274877822585e-02 6.48285913767138e-01
7.61626935754763e-02 1.13560556959513e+00
7.61626935754763e-02 1.13560556959513e+00
9.49938732656145e-02 1.74210060904913e+00
1.13709579598756e-01 2.45710942521788e+00
1.13709579598756e-01 2.45710942521788e+00
1.32303202407476e-01 3.27087117718975e+00
1.50772538975385e-01 4.17339955763884e+00
1.50772538975385e-01 4.17339955763884e+00
1.69118033989905e-01 5.15604187075082e+00
1.87344129366753e-01 6.20960585467757e+00
1.87344129366753e-01 6.20960585467757e+00
2.05456111858530e-01 7.32643362842141e+00
2.23461852399045e-01 8.49869627414244e+00
2.23461852399045e-01 8.49869627414244e+00
2.41369146984661e-01 9.71985698004845e+00
2.59187874458346e-01 1.09831324773417e+01
2.59187874458346e-01 1.09831324773417e+01
2.76926844019831e-01 1.22830253633689e+01
2.94596480337630e-01 1.36137764681853e+01
2.94596480337630e-01 1.36137764681853e+01
3.12205399933794e-01 1.49708957173101e+01
3.29763599001769e-01 1.63495725102192e+01
3.29763599001769e-01 1.63495725102192e+01
3.47278789275845e-01 1.77462297690506e+01
3.64759787155920e-01 1.91569796109991e+01
3.64759787155920e-01 1.91569796109991e+01
3.82212837527894e-01 2.05791287287426e+01
3.99645200899773e-01 2.20096420366544e+01
3.99645200899773e-01 2.20096420366544e+01
4.17061474376383e-01 2.34466221873635e+01
4.34467114398128e-01 2.48878556563838e+01
4.34467114398128e-01 2.48878556563838e+01
4.51864914644835e-01 2.63322160818332e+01
4.69258618849678e-01 2.77782065743819e+01
4.69258618849678e-01 2.77782065743819e+01
4.84475681179488e-01 2.90444013940939e+01
4.99692017748253e-01 3.03108845374013e+01
4.99692017748253e-01 3.03108845374013e+01
5.08386785087205e-01 3.10347181956613e+01
5.17081534476047e-01 3.17585589824219e+01
