0.00000000000000e+00 0.00000000000000e+00
1.00000000000000e+00 3.90416440743391e-03
2.00000000000000e+00 1.56683772867409e-02
3.00000000000000e+00 3.53742898397776e-02
4.00000000000000e+00 6.31077284757655e-02
5.00000000000000e+00 9.89597844327584e-02
6.00000000000000e+00 1.43027245955973e-01
7.00000000000000e+00 1.95413120465300e-01
8.00000000000000e+00 2.56229707992062e-01
9.00000000000000e+00 3.25589531142942e-01
1.00000000000000e+01 4.03619163164527e-01
1.10000000000000e+01 4.90451383212343e-01
1.20000000000000e+01 5.86227516573688e-01
1.30000000000000e+01 6.91104960407911e-01
1.40000000000000e+01 8.05231231011775e-01
1.50000000000000e+01 9.28782070057965e-01
1.60000000000000e+01 1.06194840668424e+00
1.70000000000000e+01 1.20490259635712e+00
1.80000000000000e+01 1.35785639569978e+00
1.90000000000000e+01 1.52103963903553e+00
2.00000000000000e+01 1.69465196877770e+00
2.10000000000000e+01 1.87896469167310e+00
2.20000000000000e+01 2.07421693339708e+00
2.30000000000000e+01 2.28065715834834e+00
2.40000000000000e+01 2.49860687160961e+00
2.50000000000000e+01 2.72834517582312e+00
2.60000000000000e+01 2.97016132447316e+00
2.70000000000000e+01 3.22443367385406e+00
2.80000000000000e+01 3.49148579944751e+00
2.90000000000000e+01 3.77168248435272e+00
3.00000000000000e+01 4.06540672394409e+00
3.10000000000000e+01 4.37306034162178e+00
3.20000000000000e+01 4.69506460846789e+00
3.30000000000000e+01 5.03186085244214e+00
3.40000000000000e+01 5.38391105785735e+00
3.50000000000000e+01 5.75169844463207e+00
3.60000000000000e+01 6.13572802541394e+00
3.70000000000000e+01 6.53652712173501e+00
3.80000000000000e+01 6.95464583269980e+00
3.90000000000000e+01 7.39065744603263e+00
4.00000000000000e+01 7.84520723278126e+00
4.10000000000000e+01 8.31882199450025e+00
4.20000000000000e+01 8.81219183068091e+00
4.30000000000000e+01 9.32598510569260e+00
4.40000000000000e+01 9.86095219632888e+00
4.50000000000000e+01 1.04176963248382e+01
4.60000000000000e+01 1.09970725234601e+01
4.70000000000000e+01 1.15997207184805e+01
4.80000000000000e+01 1.22265477049713e+01
4.90000000000000e+01 1.28782917199822e+01
5.00000000000000e+01 1.35557006326215e+01
5.10000000000000e+01 1.42597458582644e+01
5.20000000000000e+01 1.49912024369981e+01
5.30000000000000e+01 1.57509221311319e+01
5.40000000000000e+01 1.65397597920888e+01
5.50000000000000e+01 1.73585678676951e+01
5.60000000000000e+01 1.82081898743309e+01
5.70000000000000e+01 1.90894526880025e+01
5.80000000000000e+01 2.00031574897899e+01
5.90000000000000e+01 2.09501715000640e+01
6.00000000000000e+01 2.19310136093384e+01
6.10000000000000e+01 2.29465441527460e+01
6.20000000000000e+01 2.39972379075369e+01
6.30000000000000e+01 2.50834586314505e+01
6.40000000000000e+01 2.62057935118480e+01
6.50000000000000e+01 2.73643458713445e+01
6.60000000000000e+01 2.85591599198041e+01
6.70000000000000e+01 2.97902138129584e+01
6.80000000000000e+01 3.10568442772306e+01
