0.00000000000000e+00 0.00000000000000e+00
2.50000000000000e-01 1.85667725121415e+02
5.00000000000000e-01 3.63984789263895e+02
7.50000000000000e-01 5.30823405426769e+02
1.00000000000000e+00 6.83474762739828e+02
1.25000000000000e+00 8.20658881509013e+02
1.50000000000000e+00 9.42225674704054e+02
1.75000000000000e+00 1.04885318583038e+03
2.00000000000000e+00 1.14169496871590e+03
2.25000000000000e+00 1.22211994004373e+03
2.50000000000000e+00 1.29156557456479e+03
2.75000000000000e+00 1.35141156290157e+03
3.00000000000000e+00 1.40292617088095e+03
3.25000000000000e+00 1.44725451691249e+03
