0.00000000000000e+00 0.00000000000000e+00
2.50000000000000e-02 1.03464547208386e-01
5.00000000000000e-02 2.06800705295009e-01
7.50000000000000e-02 3.09978395153560e-01
1.00000000000000e-01 4.12971868240238e-01
1.25000000000000e-01 5.15758808034220e-01
1.50000000000000e-01 6.18305520274763e-01
1.75000000000000e-01 7.20589523385660e-01
2.00000000000000e-01 8.22585361079268e-01
2.25000000000000e-01 9.24273669131362e-01
2.50000000000000e-01 1.02561897952908e+00
2.75000000000000e-01 1.12660226436405e+00
3.00000000000000e-01 1.22719985105761e+00
3.25000000000000e-01 1.32738858018276e+00
3.50000000000000e-01 1.42715224131681e+00
3.75000000000000e-01 1.52645624823201e+00
4.00000000000000e-01 1.62528520142006e+00
4.25000000000000e-01 1.72361821415606e+00
4.50000000000000e-01 1.82143501482269e+00
4.75000000000000e-01 1.91871596222099e+00
5.00000000000000e-01 2.01544205917238e+00
5.25000000000000e-01 2.11159496441536e+00
5.50000000000000e-01 2.20716343850132e+00
5.75000000000000e-01 2.30211768630864e+00
6.00000000000000e-01 2.39644772926516e+00
6.25000000000000e-01 2.49013793588968e+00
6.50000000000000e-01 2.58317336531323e+00
6.75000000000000e-01 2.67553976945447e+00
7.00000000000000e-01 2.76722359371673e+00
7.25000000000000e-01 2.85821197625580e+00
7.50000000000000e-01 2.94849274588007e+00
7.75000000000000e-01 3.03805441863647e+00
8.00000000000000e-01 3.12688619314884e+00
8.25000000000000e-01 3.21497794477389e+00
8.50000000000000e-01 3.30232021863549e+00
8.75000000000000e-01 3.38890422161345e+00
9.00000000000000e-01 3.47472181334563e+00
9.25000000000000e-01 3.55976549632167e+00
9.50000000000000e-01 3.64402840512925e+00
9.75000000000000e-01 3.72750429492736e+00
1.00000000000000e+00 3.81018752921140e+00
1.02500000000000e+00 3.89207306693696e+00
1.05000000000000e+00 3.97315644907127e+00
1.07500000000000e+00 4.05343378463200e+00
1.10000000000000e+00 4.13290173627909e+00
1.12500000000000e+00 4.21155750551944e+00
1.15000000000000e+00 4.28939881758235e+00
1.17500000000000e+00 4.36642390602255e+00
1.20000000000000e+00 4.44263149710397e+00
1.22500000000000e+00 4.51802079401648e+00
1.25000000000000e+00 4.59259146097407e+00
1.27500000000000e+00 4.66634360724044e+00
1.30000000000000e+00 4.73927777112570e+00
1.32500000000000e+00 4.81139490399605e+00
1.35000000000000e+00 4.88269635433307e+00
1.37500000000000e+00 4.95318385188060e+00
1.40000000000000e+00 5.02285949190981e+00
1.42500000000000e+00 5.09172571963532e+00
1.45000000000000e+00 5.15978239163039e+00
1.47500000000000e+00 5.22703858668742e+00
1.50000000000000e+00 5.29349464849935e+00
1.52500000000000e+00 5.35915427004987e+00
1.55000000000000e+00 5.42402141952163e+00
1.57500000000000e+00 5.48810032611928e+00
1.60000000000000e+00 5.55139546619230e+00
1.62500000000000e+00 5.61391154966780e+00
1.65000000000000e+00 5.67565350680723e+00
1.67500000000000e+00 5.73662647529513e+00
1.70000000000000e+00 5.79683578766703e+00
1.72500000000000e+00 5.85628695908381e+00
1.75000000000000e+00 5.91498567545678e+00
1.77500000000000e+00 5.97293778192667e+00
1.80000000000000e+00 6.03014927169856e+00
1.82500000000000e+00 6.08662627523530e+00
1.85000000000000e+00 6.14237504980687e+00
1.87500000000000e+00 6.19740196939747e+00
1.90000000000000e+00 6.25171351496532e+00
1.92500000000000e+00 6.30531626505611e+00
1.95000000000000e+00 6.35821688676290e+00
1.97500000000000e+00 6.41042212703140e+00
2.00000000000000e+00 6.46193880430359e+00
2.02500000000000e+00 6.51277380049664e+00
2.05000000000000e+00 6.56293405330928e+00
2.07500000000000e+00 6.61242572576933e+00
2.10000000000000e+00 6.66125756539295e+00
2.12500000000000e+00 6.70943573466080e+00
2.15000000000000e+00 6.75696732392416e+00
2.17500000000000e+00 6.80385944554512e+00
2.20000000000000e+00 6.85011922803299e+00
2.22500000000000e+00 6.89575381046014e+00
2.25000000000000e+00 6.94077033714931e+00
2.27500000000000e+00 6.98517595262500e+00
2.30000000000000e+00 7.02897779682023e+00
2.32500000000000e+00 7.07218300053240e+00
2.35000000000000e+00 7.11479868111845e+00
2.37500000000000e+00 7.15683193842275e+00
2.40000000000000e+00 7.19828985092986e+00
2.42500000000000e+00 7.23917947213378e+00
2.45000000000000e+00 7.27950782711652e+00
2.47500000000000e+00 7.31928190932846e+00
2.50000000000000e+00 7.35850867756329e+00
2.52500000000000e+00 7.39719505311910e+00
2.55000000000000e+00 7.43534791714045e+00
2.57500000000000e+00 7.47297410813233e+00
2.60000000000000e+00 7.51008041964056e+00
2.62500000000000e+00 7.54667359809127e+00
2.65000000000000e+00 7.58276034078279e+00
2.67500000000000e+00 7.61834729402471e+00
2.70000000000000e+00 7.65344105141561e+00
2.72500000000000e+00 7.68804815225618e+00
2.75000000000000e+00 7.72217508008990e+00
2.77500000000000e+00 7.75582826136570e+00
2.80000000000000e+00 7.78901406421809e+00
2.82500000000000e+00 7.82173950202687e+00
2.85000000000000e+00 7.85400945436545e+00
2.87500000000000e+00 7.88583077145321e+00
2.90000000000000e+00 7.91720957815244e+00
2.92500000000000e+00 7.94815193648042e+00
2.95000000000000e+00 7.97866384498426e+00
2.97500000000000e+00 8.00875123819830e+00
3.00000000000000e+00 8.03841998618056e+00
3.02500000000000e+00 8.06767589412386e+00
3.05000000000000e+00 8.09652470203726e+00
3.07500000000000e+00 8.12497208449503e+00
3.10000000000000e+00 8.15302365044852e+00
3.12500000000000e+00 8.18068494309838e+00
3.15000000000000e+00 8.20796143982301e+00
3.17500000000000e+00 8.23485855216082e+00
3.20000000000000e+00 8.26138162584266e+00
3.22500000000000e+00 8.28753594087153e+00
3.25000000000000e+00 8.31332671164739e+00
3.27500000000000e+00 8.33875908713346e+00
3.30000000000000e+00 8.36383815106228e+00
3.32500000000000e+00 8.38856892217844e+00
3.35000000000000e+00 8.41295635451612e+00
3.37500000000000e+00 8.43700533770857e+00
3.40000000000000e+00 8.46072069732856e+00
3.42500000000000e+00 8.48410719525611e+00
3.45000000000000e+00 8.50716953007286e+00
3.47500000000000e+00 8.52991233748108e+00
3.50000000000000e+00 8.55234019074433e+00
