0.00000000000000e+00 0.00000000000000e+00
2.50000000000000e-01 1.88055592294552e+02
5.00000000000000e-01 3.76111270036180e+02
7.50000000000000e-01 5.64166947777808e+02
1.00000000000000e+00 7.52222521315685e+02
1.25000000000000e+00 9.40278199057313e+02
1.50000000000000e+00 1.12833335578018e+03
1.75000000000000e+00 1.31638986715183e+03
2.00000000000000e+00 1.50444533648595e+03
2.25000000000000e+00 1.69250080582007e+03
2.50000000000000e+00 1.88055627515420e+03
2.75000000000000e+00 2.06861174448832e+03
3.00000000000000e+00 2.25666721382245e+03
3.25000000000000e+00 2.44472372519409e+03
