0.00000000000000e+00 0.00000000000000e+00
2.50000000000000e-01 -5.43181789281044e+00
5.00000000000000e-01 -1.08636339669223e+01
7.50000000000000e-01 -1.62954464036371e+01
1.00000000000000e+00 -2.17272624777490e+01
1.25000000000000e+00 -2.71590785518608e+01
1.50000000000000e+00 -3.25909128129584e+01
1.75000000000000e+00 -3.80227288870703e+01
2.00000000000000e+00 -4.34545449611821e+01
2.25000000000000e+00 -4.88863610352940e+01
2.50000000000000e+00 -5.43181771094059e+01
2.75000000000000e+00 -5.97499931835178e+01
3.00000000000000e+00 -6.51818092576297e+01
3.25000000000000e+00 -7.06136253317415e+01
