0.00000000000000e+00 0.00000000000000e+00
2.50000000000000e-01 -5.54834918477055e+00
5.00000000000000e-01 -1.09175129119596e+01
7.50000000000000e-01 -1.60166399133683e+01
1.00000000000000e+00 -2.07840672140940e+01
1.25000000000000e+00 -2.51883367850292e+01
1.50000000000000e+00 -2.92214281654951e+01
1.75000000000000e+00 -3.28933078236368e+01
2.00000000000000e+00 -3.62247271100999e+01
2.25000000000000e+00 -3.92427300725707e+01
2.50000000000000e+00 -4.19757611566318e+01
2.75000000000000e+00 -4.44521920599229e+01
3.00000000000000e+00 -4.66999579924280e+01
3.25000000000000e+00 -4.87436295717826e+01
