0.00000000000000e+00 0.00000000000000e+00
1.00000000000000e+00 -1.22253183601817e+00
2.00000000000000e+00 -2.44367805903709e+00
3.00000000000000e+00 -3.66208746186913e+00
4.00000000000000e+00 -4.87647455643530e+00
5.00000000000000e+00 -6.08564518243228e+00
6.00000000000000e+00 -7.28851465278012e+00
7.00000000000000e+00 -8.48411768456013e+00
8.00000000000000e+00 -9.67161034067146e+00
9.00000000000000e+00 -1.08502649654483e+01
1.00000000000000e+01 -1.20194595733316e+01
1.10000000000000e+01 -1.31786633291427e+01
1.20000000000000e+01 -1.43274196917819e+01
1.30000000000000e+01 -1.54653285723782e+01
1.40000000000000e+01 -1.65920285524292e+01
1.50000000000000e+01 -1.77071798909469e+01
1.60000000000000e+01 -1.88104487550601e+01
1.70000000000000e+01 -1.99014928705394e+01
1.80000000000000e+01 -2.09799486089751e+01
1.90000000000000e+01 -2.20454193923502e+01
2.00000000000000e+01 -2.30974652171626e+01
2.10000000000000e+01 -2.41355930411168e+01
2.20000000000000e+01 -2.51592477536943e+01
2.30000000000000e+01 -2.61678034318638e+01
2.40000000000000e+01 -2.71605545741126e+01
2.50000000000000e+01 -2.81367070006921e+01
2.60000000000000e+01 -2.90953680908833e+01
2.70000000000000e+01 -3.00355360092341e+01
2.80000000000000e+01 -3.09560875349018e+01
2.90000000000000e+01 -3.18557640713411e+01
3.00000000000000e+01 -3.27331553147172e+01
3.10000000000000e+01 -3.35866799893364e+01
3.20000000000000e+01 -3.44145628921747e+01
3.30000000000000e+01 -3.52148073221493e+01
3.40000000000000e+01 -3.59851616901125e+01
3.50000000000000e+01 -3.67230787773896e+01
3.60000000000000e+01 -3.74256655890946e+01
3.70000000000000e+01 -3.80896211146114e+01
3.80000000000000e+01 -3.87111583016433e+01
3.90000000000000e+01 -3.92859052291950e+01
4.00000000000000e+01 -3.98087784321762e+01
4.10000000000000e+01 -4.02738184583600e+01
4.20000000000000e+01 -4.06739732913435e+01
4.30000000000000e+01 -4.10008085703904e+01
4.40000000000000e+01 -4.12441130503937e+01
4.50000000000000e+01 -4.13913510406201e+01
4.60000000000000e+01 -4.14268865356313e+01
4.70000000000000e+01 -4.13308594727546e+01
4.80000000000000e+01 -4.10775219812680e+01
4.90000000000000e+01 -4.06327279863549e+01
5.00000000000000e+01 -3.99501145235231e+01
5.10000000000000e+01 -3.89654393727369e+01
5.20000000000000e+01 -3.75893116383407e+01
5.30000000000000e+01 -3.57039139173105e+01
5.40000000000000e+01 -3.31931277715472e+01
5.50000000000000e+01 -3.00868695630042e+01
5.60000000000000e+01 -2.67709341899285e+01
5.70000000000000e+01 -2.37576250477476e+01
5.80000000000000e+01 -2.12387480677523e+01
5.90000000000000e+01 -1.91579685668071e+01
6.00000000000000e+01 -1.74109548489351e+01
6.10000000000000e+01 -1.59121710549393e+01
6.20000000000000e+01 -1.46003984517175e+01
6.30000000000000e+01 -1.34326162383269e+01
6.40000000000000e+01 -1.23781665556837e+01
6.50000000000000e+01 -1.14147008152549e+01
6.60000000000000e+01 -1.05255350027443e+01
6.70000000000000e+01 -9.69793050102303e+00
6.80000000000000e+01 -8.92195962236378e+00
6.90000000000000e+01 -8.18974112988440e+00
7.00000000000000e+01 -7.49491351767150e+00
7.10000000000000e+01 -6.83226421858221e+00
7.20000000000000e+01 -6.19746321788595e+00
7.30000000000000e+01 -5.58686804777039e+00
7.40000000000000e+01 -4.99737854634880e+00
7.50000000000000e+01 -4.42632691744197e+00
7.60000000000000e+01 -3.87139325632679e+00
7.70000000000000e+01 -3.33053972414654e+00
7.80000000000000e+01 -2.80195855207836e+00
7.90000000000000e+01 -2.28403043181801e+00
8.00000000000000e+01 -1.77529077421155e+00
8.10000000000000e+01 -1.27440199029598e+00
8.20000000000000e+01 -7.80130391971152e-01
8.30000000000000e+01 -2.91326661017026e-01
8.40000000000000e+01 1.93090936681674e-01
8.50000000000000e+01 6.74151243069733e-01
8.60000000000000e+01 1.15284332899427e+00
8.70000000000000e+01 1.63012847024070e+00
8.80000000000000e+01 2.10695135946316e+00
8.90000000000000e+01 2.58425088847846e+00
9.00000000000000e+01 3.06297079665230e+00
9.10000000000000e+01 3.54407050686635e+00
9.20000000000000e+01 4.02853646366198e+00
9.30000000000000e+01 4.51739431478538e+00
9.40000000000000e+01 5.01172234606721e+00
9.50000000000000e+01 5.51266664250209e+00
9.60000000000000e+01 6.02145855446136e+00
9.70000000000000e+01 6.53943523152551e+00
9.80000000000000e+01 7.06806416076435e+00
9.90000000000000e+01 7.60897301058616e+00
1.00000000000000e+02 8.16398647902376e+00
1.01000000000000e+02 8.73517249907156e+00
1.02000000000000e+02 9.32490110932258e+00
1.03000000000000e+02 9.93592066465977e+00
1.04000000000000e+02 1.05714582461308e+01
1.05000000000000e+02 1.12353544179043e+01
1.06000000000000e+02 1.19322479521172e+01
1.07000000000000e+02 1.26678350544834e+01
1.08000000000000e+02 1.34492430831300e+01
1.09000000000000e+02 1.42855865912270e+01
1.10000000000000e+02 1.51888261411154e+01
1.11000000000000e+02 1.61751560740272e+01
1.12000000000000e+02 1.72673762950924e+01
1.13000000000000e+02 1.84992464132696e+01
1.14000000000000e+02 1.99242759477939e+01
1.15000000000000e+02 2.16360057476114e+01
1.16000000000000e+02 2.38254696353453e+01
1.17000000000000e+02 2.70183927904432e+01
1.18000000000000e+02 3.68493405718372e+01
1.19000000000000e+02 3.36282722632072e+01
1.20000000000000e+02 3.12793848510074e+01
