0.00000000000000e+00 5.05078391044272e-09
1.00000000000000e+00 -1.41808664275651e-01
2.00000000000000e+00 -2.85946816052497e-01
3.00000000000000e+00 -4.30909846013070e-01
4.00000000000000e+00 -5.79196268780941e-01
5.00000000000000e+00 -7.31073998943263e-01
6.00000000000000e+00 -8.86919648423325e-01
7.00000000000000e+00 -1.04713883606426e+00
8.00000000000000e+00 -1.21211426334405e+00
9.00000000000000e+00 -1.38217669362748e+00
1.00000000000000e+01 -1.55759155651628e+00
1.10000000000000e+01 -1.73855620099998e+00
1.20000000000000e+01 -1.92520376342070e+00
1.30000000000000e+01 -2.11761083565575e+00
1.40000000000000e+01 -2.31580707353691e+00
1.50000000000000e+01 -2.51978552917454e+00
1.60000000000000e+01 -2.72951291565810e+00
1.70000000000000e+01 -2.94493930610593e+00
1.80000000000000e+01 -3.16600697891176e+00
1.90000000000000e+01 -3.39265827087434e+00
2.00000000000000e+01 -3.62484240964458e+00
2.10000000000000e+01 -3.86252137115344e+00
2.20000000000000e+01 -4.10567485598782e+00
2.30000000000000e+01 -4.35430450963098e+00
2.40000000000000e+01 -4.60843752603591e+00
2.50000000000000e+01 -4.86812977726305e+00
2.60000000000000e+01 -5.13346861199273e+00
2.70000000000000e+01 -5.40457546060427e+00
2.80000000000000e+01 -5.68160837519683e+00
2.90000000000000e+01 -5.96476463026483e+00
3.00000000000000e+01 -6.25428350011479e+00
3.10000000000000e+01 -6.55044932776370e+00
3.20000000000000e+01 -6.85359499872090e+00
3.30000000000000e+01 -7.16410593406438e+00
3.40000000000000e+01 -7.48242472115280e+00
3.50000000000000e+01 -7.80905650902624e+00
3.60000000000000e+01 -8.14457530145215e+00
3.70000000000000e+01 -8.48963129741782e+00
3.80000000000000e+01 -8.84495943344514e+00
3.90000000000000e+01 -9.21138930281263e+00
4.00000000000000e+01 -9.58985661834702e+00
4.10000000000000e+01 -9.98141640174882e+00
4.20000000000000e+01 -1.03872580389332e+01
4.30000000000000e+01 -1.08087222991364e+01
4.40000000000000e+01 -1.12473202996504e+01
4.50000000000000e+01 -1.17047541942032e+01
4.60000000000000e+01 -1.21829390101518e+01
4.70000000000000e+01 -1.26840244850681e+01
4.80000000000000e+01 -1.32104148132662e+01
4.90000000000000e+01 -1.37647827623441e+01
5.00000000000000e+01 -1.43500724156225e+01
5.10000000000000e+01 -1.49694816234237e+01
5.20000000000000e+01 -1.56264109104673e+01
5.30000000000000e+01 -1.63243602688993e+01
5.40000000000000e+01 -1.70667498811911e+01
5.50000000000000e+01 -1.78566379077905e+01
5.60000000000000e+01 -1.86963129923651e+01
5.70000000000000e+01 -1.95867586064866e+01
5.80000000000000e+01 -2.05270279792139e+01
5.90000000000000e+01 -2.15136309615056e+01
6.00000000000000e+01 -2.25400963478482e+01
6.10000000000000e+01 -2.35968896911388e+01
6.20000000000000e+01 -2.46717922808833e+01
6.30000000000000e+01 -2.57506856431895e+01
6.40000000000000e+01 -2.68185164194311e+01
6.50000000000000e+01 -2.78601416779860e+01
6.60000000000000e+01 -2.88608100610054e+01
6.70000000000000e+01 -2.98061579856867e+01
6.80000000000000e+01 -3.06816952209760e+01
6.90000000000000e+01 -3.14717574441468e+01
7.00000000000000e+01 -3.21577931139771e+01
7.10000000000000e+01 -3.27156004930688e+01
7.20000000000000e+01 -3.31106357942610e+01
7.30000000000000e+01 -3.32895025861910e+01
7.40000000000000e+01 -3.31636446803344e+01
7.50000000000000e+01 -3.25777029587101e+01
7.60000000000000e+01 -3.12564567890831e+01
7.70000000000000e+01 -2.87869563881333e+01
7.80000000000000e+01 -2.49291155330287e+01
7.90000000000000e+01 -2.01797847744663e+01
8.00000000000000e+01 -1.53102276060624e+01
8.10000000000000e+01 -1.06830068929493e+01
8.20000000000000e+01 -6.36566322368012e+00
8.30000000000000e+01 -2.33440785498513e+00
8.40000000000000e+01 1.45029851733627e+00
8.50000000000000e+01 5.02447362462840e+00
8.60000000000000e+01 8.41740482146884e+00
8.70000000000000e+01 1.16523377102790e+01
8.80000000000000e+01 1.47478045293982e+01
8.90000000000000e+01 1.77187979844418e+01
9.00000000000000e+01 2.05776597452630e+01
9.10000000000000e+01 2.33347187145367e+01
9.20000000000000e+01 2.59987420701467e+01
9.30000000000000e+01 2.85772542648919e+01
9.40000000000000e+01 3.10767650230034e+01
9.50000000000000e+01 3.35029348291378e+01
9.60000000000000e+01 3.58606970255812e+01
9.70000000000000e+01 3.81543490495539e+01
9.80000000000000e+01 4.03876208747851e+01
9.90000000000000e+01 4.25637257088579e+01
1.00000000000000e+02 4.46853959100591e+01
1.01000000000000e+02 4.67549055753756e+01
1.02000000000000e+02 4.87740799891517e+01
1.03000000000000e+02 5.07442909140401e+01
1.04000000000000e+02 5.26664352861156e+01
1.05000000000000e+02 5.45408929837892e+01
1.06000000000000e+02 5.63674564517985e+01
1.07000000000000e+02 5.81452203796346e+01
1.08000000000000e+02 5.98724118288225e+01
1.09000000000000e+02 6.15461272025904e+01
1.10000000000000e+02 6.31619161040281e+01
1.11000000000000e+02 6.47130992203815e+01
1.12000000000000e+02 6.61895928845990e+01
1.13000000000000e+02 6.75757413193881e+01
1.14000000000000e+02 6.88459298420765e+01
1.15000000000000e+02 6.99544515827737e+01
1.16000000000000e+02 7.08067833133106e+01
1.17000000000000e+02 8.39319444824476e+01
1.18000000000000e+02 9.94319931538408e+01
1.19000000000000e+02 1.09675017966161e+02
1.20000000000000e+02 1.18145808425450e+02
