0.00000000000000e+00 -1.21350562031722e-09
1.00000000000000e+00 -1.56735462853016e-01
2.00000000000000e+00 -3.13846501302120e-01
3.00000000000000e+00 -4.72135929574526e-01
4.00000000000000e+00 -6.32506652360618e-01
5.00000000000000e+00 -7.92433009610853e-01
6.00000000000000e+00 -9.51354291035249e-01
7.00000000000000e+00 -1.11096898749665e+00
8.00000000000000e+00 -1.27169796714531e+00
9.00000000000000e+00 -1.43357914538713e+00
1.00000000000000e+01 -1.59662069693177e+00
1.10000000000000e+01 -1.76084204453198e+00
1.20000000000000e+01 -1.92627289423927e+00
1.30000000000000e+01 -2.09294976878104e+00
1.40000000000000e+01 -2.26091364784687e+00
1.50000000000000e+01 -2.43020840690683e+00
1.60000000000000e+01 -2.60087966759985e+00
1.70000000000000e+01 -2.77297386986436e+00
1.80000000000000e+01 -2.94653749026494e+00
1.90000000000000e+01 -3.12161637877404e+00
2.00000000000000e+01 -3.29825520238114e+00
2.10000000000000e+01 -3.47649698791697e+00
2.20000000000000e+01 -3.65638275556770e+00
2.30000000000000e+01 -3.83795123459126e+00
2.40000000000000e+01 -4.02123865131318e+00
2.50000000000000e+01 -4.20627858031030e+00
2.60000000000000e+01 -4.39310185008601e+00
2.70000000000000e+01 -4.58173649438245e+00
2.80000000000000e+01 -4.77220774308613e+00
2.90000000000000e+01 -4.96453804526776e+00
3.00000000000000e+01 -5.15874711975724e+00
3.10000000000000e+01 -5.35485202775282e+00
3.20000000000000e+01 -5.55286726412529e+00
3.30000000000000e+01 -5.75280486280451e+00
3.40000000000000e+01 -5.95467451459247e+00
3.50000000000000e+01 -6.15848369317605e+00
3.60000000000000e+01 -6.36423778883285e+00
3.70000000000000e+01 -6.57194024603745e+00
3.80000000000000e+01 -6.78159270473347e+00
3.90000000000000e+01 -6.99319514293640e+00
4.00000000000000e+01 -7.20674601971640e+00
4.10000000000000e+01 -7.42224241756460e+00
4.20000000000000e+01 -7.63968018331978e+00
4.30000000000000e+01 -7.85905406581589e+00
4.40000000000000e+01 -8.08035785137191e+00
4.50000000000000e+01 -8.30358449547587e+00
4.60000000000000e+01 -8.52872624965475e+00
4.70000000000000e+01 -8.75577478479519e+00
4.80000000000000e+01 -8.98472130942391e+00
4.90000000000000e+01 -9.21555668286060e+00
5.00000000000000e+01 -9.44827152396199e+00
5.10000000000000e+01 -9.68285631366906e+00
5.20000000000000e+01 -9.91930149389727e+00
5.30000000000000e+01 -1.01575975597594e+01
5.40000000000000e+01 -1.03977351479636e+01
5.50000000000000e+01 -1.06397051195736e+01
5.60000000000000e+01 -1.08834986377304e+01
5.70000000000000e+01 -1.11291072416973e+01
5.80000000000000e+01 -1.13765229148122e+01
5.90000000000000e+01 -1.16257381493523e+01
6.00000000000000e+01 -1.18767460066709e+01
6.10000000000000e+01 -1.21295401732629e+01
6.20000000000000e+01 -1.23841150131938e+01
6.30000000000000e+01 -1.26404656171176e+01
6.40000000000000e+01 -1.28985878475575e+01
6.50000000000000e+01 -1.31584783813172e+01
6.60000000000000e+01 -1.34201347490341e+01
6.70000000000000e+01 -1.36835553717229e+01
6.80000000000000e+01 -1.39487395954710e+01
6.90000000000000e+01 -1.42156877231941e+01
7.00000000000000e+01 -1.44844010443894e+01
7.10000000000000e+01 -1.47548818639966e+01
7.20000000000000e+01 -1.50271335282486e+01
7.30000000000000e+01 -1.53011604500704e+01
7.40000000000000e+01 -1.55769681328644e+01
7.50000000000000e+01 -1.58545631933877e+01
7.60000000000000e+01 -1.61339533832520e+01
7.70000000000000e+01 -1.64151476108024e+01
7.80000000000000e+01 -1.66981559611666e+01
7.90000000000000e+01 -1.69829897169959e+01
8.00000000000000e+01 -1.72696613782381e+01
8.10000000000000e+01 -1.75581846825267e+01
8.20000000000000e+01 -1.78485746251475e+01
8.30000000000000e+01 -1.81408474795403e+01
8.40000000000000e+01 -1.84350208183952e+01
8.50000000000000e+01 -1.87311135345706e+01
8.60000000000000e+01 -1.90291458637744e+01
8.70000000000000e+01 -1.93291394069245e+01
8.80000000000000e+01 -1.96311171546767e+01
8.90000000000000e+01 -1.99351035123281e+01
9.00000000000000e+01 -2.02411243257081e+01
9.10000000000000e+01 -2.05492069094848e+01
9.20000000000000e+01 -2.08593800758026e+01
9.30000000000000e+01 -2.11716741659311e+01
9.40000000000000e+01 -2.14861210822637e+01
9.50000000000000e+01 -2.18027543239042e+01
9.60000000000000e+01 -2.21216090222757e+01
9.70000000000000e+01 -2.24427219817217e+01
9.80000000000000e+01 -2.27661317200583e+01
9.90000000000000e+01 -2.30918785133040e+01
1.00000000000000e+02 -2.34200044419703e+01
1.01000000000000e+02 -2.37505534419812e+01
1.02000000000000e+02 -2.40835713569282e+01
1.03000000000000e+02 -2.44191059949365e+01
1.04000000000000e+02 -2.47572071891568e+01
1.05000000000000e+02 -2.50979268608755e+01
1.06000000000000e+02 -2.54413190875011e+01
1.07000000000000e+02 -2.57874401748788e+01
1.08000000000000e+02 -2.61363487347470e+01
1.09000000000000e+02 -2.64881057651657e+01
1.10000000000000e+02 -2.68427747385886e+01
1.11000000000000e+02 -2.72004216925065e+01
1.12000000000000e+02 -2.75611153291685e+01
1.13000000000000e+02 -2.79249271191737e+01
1.14000000000000e+02 -2.82919314119436e+01
1.15000000000000e+02 -2.86622055550922e+01
1.16000000000000e+02 -2.90358300182332e+01
1.17000000000000e+02 -2.94128885280644e+01
1.18000000000000e+02 -2.97934682094951e+01
1.19000000000000e+02 -3.01776597370200e+01
1.20000000000000e+02 -3.05655574963344e+01
