0.00000000000000e+00 4.19063411138813e+00
1.00000000000000e+00 4.19329589731229e+00
2.00000000000000e+00 4.19945201673340e+00
3.00000000000000e+00 4.20658041474647e+00
4.00000000000000e+00 4.21327786314985e+00
5.00000000000000e+00 4.21922225026221e+00
6.00000000000000e+00 4.22452759472753e+00
7.00000000000000e+00 4.22938154937072e+00
8.00000000000000e+00 4.23393116154716e+00
9.00000000000000e+00 4.23826717413471e+00
1.00000000000000e+01 4.24243505665783e+00
1.10000000000000e+01 4.24644908515128e+00
1.20000000000000e+01 4.25030363017786e+00
1.30000000000000e+01 4.25398110835951e+00
1.40000000000000e+01 4.25745728239076e+00
1.50000000000000e+01 4.26070466749495e+00
1.60000000000000e+01 4.26369464453106e+00
1.70000000000000e+01 4.26639869674208e+00
1.80000000000000e+01 4.26878906005230e+00
1.90000000000000e+01 4.27083898379938e+00
2.00000000000000e+01 4.27252273070921e+00
2.10000000000000e+01 4.27381540941550e+00
2.20000000000000e+01 4.27469269281674e+00
2.30000000000000e+01 4.27513046744758e+00
2.40000000000000e+01 4.27510443366253e+00
2.50000000000000e+01 4.27458967228606e+00
2.60000000000000e+01 4.27356018641691e+00
2.70000000000000e+01 4.27198841850063e+00
2.80000000000000e+01 4.26984474079848e+00
2.90000000000000e+01 4.26709691600300e+00
3.00000000000000e+01 4.26370951697053e+00
3.10000000000000e+01 4.25964329859351e+00
3.20000000000000e+01 4.25485450876862e+00
3.30000000000000e+01 4.24929412284624e+00
3.40000000000000e+01 4.24290698854666e+00
3.50000000000000e+01 4.23563086099187e+00
3.60000000000000e+01 4.22739531227372e+00
3.70000000000000e+01 4.21812049605433e+00
3.80000000000000e+01 4.20771575305741e+00
3.90000000000000e+01 4.19607805758791e+00
4.00000000000000e+01 4.18309031799767e+00
4.10000000000000e+01 4.16861959929398e+00
4.20000000000000e+01 4.15251541951413e+00
4.30000000000000e+01 4.13460844453207e+00
4.40000000000000e+01 4.11471025883080e+00
4.50000000000000e+01 4.09261557477058e+00
4.60000000000000e+01 4.06810965516209e+00
4.70000000000000e+01 4.04098670485214e+00
4.80000000000000e+01 4.01109146791396e+00
4.90000000000000e+01 3.97841098300031e+00
5.00000000000000e+01 3.94327825365712e+00
5.10000000000000e+01 3.90683473293706e+00
5.20000000000000e+01 3.87210635798583e+00
5.30000000000000e+01 3.84648618866231e+00
5.40000000000000e+01 3.84663817917343e+00
5.50000000000000e+01 3.90215538332608e+00
5.60000000000000e+01 4.03883528569242e+00
5.70000000000000e+01 4.24798196488236e+00
5.80000000000000e+01 4.50092261464082e+00
5.90000000000000e+01 4.77745455371497e+00
6.00000000000000e+01 5.06845868826974e+00
6.10000000000000e+01 5.37070752980991e+00
6.20000000000000e+01 5.68362041762709e+00
6.30000000000000e+01 6.00783528003295e+00
6.40000000000000e+01 6.34462726164681e+00
6.50000000000000e+01 6.69568842765904e+00
6.60000000000000e+01 7.06306907477707e+00
6.70000000000000e+01 7.44920231250745e+00
6.80000000000000e+01 7.85698385278568e+00
6.90000000000000e+01 8.28990167918998e+00
7.00000000000000e+01 8.75222209083767e+00
7.10000000000000e+01 9.24924386109166e+00
7.20000000000000e+01 9.78762377080054e+00
7.30000000000000e+01 1.03757176213009e+01
7.40000000000000e+01 1.10236242477862e+01
7.50000000000000e+01 1.17416013100292e+01
7.60000000000000e+01 1.25318561752371e+01
7.70000000000000e+01 1.33607815229135e+01
7.80000000000000e+01 1.41204195254706e+01
7.90000000000000e+01 1.46956830932730e+01
8.00000000000000e+01 1.50854954457781e+01
8.10000000000000e+01 1.53480477644054e+01
8.20000000000000e+01 1.55304268656465e+01
8.30000000000000e+01 1.56608698659561e+01
8.40000000000000e+01 1.57558246242566e+01
8.50000000000000e+01 1.58252221442626e+01
8.60000000000000e+01 1.58753489521035e+01
8.70000000000000e+01 1.59103656597021e+01
8.80000000000000e+01 1.59331340056318e+01
8.90000000000000e+01 1.59456870568840e+01
9.00000000000000e+01 1.59495083664962e+01
9.10000000000000e+01 1.59457044575004e+01
9.20000000000000e+01 1.59351152611188e+01
9.30000000000000e+01 1.59183870951590e+01
9.40000000000000e+01 1.58960222392245e+01
9.50000000000000e+01 1.58684134472757e+01
9.60000000000000e+01 1.58358684891617e+01
9.70000000000000e+01 1.57986279340899e+01
9.80000000000000e+01 1.57568782456829e+01
9.90000000000000e+01 1.57107615591809e+01
1.00000000000000e+02 1.56603830665179e+01
1.01000000000000e+02 1.56058166450047e+01
1.02000000000000e+02 1.55471091732891e+01
1.03000000000000e+02 1.54842838520485e+01
1.04000000000000e+02 1.54173427571130e+01
1.05000000000000e+02 1.53462687866224e+01
1.06000000000000e+02 1.52710271283688e+01
1.07000000000000e+02 1.51915663328022e+01
1.08000000000000e+02 1.51078190576089e+01
1.09000000000000e+02 1.50197025316612e+01
1.10000000000000e+02 1.49271187753917e+01
1.11000000000000e+02 1.48299545972182e+01
1.12000000000000e+02 1.47280813830319e+01
1.13000000000000e+02 1.46213546862403e+01
1.14000000000000e+02 1.45096136191042e+01
1.15000000000000e+02 1.43926800392861e+01
1.16000000000000e+02 1.42703575219712e+01
1.17000000000000e+02 1.41424300975872e+01
1.18000000000000e+02 1.40086607318974e+01
1.19000000000000e+02 1.38687895143388e+01
1.20000000000000e+02 1.37225315125561e+01
