0.00000000000000e+00 1.05395296744719e-08
1.00000000000000e+00 -9.25106710301900e-02
2.00000000000000e+00 -1.84946370157431e-01
3.00000000000000e+00 -2.78598201034237e-01
4.00000000000000e+00 -3.74370157091382e-01
5.00000000000000e+00 -4.72201048574341e-01
6.00000000000000e+00 -5.72605995206040e-01
7.00000000000000e+00 -6.76065642730798e-01
8.00000000000000e+00 -7.83008900897537e-01
9.00000000000000e+00 -8.93815144459845e-01
1.00000000000000e+01 -1.00881401813921e+00
1.10000000000000e+01 -1.12828466874638e+00
1.20000000000000e+01 -1.25245520228106e+00
1.30000000000000e+01 -1.38150261354071e+00
1.40000000000000e+01 -1.51555323948563e+00
1.50000000000000e+01 -1.65468370806813e+00
1.60000000000000e+01 -1.79892231309080e+00
1.70000000000000e+01 -1.94825072519360e+00
1.80000000000000e+01 -2.10260593855764e+00
1.90000000000000e+01 -2.26188235287136e+00
2.00000000000000e+01 -2.42593389059537e+00
2.10000000000000e+01 -2.59457605846330e+00
2.20000000000000e+01 -2.76758786788093e+00
2.30000000000000e+01 -2.94471353872301e+00
2.40000000000000e+01 -3.12566391820736e+00
2.50000000000000e+01 -3.31011755424673e+00
2.60000000000000e+01 -3.49772136833842e+00
2.70000000000000e+01 -3.68809087711941e+00
2.80000000000000e+01 -3.88080991339007e+00
2.90000000000000e+01 -4.07542979833229e+00
3.00000000000000e+01 -4.27146791337448e+00
3.10000000000000e+01 -4.46840561679534e+00
3.20000000000000e+01 -4.66568544214084e+00
3.30000000000000e+01 -4.86270750763232e+00
3.40000000000000e+01 -5.05882505341420e+00
3.50000000000000e+01 -5.25333901038464e+00
3.60000000000000e+01 -5.44549148871046e+00
3.70000000000000e+01 -5.63445805572661e+00
3.80000000000000e+01 -5.81933865912879e+00
3.90000000000000e+01 -5.99914702991548e+00
4.00000000000000e+01 -6.17279839370580e+00
4.10000000000000e+01 -6.33909531232608e+00
4.20000000000000e+01 -6.49671149805497e+00
4.30000000000000e+01 -6.64417349024575e+00
4.40000000000000e+01 -6.77984018905669e+00
4.50000000000000e+01 -6.90188043498793e+00
4.60000000000000e+01 -7.00824916490768e+00
4.70000000000000e+01 -7.09666323983954e+00
4.80000000000000e+01 -7.16457896003654e+00
4.90000000000000e+01 -7.20917471443533e+00
5.00000000000000e+01 -7.22734438655870e+00
5.10000000000000e+01 -7.21571027997363e+00
5.20000000000000e+01 -7.17066860986064e+00
5.30000000000000e+01 -7.08848586640448e+00
5.40000000000000e+01 -6.96546965339613e+00
5.50000000000000e+01 -6.79824039730207e+00
5.60000000000000e+01 -6.58412564354702e+00
5.70000000000000e+01 -6.32167896117321e+00
5.80000000000000e+01 -6.01128352600377e+00
5.90000000000000e+01 -5.65573738656512e+00
6.00000000000000e+01 -5.26065456009664e+00
6.10000000000000e+01 -4.83449856735623e+00
6.20000000000000e+01 -4.38813784646508e+00
6.30000000000000e+01 -3.93397139109101e+00
6.40000000000000e+01 -3.48483866707708e+00
6.50000000000000e+01 -3.05299649701095e+00
6.60000000000000e+01 -2.64937998689306e+00
6.70000000000000e+01 -2.28322305838658e+00
6.80000000000000e+01 -1.96198768759156e+00
6.90000000000000e+01 -1.69148985094158e+00
7.00000000000000e+01 -1.47610972822785e+00
7.10000000000000e+01 -1.31900409580868e+00
7.20000000000000e+01 -1.22227426742063e+00
7.30000000000000e+01 -1.18707117367609e+00
7.40000000000000e+01 -1.21363831685994e+00
7.50000000000000e+01 -1.30130575666180e+00
7.60000000000000e+01 -1.44845675607967e+00
7.70000000000000e+01 -1.65249446408386e+00
7.80000000000000e+01 -1.90983852513978e+00
7.90000000000000e+01 -2.21597895170318e+00
8.00000000000000e+01 -2.56560534017172e+00
8.10000000000000e+01 -2.95281382071037e+00
8.20000000000000e+01 -3.37137529867166e+00
8.30000000000000e+01 -3.81503245229527e+00
8.40000000000000e+01 -4.27778539028616e+00
8.50000000000000e+01 -4.75412948562495e+00
8.60000000000000e+01 -5.23922164883064e+00
8.70000000000000e+01 -5.72896781369294e+00
8.80000000000000e+01 -6.22003896128346e+00
8.90000000000000e+01 -6.70983208367170e+00
9.00000000000000e+01 -7.19639546731618e+00
9.10000000000000e+01 -7.67833609193838e+00
9.20000000000000e+01 -8.15472289054666e+00
9.30000000000000e+01 -8.62499503058376e+00
9.40000000000000e+01 -9.08888034520575e+00
9.50000000000000e+01 -9.54632602201102e+00
9.60000000000000e+01 -9.99744169203421e+00
9.70000000000000e+01 -1.04424539393504e+01
9.80000000000000e+01 -1.08816707203416e+01
9.90000000000000e+01 -1.13154540535135e+01
1.00000000000000e+02 -1.17441994100314e+01
1.01000000000000e+02 -1.21683204160410e+01
1.02000000000000e+02 -1.25882377020566e+01
1.03000000000000e+02 -1.30043709312144e+01
1.04000000000000e+02 -1.34171332611771e+01
1.05000000000000e+02 -1.38269276165691e+01
1.06000000000000e+02 -1.42341443304056e+01
1.07000000000000e+02 -1.46391597773622e+01
1.08000000000000e+02 -1.50423357411574e+01
1.09000000000000e+02 -1.54440193043108e+01
1.10000000000000e+02 -1.58445431063743e+01
1.11000000000000e+02 -1.62442258572827e+01
1.12000000000000e+02 -1.66433730202396e+01
1.13000000000000e+02 -1.70422776019308e+01
1.14000000000000e+02 -1.74412210035440e+01
1.15000000000000e+02 -1.78404738995080e+01
1.16000000000000e+02 -1.82402971242709e+01
1.17000000000000e+02 -1.86409425440046e+01
1.18000000000000e+02 -1.90426539129379e+01
1.19000000000000e+02 -1.94456676962793e+01
1.20000000000000e+02 -1.98502138629369e+01
