0.00000000000000e+00 1.05891903873040e+02
1.00000000000000e+00 1.05891903787509e+02
2.00000000000000e+00 1.05891903777480e+02
3.00000000000000e+00 1.05891903759983e+02
4.00000000000000e+00 1.05891903735308e+02
5.00000000000000e+00 1.05891903704941e+02
6.00000000000000e+00 1.05891903667715e+02
7.00000000000000e+00 1.05891903623501e+02
8.00000000000000e+00 1.05891903572580e+02
9.00000000000000e+00 1.05891903514706e+02
1.00000000000000e+01 1.05891903449702e+02
1.10000000000000e+01 1.05891903377433e+02
1.20000000000000e+01 1.05891903298427e+02
1.30000000000000e+01 1.05891903211868e+02
1.40000000000000e+01 1.05891903119277e+02
1.50000000000000e+01 1.05891903018427e+02
1.60000000000000e+01 1.05891902910523e+02
1.70000000000000e+01 1.05891902795202e+02
1.80000000000000e+01 1.05891902673157e+02
1.90000000000000e+01 1.05891902543071e+02
2.00000000000000e+01 1.05891902405716e+02
2.10000000000000e+01 1.05891902261245e+02
2.20000000000000e+01 1.05891902108487e+02
2.30000000000000e+01 1.05891901948733e+02
2.40000000000000e+01 1.05891901781360e+02
2.50000000000000e+01 1.05891901606286e+02
2.60000000000000e+01 1.05891901422272e+02
2.70000000000000e+01 1.05891901230938e+02
2.80000000000000e+01 1.05891901031622e+02
2.90000000000000e+01 1.05891900824231e+02
3.00000000000000e+01 1.05891900608589e+02
3.10000000000000e+01 1.05891900384899e+02
3.20000000000000e+01 1.05891900153128e+02
3.30000000000000e+01 1.05891899913051e+02
3.40000000000000e+01 1.05891899663976e+02
3.50000000000000e+01 1.05891899406006e+02
3.60000000000000e+01 1.05891899140484e+02
3.70000000000000e+01 1.05891898864751e+02
3.80000000000000e+01 1.05891898581604e+02
3.90000000000000e+01 1.05891898288659e+02
4.00000000000000e+01 1.05891897987841e+02
4.10000000000000e+01 1.05891897677159e+02
4.20000000000000e+01 1.05891897358024e+02
4.30000000000000e+01 1.05891897028622e+02
4.40000000000000e+01 1.05891896690274e+02
4.50000000000000e+01 1.05891896343635e+02
4.60000000000000e+01 1.05891895986452e+02
4.70000000000000e+01 1.05891895620319e+02
4.80000000000000e+01 1.05891895244346e+02
4.90000000000000e+01 1.05891894858534e+02
5.00000000000000e+01 1.05891894463457e+02
5.10000000000000e+01 1.05891894058652e+02
5.20000000000000e+01 1.05891893643581e+02
5.30000000000000e+01 1.05891893218837e+02
5.40000000000000e+01 1.05891892783537e+02
5.50000000000000e+01 1.05891892339744e+02
5.60000000000000e+01 1.05891891883830e+02
5.70000000000000e+01 1.05891891418982e+02
5.80000000000000e+01 1.05891890943928e+02
5.90000000000000e+01 1.05891890456674e+02
6.00000000000000e+01 1.05891889960684e+02
6.10000000000000e+01 1.05891889453743e+02
6.20000000000000e+01 1.05891888935795e+02
6.30000000000000e+01 1.05891888407784e+02
6.40000000000000e+01 1.05891887868357e+02
6.50000000000000e+01 1.05891887318104e+02
6.60000000000000e+01 1.05891886757787e+02
6.70000000000000e+01 1.05891886186176e+02
6.80000000000000e+01 1.05891885603368e+02
6.90000000000000e+01 1.05891885009659e+02
7.00000000000000e+01 1.05891884403686e+02
7.10000000000000e+01 1.05891883787450e+02
7.20000000000000e+01 1.05891883160012e+02
7.30000000000000e+01 1.05891882520791e+02
7.40000000000000e+01 1.05891881869746e+02
7.50000000000000e+01 1.05891881206774e+02
7.60000000000000e+01 1.05891880532706e+02
7.70000000000000e+01 1.05891879846558e+02
7.80000000000000e+01 1.05891879148570e+02
7.90000000000000e+01 1.05891878438225e+02
8.00000000000000e+01 1.05891877715957e+02
8.10000000000000e+01 1.05891876981146e+02
8.20000000000000e+01 1.05891876234604e+02
8.30000000000000e+01 1.05891875474231e+02
8.40000000000000e+01 1.05891874702405e+02
8.50000000000000e+01 1.05891873917457e+02
8.60000000000000e+01 1.05891873119444e+02
8.70000000000000e+01 1.05891872308849e+02
8.80000000000000e+01 1.05891871484648e+02
8.90000000000000e+01 1.05891870647486e+02
9.00000000000000e+01 1.05891869797108e+02
9.10000000000000e+01 1.05891868932526e+02
9.20000000000000e+01 1.05891868054131e+02
9.30000000000000e+01 1.05891867162084e+02
9.40000000000000e+01 1.05891866254172e+02
9.50000000000000e+01 1.05891865334219e+02
9.60000000000000e+01 1.05891864399170e+02
9.70000000000000e+01 1.05891863447836e+02
9.80000000000000e+01 1.05891862483282e+02
9.90000000000000e+01 1.05891861502065e+02
1.00000000000000e+02 1.05891860506741e+02
1.01000000000000e+02 1.05891859495056e+02
1.02000000000000e+02 1.05891858466824e+02
1.03000000000000e+02 1.05891857422649e+02
1.04000000000000e+02 1.05891856362030e+02
1.05000000000000e+02 1.05891855284365e+02
1.06000000000000e+02 1.05891854189380e+02
1.07000000000000e+02 1.05891853075677e+02
1.08000000000000e+02 1.05891851945834e+02
1.09000000000000e+02 1.05891850797422e+02
1.10000000000000e+02 1.05891849629911e+02
1.11000000000000e+02 1.05891848442828e+02
1.12000000000000e+02 1.05891847236648e+02
1.13000000000000e+02 1.05891846009871e+02
1.14000000000000e+02 1.05891844763148e+02
1.15000000000000e+02 1.05891843495349e+02
1.16000000000000e+02 1.05891842206377e+02
1.17000000000000e+02 1.05891840895095e+02
1.18000000000000e+02 1.05891839561144e+02
1.19000000000000e+02 1.05891838203497e+02
1.20000000000000e+02 1.05891836822281e+02
