0.00000000000000e+00 7.61317012210050e-09
1.00000000000000e+00 -5.62656061436906e-07
2.00000000000000e+00 -1.12567692436838e-06
3.00000000000000e+00 -1.68913851772423e-06
4.00000000000000e+00 -2.25218820086104e-06
5.00000000000000e+00 -2.81371945162756e-06
6.00000000000000e+00 -3.37805541779715e-06
7.00000000000000e+00 -3.94944812737164e-06
8.00000000000000e+00 -4.52626186707786e-06
9.00000000000000e+00 -5.10732774210154e-06
1.00000000000000e+01 -5.69280207640688e-06
1.10000000000000e+01 -6.28312324470193e-06
1.20000000000000e+01 -6.87871694882679e-06
1.30000000000000e+01 -7.48022378582172e-06
1.40000000000000e+01 -8.08802618239637e-06
1.50000000000000e+01 -8.70257597769368e-06
1.60000000000000e+01 -9.32439082126577e-06
1.70000000000000e+01 -9.95375843914400e-06
1.80000000000000e+01 -1.05911951178016e-05
1.90000000000000e+01 -1.12369691584882e-05
2.00000000000000e+01 -1.18915263598375e-05
2.10000000000000e+01 -1.25551858664447e-05
2.20000000000000e+01 -1.32282704192223e-05
2.30000000000000e+01 -1.39110491719635e-05
2.40000000000000e+01 -1.46038633319289e-05
2.50000000000000e+01 -1.53069251807719e-05
2.60000000000000e+01 -1.60205299412237e-05
2.70000000000000e+01 -1.67448214578904e-05
2.80000000000000e+01 -1.74800663091876e-05
2.90000000000000e+01 -1.82265338498197e-05
3.00000000000000e+01 -1.89842638799211e-05
3.10000000000000e+01 -1.97534270802678e-05
3.20000000000000e+01 -2.05342797857354e-05
3.30000000000000e+01 -2.13267598894971e-05
3.40000000000000e+01 -2.21311485447979e-05
3.50000000000000e+01 -2.29474454124679e-05
3.60000000000000e+01 -2.37757428056019e-05
3.70000000000000e+01 -2.46161070585234e-05
3.80000000000000e+01 -2.54685783854167e-05
3.90000000000000e+01 -2.63331885844292e-05
4.00000000000000e+01 -2.72099340366478e-05
4.10000000000000e+01 -2.80988016793434e-05
4.20000000000000e+01 -2.89999029769970e-05
4.30000000000000e+01 -2.99131124950197e-05
4.40000000000000e+01 -3.08384838843268e-05
4.50000000000000e+01 -3.17759001741622e-05
4.60000000000000e+01 -3.27254202355277e-05
4.70000000000000e+01 -3.36868900054355e-05
4.80000000000000e+01 -3.46603319107859e-05
4.90000000000000e+01 -3.56455945566252e-05
5.00000000000000e+01 -3.66428074733936e-05
5.10000000000000e+01 -3.76516661084840e-05
5.20000000000000e+01 -3.86722215774231e-05
5.30000000000000e+01 -3.97044086912551e-05
5.40000000000000e+01 -4.07481368621364e-05
5.50000000000000e+01 -4.18032924922821e-05
5.60000000000000e+01 -4.28698623587071e-05
5.70000000000000e+01 -4.39477485123258e-05
5.80000000000000e+01 -4.50368336362417e-05
5.90000000000000e+01 -4.61371748449180e-05
6.00000000000000e+01 -4.72484970166966e-05
6.10000000000000e+01 -4.83708984096161e-05
6.20000000000000e+01 -4.95043229739867e-05
6.30000000000000e+01 -5.06486868545493e-05
6.40000000000000e+01 -5.18039262741238e-05
6.50000000000000e+01 -5.29700933933359e-05
6.60000000000000e+01 -5.41470261369720e-05
6.70000000000000e+01 -5.53348410420574e-05
6.80000000000000e+01 -5.65335037620422e-05
6.90000000000000e+01 -5.77429946978566e-05
7.00000000000000e+01 -5.89633338129651e-05
7.10000000000000e+01 -6.01945467916663e-05
7.20000000000000e+01 -6.14367301189554e-05
7.30000000000000e+01 -6.26898770944198e-05
7.40000000000000e+01 -6.39541554375192e-05
7.50000000000000e+01 -6.52295371218596e-05
7.60000000000000e+01 -6.65162485234900e-05
7.70000000000000e+01 -6.78143913325430e-05
7.80000000000000e+01 -6.91240317753324e-05
7.90000000000000e+01 -7.04454306233683e-05
8.00000000000000e+01 -7.17787309188994e-05
8.10000000000000e+01 -7.31241689006469e-05
8.20000000000000e+01 -7.44819858152172e-05
8.30000000000000e+01 -7.58524244279505e-05
8.40000000000000e+01 -7.72357724348003e-05
8.50000000000000e+01 -7.86323210921975e-05
8.60000000000000e+01 -8.00424646918322e-05
8.70000000000000e+01 -8.14664770107327e-05
8.80000000000000e+01 -8.29048059561902e-05
8.90000000000000e+01 -8.43579568103551e-05
9.00000000000000e+01 -8.58262736842619e-05
9.10000000000000e+01 -8.73102920884161e-05
9.20000000000000e+01 -8.88105396876955e-05
9.30000000000000e+01 -9.03275790339088e-05
9.40000000000000e+01 -9.18620516498999e-05
9.50000000000000e+01 -9.34145738991591e-05
9.60000000000000e+01 -9.49858594452829e-05
9.70000000000000e+01 -9.65765984358574e-05
9.80000000000000e+01 -9.81876358276978e-05
9.90000000000000e+01 -9.98197797787339e-05
1.00000000000000e+02 -1.01473932501872e-04
1.01000000000000e+02 -1.03150974897956e-04
1.02000000000000e+02 -1.04851965672301e-04
1.03000000000000e+02 -1.06577970582005e-04
1.04000000000000e+02 -1.08330034672339e-04
1.05000000000000e+02 -1.10109401675306e-04
1.06000000000000e+02 -1.11917376124317e-04
1.07000000000000e+02 -1.13755210089510e-04
1.08000000000000e+02 -1.15624347172463e-04
1.09000000000000e+02 -1.17526336099985e-04
1.10000000000000e+02 -1.19462676917899e-04
1.11000000000000e+02 -1.21435090322225e-04
1.12000000000000e+02 -1.23445348654293e-04
1.13000000000000e+02 -1.25495361174541e-04
1.14000000000000e+02 -1.27587084919195e-04
1.15000000000000e+02 -1.29722692094227e-04
1.16000000000000e+02 -1.31904344872126e-04
1.17000000000000e+02 -1.34134509546191e-04
1.18000000000000e+02 -1.36415615965797e-04
1.19000000000000e+02 -1.38750370347704e-04
1.20000000000000e+02 -1.41141676619563e-04
