0.00000000000000e+00 4.18789275430193e+01
1.00000000000000e+00 4.18774656981332e+01
2.00000000000000e+00 4.18730881812293e+01
3.00000000000000e+00 4.18659835697256e+01
4.00000000000000e+00 4.18559019011722e+01
5.00000000000000e+00 4.18428428697235e+01
6.00000000000000e+00 4.18267804544715e+01
7.00000000000000e+00 4.18076627774228e+01
8.00000000000000e+00 4.17854262323905e+01
9.00000000000000e+00 4.17599987594088e+01
1.00000000000000e+01 4.17313013832904e+01
1.10000000000000e+01 4.16992493550859e+01
1.20000000000000e+01 4.16637531489014e+01
1.30000000000000e+01 4.16247193731236e+01
1.40000000000000e+01 4.15820516076593e+01
1.50000000000000e+01 4.15356511653015e+01
1.60000000000000e+01 4.14854177719563e+01
1.70000000000000e+01 4.14312501609512e+01
1.80000000000000e+01 4.13730465788687e+01
1.90000000000000e+01 4.13107052024326e+01
2.00000000000000e+01 4.12441244689216e+01
2.10000000000000e+01 4.11732033240847e+01
2.20000000000000e+01 4.10978413935125e+01
2.30000000000000e+01 4.10179390848400e+01
2.40000000000000e+01 4.09333976288040e+01
2.50000000000000e+01 4.08441190677766e+01
2.60000000000000e+01 4.07500062015232e+01
2.70000000000000e+01 4.06509624992020e+01
2.80000000000000e+01 4.05468919878432e+01
2.90000000000000e+01 4.04376991275783e+01
3.00000000000000e+01 4.03232886841006e+01
3.10000000000000e+01 4.02035656105243e+01
3.20000000000000e+01 4.00784349511482e+01
3.30000000000000e+01 3.99478017821039e+01
3.40000000000000e+01 3.98115712062593e+01
3.50000000000000e+01 3.96696484232380e+01
3.60000000000000e+01 3.95219389005232e+01
3.70000000000000e+01 3.93683486782692e+01
3.80000000000000e+01 3.92087848490355e+01
3.90000000000000e+01 3.90431562660896e+01
4.00000000000000e+01 3.88713745489704e+01
4.10000000000000e+01 3.86933554766103e+01
4.20000000000000e+01 3.85090208850024e+01
4.30000000000000e+01 3.83183012223525e+01
4.40000000000000e+01 3.81211389611372e+01
4.50000000000000e+01 3.79174931246643e+01
4.60000000000000e+01 3.77073452589984e+01
4.70000000000000e+01 3.74907072672199e+01
4.80000000000000e+01 3.72676316192938e+01
4.90000000000000e+01 3.70382245403064e+01
5.00000000000000e+01 3.68026628344449e+01
5.10000000000000e+01 3.65612149548078e+01
5.20000000000000e+01 3.63142666686268e+01
5.30000000000000e+01 3.60623510051519e+01
5.40000000000000e+01 3.58061808489758e+01
5.50000000000000e+01 3.55466802662846e+01
5.60000000000000e+01 3.52850073191551e+01
5.70000000000000e+01 3.50225572286499e+01
5.80000000000000e+01 3.47609320178306e+01
5.90000000000000e+01 3.45018644414940e+01
6.00000000000000e+01 3.42470936698950e+01
6.10000000000000e+01 3.39982081989980e+01
6.20000000000000e+01 3.37564909403775e+01
6.30000000000000e+01 3.35228095442746e+01
6.40000000000000e+01 3.32975826813455e+01
6.50000000000000e+01 3.30808253422006e+01
6.60000000000000e+01 3.28722499125660e+01
6.70000000000000e+01 3.26713887379001e+01
6.80000000000000e+01 3.24777090850479e+01
6.90000000000000e+01 3.22907043482338e+01
7.00000000000000e+01 3.21099573073985e+01
7.10000000000000e+01 3.19351783060901e+01
7.20000000000000e+01 3.17662235992650e+01
7.30000000000000e+01 3.16030986752978e+01
7.40000000000000e+01 3.14459498082794e+01
7.50000000000000e+01 3.12950455736466e+01
7.60000000000000e+01 3.11507491413786e+01
7.70000000000000e+01 3.10134821161239e+01
7.80000000000000e+01 3.08836815468290e+01
7.90000000000000e+01 3.07617532394995e+01
8.00000000000000e+01 3.06480261419940e+01
8.10000000000000e+01 3.05427135638794e+01
8.20000000000000e+01 3.04458866651346e+01
8.30000000000000e+01 3.03574637569089e+01
8.40000000000000e+01 3.02772159751155e+01
8.50000000000000e+01 3.02047867921467e+01
8.60000000000000e+01 3.01397206623547e+01
8.70000000000000e+01 3.00814953905331e+01
8.80000000000000e+01 3.00295534739210e+01
8.90000000000000e+01 2.99833291424703e+01
9.00000000000000e+01 2.99422694712778e+01
9.10000000000000e+01 2.99058492993144e+01
9.20000000000000e+01 2.98735805801196e+01
9.30000000000000e+01 2.98450172192061e+01
9.40000000000000e+01 2.98197565479624e+01
9.50000000000000e+01 2.97974384809220e+01
9.60000000000000e+01 2.97777432085883e+01
9.70000000000000e+01 2.97603880700062e+01
9.80000000000000e+01 2.97451240609174e+01
9.90000000000000e+01 2.97317322812123e+01
1.00000000000000e+02 2.97200205110192e+01
1.01000000000000e+02 2.97098200236250e+01
1.02000000000000e+02 2.97009826871734e+01
1.03000000000000e+02 2.96933783726737e+01
1.04000000000000e+02 2.96868926616029e+01
1.05000000000000e+02 2.96814248360145e+01
1.06000000000000e+02 2.96768861256915e+01
1.07000000000000e+02 2.96731981862531e+01
1.08000000000000e+02 2.96702917809842e+01
1.09000000000000e+02 2.96681056406756e+01
1.10000000000000e+02 2.96665854786430e+01
1.11000000000000e+02 2.96656831400385e+01
1.12000000000000e+02 2.96653558665847e+01
1.13000000000000e+02 2.96655656610566e+01
1.14000000000000e+02 2.96662787376019e+01
1.15000000000000e+02 2.96674650454457e+01
1.16000000000000e+02 2.96690978563016e+01
1.17000000000000e+02 2.96711534063357e+01
1.18000000000000e+02 2.96736105847790e+01
1.19000000000000e+02 2.96764506636902e+01
1.20000000000000e+02 2.96796570624732e+01
