0.00000000000000e+00 -2.42580907849845e-09
1.00000000000000e+00 -1.09869122435850e-01
2.00000000000000e+00 -2.38931315278644e-01
3.00000000000000e+00 -3.89497248064947e-01
4.00000000000000e+00 -5.55504217367843e-01
5.00000000000000e+00 -7.30918638542435e-01
6.00000000000000e+00 -9.12248938805609e-01
7.00000000000000e+00 -1.09794731488223e+00
8.00000000000000e+00 -1.28751811212184e+00
9.00000000000000e+00 -1.48095549162424e+00
1.00000000000000e+01 -1.67845477308025e+00
1.10000000000000e+01 -1.88027725053688e+00
1.20000000000000e+01 -2.08669172082415e+00
1.30000000000000e+01 -2.29795270602415e+00
1.40000000000000e+01 -2.51429576016017e+00
1.50000000000000e+01 -2.73594041045872e+00
1.60000000000000e+01 -2.96309620743568e+00
1.70000000000000e+01 -3.19596973562995e+00
1.80000000000000e+01 -3.43477160593682e+00
1.90000000000000e+01 -3.67972303360469e+00
2.00000000000000e+01 -3.93106189350788e+00
2.10000000000000e+01 -4.18904829472477e+00
2.20000000000000e+01 -4.45396978334838e+00
2.30000000000000e+01 -4.72614631864345e+00
2.40000000000000e+01 -5.00593518384197e+00
2.50000000000000e+01 -5.29373599849029e+00
2.60000000000000e+01 -5.58999601056920e+00
2.70000000000000e+01 -5.89521585197180e+00
2.80000000000000e+01 -6.20995596344400e+00
2.90000000000000e+01 -6.53484390830259e+00
3.00000000000000e+01 -6.87058284476603e+00
3.10000000000000e+01 -7.21796146101185e+00
3.20000000000000e+01 -7.57786575847548e+00
3.30000000000000e+01 -7.95129315474375e+00
3.40000000000000e+01 -8.33936951255276e+00
3.50000000000000e+01 -8.74336987141579e+00
3.60000000000000e+01 -9.16474391609304e+00
3.70000000000000e+01 -9.60514753423346e+00
3.80000000000000e+01 -1.00664823232639e+01
3.90000000000000e+01 -1.05509455622468e+01
4.00000000000000e+01 -1.10610941929216e+01
4.10000000000000e+01 -1.15999277807850e+01
4.20000000000000e+01 -1.21709976658118e+01
4.30000000000000e+01 -1.27785528609322e+01
4.40000000000000e+01 -1.34277385080973e+01
4.50000000000000e+01 -1.41248710632502e+01
4.60000000000000e+01 -1.48778279002200e+01
4.70000000000000e+01 -1.56966111795342e+01
4.80000000000000e+01 -1.65941821221683e+01
4.90000000000000e+01 -1.75877191077986e+01
5.00000000000000e+01 -1.87005305387633e+01
5.10000000000000e+01 -1.99648903275003e+01
5.20000000000000e+01 -2.14256778931053e+01
5.30000000000000e+01 -2.31420236231456e+01
5.40000000000000e+01 -2.51722542867135e+01
5.50000000000000e+01 -2.75017353434742e+01
5.60000000000000e+01 -2.99379620100283e+01
5.70000000000000e+01 -3.22252607809311e+01
5.80000000000000e+01 -3.42683136601295e+01
5.90000000000000e+01 -3.60960073807878e+01
6.00000000000000e+01 -3.77613979784237e+01
6.10000000000000e+01 -3.93083628176844e+01
6.20000000000000e+01 -4.07689053728713e+01
6.30000000000000e+01 -4.21663045146124e+01
6.40000000000000e+01 -4.35181570523448e+01
6.50000000000000e+01 -4.48385822244600e+01
6.60000000000000e+01 -4.61398018399809e+01
6.70000000000000e+01 -4.74333830086634e+01
6.80000000000000e+01 -4.87313904490335e+01
6.90000000000000e+01 -5.00476901199756e+01
7.00000000000000e+01 -5.13997154160750e+01
7.10000000000000e+01 -5.28112030651638e+01
7.20000000000000e+01 -5.43168501624096e+01
7.30000000000000e+01 -5.59708171263834e+01
7.40000000000000e+01 -5.78630644231689e+01
7.50000000000000e+01 -6.01510566787969e+01
7.60000000000000e+01 -6.31128968176153e+01
7.70000000000000e+01 -6.71652599027057e+01
7.80000000000000e+01 -7.25528297886816e+01
7.90000000000000e+01 -7.87841928319627e+01
8.00000000000000e+01 -8.50942493658787e+01
8.10000000000000e+01 -9.11271341856790e+01
8.20000000000000e+01 -9.68222815101593e+01
8.30000000000000e+01 -1.02210444822829e+02
8.40000000000000e+01 -1.07337840852662e+02
8.50000000000000e+01 -1.12246646983712e+02
8.60000000000000e+01 -1.16971632767739e+02
8.70000000000000e+01 -1.21540767094886e+02
8.80000000000000e+01 -1.25976536203398e+02
8.90000000000000e+01 -1.30297161992235e+02
9.00000000000000e+01 -1.34517570614428e+02
9.10000000000000e+01 -1.38650128824319e+02
9.20000000000000e+01 -1.42705197500910e+02
9.30000000000000e+01 -1.46691548522528e+02
9.40000000000000e+01 -1.50616681133627e+02
9.50000000000000e+01 -1.54487064401827e+02
9.60000000000000e+01 -1.58308325053297e+02
9.70000000000000e+01 -1.62085394555117e+02
9.80000000000000e+01 -1.65822625507157e+02
9.90000000000000e+01 -1.69523884674341e+02
1.00000000000000e+02 -1.73192628044499e+02
1.01000000000000e+02 -1.76831961929677e+02
1.02000000000000e+02 -1.80444693119656e+02
1.03000000000000e+02 -1.84033370371072e+02
1.04000000000000e+02 -1.87600318975155e+02
1.05000000000000e+02 -1.91147669768481e+02
1.06000000000000e+02 -1.94677383611309e+02
1.07000000000000e+02 -1.98191272192496e+02
1.08000000000000e+02 -2.01691015795863e+02
1.09000000000000e+02 -2.05178178557750e+02
1.10000000000000e+02 -2.08654221632062e+02
1.11000000000000e+02 -2.12120514610127e+02
1.12000000000000e+02 -2.15578345463901e+02
1.13000000000000e+02 -2.19028929244867e+02
1.14000000000000e+02 -2.22473415722249e+02
1.15000000000000e+02 -2.25912896122219e+02
1.16000000000000e+02 -2.29348409081429e+02
1.17000000000000e+02 -2.32780945941891e+02
1.18000000000000e+02 -2.36211455466287e+02
1.19000000000000e+02 -2.39640848048046e+02
1.20000000000000e+02 -2.43069999490771e+02
