0.00000000000000e+00 2.84932409325568e+01
1.00000000000000e+00 2.84939069815852e+01
2.00000000000000e+00 2.84954027089101e+01
3.00000000000000e+00 2.84979911649564e+01
4.00000000000000e+00 2.85015143970655e+01
5.00000000000000e+00 2.85058404615432e+01
6.00000000000000e+00 2.85108919624707e+01
7.00000000000000e+00 2.85165949042468e+01
8.00000000000000e+00 2.85228712253632e+01
9.00000000000000e+00 2.85296386003819e+01
1.00000000000000e+01 2.85368124548950e+01
1.10000000000000e+01 2.85443084097894e+01
1.20000000000000e+01 2.85520444831461e+01
1.30000000000000e+01 2.85599428334582e+01
1.40000000000000e+01 2.85679310066728e+01
1.50000000000000e+01 2.85759427240497e+01
1.60000000000000e+01 2.85839182734605e+01
1.70000000000000e+01 2.85918045766065e+01
1.80000000000000e+01 2.85995550022048e+01
1.90000000000000e+01 2.86071289907163e+01
2.00000000000000e+01 2.86144915463624e+01
2.10000000000000e+01 2.86216126433302e+01
2.20000000000000e+01 2.86284665828244e+01
2.30000000000000e+01 2.86350313292508e+01
2.40000000000000e+01 2.86412878451492e+01
2.50000000000000e+01 2.86472194370945e+01
2.60000000000000e+01 2.86528111200725e+01
2.70000000000000e+01 2.86580490019155e+01
2.80000000000000e+01 2.86629196849759e+01
2.90000000000000e+01 2.86674096805261e+01
3.00000000000000e+01 2.86715048257410e+01
3.10000000000000e+01 2.86751896929677e+01
3.20000000000000e+01 2.86784469758638e+01
3.30000000000000e+01 2.86812568352306e+01
3.40000000000000e+01 2.86835961830910e+01
3.50000000000000e+01 2.86854378790016e+01
3.60000000000000e+01 2.86867498067179e+01
3.70000000000000e+01 2.86874937916532e+01
3.80000000000000e+01 2.86876243103522e+01
3.90000000000000e+01 2.86870869286322e+01
4.00000000000000e+01 2.86858163903416e+01
4.10000000000000e+01 2.86837342542891e+01
4.20000000000000e+01 2.86807459491222e+01
4.30000000000000e+01 2.86767370778181e+01
4.40000000000000e+01 2.86715687543942e+01
4.50000000000000e+01 2.86650716945508e+01
4.60000000000000e+01 2.86570387043428e+01
4.70000000000000e+01 2.86472151206653e+01
4.80000000000000e+01 2.86352866555108e+01
4.90000000000000e+01 2.86208639990652e+01
5.00000000000000e+01 2.86034634723732e+01
5.10000000000000e+01 2.85824830582443e+01
5.20000000000000e+01 2.85571733830966e+01
5.30000000000000e+01 2.85266038672456e+01
5.40000000000000e+01 2.84896255625780e+01
5.50000000000000e+01 2.84448344393675e+01
5.60000000000000e+01 2.83905421775912e+01
5.70000000000000e+01 2.83247653570625e+01
5.80000000000000e+01 2.82452466009174e+01
5.90000000000000e+01 2.81495194526728e+01
6.00000000000000e+01 2.80350189758272e+01
6.10000000000000e+01 2.78992218779012e+01
6.20000000000000e+01 2.77397802259194e+01
6.30000000000000e+01 2.75546043630308e+01
6.40000000000000e+01 2.73418624522923e+01
6.50000000000000e+01 2.70998910087227e+01
6.60000000000000e+01 2.68270360149499e+01
6.70000000000000e+01 2.65214537292534e+01
6.80000000000000e+01 2.61808929142744e+01
6.90000000000000e+01 2.58024643361264e+01
7.00000000000000e+01 2.53823880708408e+01
7.10000000000000e+01 2.49157006417256e+01
7.20000000000000e+01 2.43959118465722e+01
7.30000000000000e+01 2.38146615786566e+01
7.40000000000000e+01 2.31616854816825e+01
7.50000000000000e+01 2.24264187493394e+01
7.60000000000000e+01 2.16062338609170e+01
7.70000000000000e+01 2.07342418225604e+01
7.80000000000000e+01 1.99178714341125e+01
7.90000000000000e+01 1.92716949573713e+01
8.00000000000000e+01 1.87963341641366e+01
8.10000000000000e+01 1.84332412459154e+01
8.20000000000000e+01 1.81350972146531e+01
8.30000000000000e+01 1.78735672747881e+01
8.40000000000000e+01 1.76322338107944e+01
8.50000000000000e+01 1.74013033251754e+01
8.60000000000000e+01 1.71747039947828e+01
8.70000000000000e+01 1.69485330125975e+01
8.80000000000000e+01 1.67201961314699e+01
8.90000000000000e+01 1.64879079501819e+01
9.00000000000000e+01 1.62503887004800e+01
9.10000000000000e+01 1.60066733488218e+01
9.20000000000000e+01 1.57559876417924e+01
9.30000000000000e+01 1.54976653184633e+01
9.40000000000000e+01 1.52310910939228e+01
9.50000000000000e+01 1.49556597936618e+01
9.60000000000000e+01 1.46707453780116e+01
9.70000000000000e+01 1.43756755920794e+01
9.80000000000000e+01 1.40697091582259e+01
9.90000000000000e+01 1.37520130894585e+01
1.00000000000000e+02 1.34216379748895e+01
1.01000000000000e+02 1.30774890447962e+01
1.02000000000000e+02 1.27182904579694e+01
1.03000000000000e+02 1.23425394705519e+01
1.04000000000000e+02 1.19484457910997e+01
1.05000000000000e+02 1.15338491280352e+01
1.06000000000000e+02 1.10961040460101e+01
1.07000000000000e+02 1.06319144624379e+01
1.08000000000000e+02 1.01370878436675e+01
1.09000000000000e+02 9.60615576550023e+00
1.10000000000000e+02 9.03176012455898e+00
1.11000000000000e+02 8.40360067657256e+00
1.12000000000000e+02 7.70648984751282e+00
1.13000000000000e+02 6.91637693477605e+00
1.14000000000000e+02 5.99096629931416e+00
1.15000000000000e+02 4.84193259489229e+00
1.16000000000000e+02 3.20624790299216e+00
1.17000000000000e+02 0.00000000000000e+00
1.18000000000000e+02 0.00000000000000e+00
1.19000000000000e+02 0.00000000000000e+00
1.20000000000000e+02 0.00000000000000e+00
