0.00000000000000e+00 8.30645862215687e+01
1.00000000000000e+00 8.30648532941076e+01
2.00000000000000e+00 8.30656641935701e+01
3.00000000000000e+00 8.30670133911795e+01
4.00000000000000e+00 8.30686530407064e+01
5.00000000000000e+00 8.30703762229085e+01
6.00000000000000e+00 8.30726184940923e+01
7.00000000000000e+00 8.30754143968458e+01
8.00000000000000e+00 8.30786671446695e+01
9.00000000000000e+00 8.30823276122402e+01
1.00000000000000e+01 8.30863709552311e+01
1.10000000000000e+01 8.30907814826792e+01
1.20000000000000e+01 8.30955473359818e+01
1.30000000000000e+01 8.31006584823828e+01
1.40000000000000e+01 8.31061058145386e+01
1.50000000000000e+01 8.31118806727961e+01
1.60000000000000e+01 8.31179745625084e+01
1.70000000000000e+01 8.31243789799756e+01
1.80000000000000e+01 8.31310853071260e+01
1.90000000000000e+01 8.31380847532935e+01
2.00000000000000e+01 8.31453683298287e+01
2.10000000000000e+01 8.31529268475961e+01
2.20000000000000e+01 8.31607509302362e+01
2.30000000000000e+01 8.31688310379249e+01
2.40000000000000e+01 8.31771574975920e+01
2.50000000000000e+01 8.31857205370496e+01
2.60000000000000e+01 8.31945103207960e+01
2.70000000000000e+01 8.32035169861193e+01
2.80000000000000e+01 8.32127306785576e+01
2.90000000000000e+01 8.32221415860665e+01
3.00000000000000e+01 8.32317399711154e+01
3.10000000000000e+01 8.32415162008944e+01
3.20000000000000e+01 8.32514607750418e+01
3.30000000000000e+01 8.32615643509724e+01
3.40000000000000e+01 8.32718177668652e+01
3.50000000000000e+01 8.32822120621446e+01
3.60000000000000e+01 8.32927384955194e+01
3.70000000000000e+01 8.33033885608904e+01
3.80000000000000e+01 8.33141540009301e+01
3.90000000000000e+01 8.33250268185208e+01
4.00000000000000e+01 8.33359992863604e+01
4.10000000000000e+01 8.33470639545329e+01
4.20000000000000e+01 8.33582136563439e+01
4.30000000000000e+01 8.33694415126780e+01
4.40000000000000e+01 8.33807409346724e+01
4.50000000000000e+01 8.33921056250060e+01
4.60000000000000e+01 8.34035295781294e+01
4.70000000000000e+01 8.34150070790432e+01
4.80000000000000e+01 8.34265327013148e+01
4.90000000000000e+01 8.34381013039123e+01
5.00000000000000e+01 8.34497080274054e+01
5.10000000000000e+01 8.34613482893586e+01
5.20000000000000e+01 8.34730177789952e+01
5.30000000000000e+01 8.34847124514818e+01
5.40000000000000e+01 8.34964285215836e+01
5.50000000000000e+01 8.35081624570222e+01
5.60000000000000e+01 8.35199109714067e+01
5.70000000000000e+01 8.35316710170102e+01
5.80000000000000e+01 8.35434397772605e+01
5.90000000000000e+01 8.35552146591476e+01
6.00000000000000e+01 8.35669932854329e+01
6.10000000000000e+01 8.35787734869420e+01
6.20000000000000e+01 8.35905532947156e+01
6.30000000000000e+01 8.36023309322503e+01
6.40000000000000e+01 8.36141048077905e+01
6.50000000000000e+01 8.36258735067055e+01
6.60000000000000e+01 8.36376357839053e+01
6.70000000000000e+01 8.36493905565249e+01
6.80000000000000e+01 8.36611368966488e+01
6.90000000000000e+01 8.36728740241723e+01
7.00000000000000e+01 8.36846013000175e+01
7.10000000000000e+01 8.36963182193311e+01
7.20000000000000e+01 8.37080244050114e+01
7.30000000000000e+01 8.37197196014050e+01
7.40000000000000e+01 8.37314036681823e+01
7.50000000000000e+01 8.37430765744784e+01
7.60000000000000e+01 8.37547383932703e+01
7.70000000000000e+01 8.37663892958134e+01
7.80000000000000e+01 8.37780295465631e+01
7.90000000000000e+01 8.37896594979985e+01
8.00000000000000e+01 8.38012795859554e+01
8.10000000000000e+01 8.38128903249420e+01
8.20000000000000e+01 8.38244923037539e+01
8.30000000000000e+01 8.38360861812958e+01
8.40000000000000e+01 8.38476726825827e+01
8.50000000000000e+01 8.38592525949381e+01
8.60000000000000e+01 8.38708267642900e+01
8.70000000000000e+01 8.38823960918355e+01
8.80000000000000e+01 8.38939615305713e+01
8.90000000000000e+01 8.39055240823315e+01
9.00000000000000e+01 8.39170847947087e+01
9.10000000000000e+01 8.39286447582871e+01
9.20000000000000e+01 8.39402051038291e+01
9.30000000000000e+01 8.39517669997859e+01
9.40000000000000e+01 8.39633316498372e+01
9.50000000000000e+01 8.39749002904927e+01
9.60000000000000e+01 8.39864741888913e+01
9.70000000000000e+01 8.39980546406026e+01
9.80000000000000e+01 8.40096429675612e+01
9.90000000000000e+01 8.40212405160824e+01
1.00000000000000e+02 8.40328486548365e+01
1.01000000000000e+02 8.40444687730539e+01
1.02000000000000e+02 8.40561022785632e+01
1.03000000000000e+02 8.40677505959940e+01
1.04000000000000e+02 8.40794151649600e+01
1.05000000000000e+02 8.40910974381890e+01
1.06000000000000e+02 8.41027988797212e+01
1.07000000000000e+02 8.41145209630488e+01
1.08000000000000e+02 8.41262651690851e+01
1.09000000000000e+02 8.41380329843523e+01
1.10000000000000e+02 8.41498258987822e+01
1.11000000000000e+02 8.41616454036458e+01
1.12000000000000e+02 8.41734929891939e+01
1.13000000000000e+02 8.41853701423063e+01
1.14000000000000e+02 8.41972783438128e+01
1.15000000000000e+02 8.42092190657611e+01
1.16000000000000e+02 8.42211937683806e+01
1.17000000000000e+02 8.42332038967288e+01
1.18000000000000e+02 8.42452508771861e+01
1.19000000000000e+02 8.42573361135364e+01
1.20000000000000e+02 8.42694609825773e+01
