0.00000000000000e+00 0.00000000000000e+00
2.00000000000000e-01 1.04349621049534e+00
4.00000000000000e-01 2.05849221412426e+00
6.00000000000000e-01 2.99511264887054e+00
8.00000000000000e-01 3.94598318705003e+00
1.00000000000000e+00 4.83564305366415e+00
1.20000000000000e+00 5.60579637103159e+00
1.40000000000000e+00 6.26875004666287e+00
1.80000000000000e+00 7.40325259953847e+00
2.00000000000000e+00 8.00564333557860e+00
2.20000000000000e+00 8.41015195348943e+00
2.40000000000000e+00 8.76575680734538e+00
2.60000000000000e+00 9.02387799907871e+00
2.80000000000000e+00 9.21852145733685e+00
