0.00000000000000e+00 0.00000000000000e+00
2.00000000000000e-01 -4.81464071551617e+00
4.00000000000000e-01 -9.50554930521399e+00
6.00000000000000e-01 -1.39742129300660e+01
8.00000000000000e-01 -1.83298747506431e+01
1.00000000000000e+00 -2.21647825483002e+01
1.20000000000000e+00 -2.60140580646338e+01
1.40000000000000e+00 -2.94053246585970e+01
1.80000000000000e+00 -3.55868992168140e+01
2.00000000000000e+00 -3.82086744472240e+01
2.20000000000000e+00 -4.07148410720800e+01
2.40000000000000e+00 -4.30703588323312e+01
2.60000000000000e+00 -4.51028151038580e+01
2.80000000000000e+00 -4.70015364074499e+01
