0.00000000000000e+00 4.02764676587094e+00
1.00000000000000e+00 4.02915061356460e+00
2.00000000000000e+00 4.03259756350655e+00
3.00000000000000e+00 4.03655548349698e+00
4.00000000000000e+00 4.04029904520790e+00
5.00000000000000e+00 4.04370836157806e+00
6.00000000000000e+00 4.04687283129602e+00
7.00000000000000e+00 4.04989936841218e+00
8.00000000000000e+00 4.05286294768225e+00
9.00000000000000e+00 4.05580558049663e+00
1.00000000000000e+01 4.05874554383112e+00
1.10000000000000e+01 4.06168615115058e+00
1.20000000000000e+01 4.06462211541227e+00
1.30000000000000e+01 4.06754377360934e+00
1.40000000000000e+01 4.07043975738921e+00
1.50000000000000e+01 4.07329861554617e+00
1.60000000000000e+01 4.07610974666173e+00
1.70000000000000e+01 4.07886388059447e+00
1.80000000000000e+01 4.08155327403890e+00
1.90000000000000e+01 4.08417172609386e+00
2.00000000000000e+01 4.08671448770760e+00
2.10000000000000e+01 4.08917811278462e+00
2.20000000000000e+01 4.09156027822258e+00
2.30000000000000e+01 4.09385959895558e+00
2.40000000000000e+01 4.09607544638983e+00
2.50000000000000e+01 4.09820777699995e+00
2.60000000000000e+01 4.10025697472652e+00
2.70000000000000e+01 4.10222371335136e+00
2.80000000000000e+01 4.10410882844022e+00
2.90000000000000e+01 4.10591320843475e+00
3.00000000000000e+01 4.10763769668734e+00
3.10000000000000e+01 4.10928300322591e+00
3.20000000000000e+01 4.11084962838672e+00
3.30000000000000e+01 4.11233778866275e+00
3.40000000000000e+01 4.11374735199071e+00
3.50000000000000e+01 4.11507777204050e+00
3.60000000000000e+01 4.11632802583808e+00
3.70000000000000e+01 4.11749654807738e+00
3.80000000000000e+01 4.11858116500554e+00
3.90000000000000e+01 4.11957902022128e+00
4.00000000000000e+01 4.12048649708636e+00
4.10000000000000e+01 4.12129912923625e+00
4.20000000000000e+01 4.12201150080874e+00
4.30000000000000e+01 4.12261713278788e+00
4.40000000000000e+01 4.12310835187424e+00
4.50000000000000e+01 4.12347613891194e+00
4.60000000000000e+01 4.12370995425814e+00
4.70000000000000e+01 4.12379753250333e+00
4.80000000000000e+01 4.12372464572617e+00
4.90000000000000e+01 4.12347482445094e+00
5.00000000000000e+01 4.12302903563252e+00
5.10000000000000e+01 4.12236530405245e+00
5.20000000000000e+01 4.12145827562725e+00
5.30000000000000e+01 4.12027871138480e+00
5.40000000000000e+01 4.11879290900789e+00
5.50000000000000e+01 4.11696205302631e+00
5.60000000000000e+01 4.11474150076228e+00
5.70000000000000e+01 4.11208003951536e+00
5.80000000000000e+01 4.10891918456436e+00
5.90000000000000e+01 4.10519266918944e+00
6.00000000000000e+01 4.10082643081958e+00
6.10000000000000e+01 4.09573969015282e+00
6.20000000000000e+01 4.08984831272796e+00
6.30000000000000e+01 4.08307286628827e+00
6.40000000000000e+01 4.07535635230833e+00
6.50000000000000e+01 4.06670234475377e+00
6.60000000000000e+01 4.05725766078231e+00
6.70000000000000e+01 4.04749697024579e+00
6.80000000000000e+01 4.03865524347734e+00
6.90000000000000e+01 4.03380610852741e+00
7.00000000000000e+01 4.04073238345808e+00
7.10000000000000e+01 4.07967670061489e+00
7.20000000000000e+01 4.19878685721818e+00
7.30000000000000e+01 4.46184355022696e+00
7.40000000000000e+01 4.85622363108851e+00
7.50000000000000e+01 5.31360957809600e+00
7.60000000000000e+01 5.79831587727061e+00
7.70000000000000e+01 6.30254682313536e+00
7.80000000000000e+01 6.82905157930191e+00
7.90000000000000e+01 7.38504088511810e+00
8.00000000000000e+01 7.98121832878044e+00
8.10000000000000e+01 8.63317950829933e+00
8.20000000000000e+01 9.36546283636417e+00
8.30000000000000e+01 1.02217961531561e+01
8.40000000000000e+01 1.12944053868014e+01
8.50000000000000e+01 1.26926500896802e+01
8.60000000000000e+01 1.32566431972732e+01
8.70000000000000e+01 1.32793892043901e+01
8.80000000000000e+01 1.32158696710580e+01
8.90000000000000e+01 1.31238883206394e+01
9.00000000000000e+01 1.30171812694570e+01
9.10000000000000e+01 1.29004402543837e+01
9.20000000000000e+01 1.27755740139530e+01
9.30000000000000e+01 1.26434097579203e+01
9.40000000000000e+01 1.25042816012353e+01
9.50000000000000e+01 1.23582683443879e+01
9.60000000000000e+01 1.22053001481386e+01
9.70000000000000e+01 1.20452095883953e+01
9.80000000000000e+01 1.18777565833384e+01
9.90000000000000e+01 1.17026398478347e+01
1.00000000000000e+02 1.15195006733837e+01
1.01000000000000e+02 1.13279217725338e+01
1.02000000000000e+02 1.11274224235495e+01
1.03000000000000e+02 1.09174503398950e+01
1.04000000000000e+02 1.06973701532436e+01
1.05000000000000e+02 1.04664479647967e+01
1.06000000000000e+02 1.02238309724923e+01
1.07000000000000e+02 9.96852059720712e+00
1.08000000000000e+02 9.69933671719014e+00
1.09000000000000e+02 9.41486936131444e+00
1.10000000000000e+02 9.11341219622602e+00
1.11000000000000e+02 8.79286878197359e+00
1.12000000000000e+02 8.45061669006520e+00
1.13000000000000e+02 8.08330384494184e+00
1.14000000000000e+02 7.68653068128930e+00
1.15000000000000e+02 7.25432882556597e+00
1.16000000000000e+02 6.77825078377477e+00
1.17000000000000e+02 6.24564545493508e+00
1.18000000000000e+02 5.63600775041467e+00
1.19000000000000e+02 4.91189316334878e+00
1.20000000000000e+02 3.98942275747235e+00
