0.00000000000000e+00 1.01750373597745e+02
1.00000000000000e+00 1.01750375322407e+02
2.00000000000000e+00 1.01750375318132e+02
3.00000000000000e+00 1.01750375309650e+02
4.00000000000000e+00 1.01750375297618e+02
5.00000000000000e+00 1.01750375282904e+02
6.00000000000000e+00 1.01750375264846e+02
7.00000000000000e+00 1.01750375243230e+02
8.00000000000000e+00 1.01750375219000e+02
9.00000000000000e+00 1.01750375190957e+02
1.00000000000000e+01 1.01750375159619e+02
1.10000000000000e+01 1.01750375124482e+02
1.20000000000000e+01 1.01750375086048e+02
1.30000000000000e+01 1.01750375043845e+02
1.40000000000000e+01 1.01750374999227e+02
1.50000000000000e+01 1.01750374950568e+02
1.60000000000000e+01 1.01750374898076e+02
1.70000000000000e+01 1.01750374842082e+02
1.80000000000000e+01 1.01750374782134e+02
1.90000000000000e+01 1.01750374719695e+02
2.00000000000000e+01 1.01750374652612e+02
2.10000000000000e+01 1.01750374582170e+02
2.20000000000000e+01 1.01750374508097e+02
2.30000000000000e+01 1.01750374429675e+02
2.40000000000000e+01 1.01750374347574e+02
2.50000000000000e+01 1.01750374262630e+02
2.60000000000000e+01 1.01750374172803e+02
2.70000000000000e+01 1.01750374078862e+02
2.80000000000000e+01 1.01750373980450e+02
2.90000000000000e+01 1.01750373878372e+02
3.00000000000000e+01 1.01750373772741e+02
3.10000000000000e+01 1.01750373662912e+02
3.20000000000000e+01 1.01750373548119e+02
3.30000000000000e+01 1.01750373429405e+02
3.40000000000000e+01 1.01750373307055e+02
3.50000000000000e+01 1.01750373179891e+02
3.60000000000000e+01 1.01750373047801e+02
3.70000000000000e+01 1.01750372911363e+02
3.80000000000000e+01 1.01750372770825e+02
3.90000000000000e+01 1.01750372624899e+02
4.00000000000000e+01 1.01750372475484e+02
4.10000000000000e+01 1.01750372320212e+02
4.20000000000000e+01 1.01750372160751e+02
4.30000000000000e+01 1.01750371996443e+02
4.40000000000000e+01 1.01750371826629e+02
4.50000000000000e+01 1.01750371652676e+02
4.60000000000000e+01 1.01750371472619e+02
4.70000000000000e+01 1.01750371288803e+02
4.80000000000000e+01 1.01750371098544e+02
4.90000000000000e+01 1.01750370904332e+02
5.00000000000000e+01 1.01750370704446e+02
5.10000000000000e+01 1.01750370498934e+02
5.20000000000000e+01 1.01750370288119e+02
5.30000000000000e+01 1.01750370072142e+02
5.40000000000000e+01 1.01750369850232e+02
5.50000000000000e+01 1.01750369623179e+02
5.60000000000000e+01 1.01750369389957e+02
5.70000000000000e+01 1.01750369150694e+02
5.80000000000000e+01 1.01750368907433e+02
5.90000000000000e+01 1.01750368656369e+02
6.00000000000000e+01 1.01750368400142e+02
6.10000000000000e+01 1.01750368137982e+02
6.20000000000000e+01 1.01750367868974e+02
6.30000000000000e+01 1.01750367594575e+02
6.40000000000000e+01 1.01750367313639e+02
6.50000000000000e+01 1.01750367027232e+02
6.60000000000000e+01 1.01750366734161e+02
6.70000000000000e+01 1.01750366434785e+02
6.80000000000000e+01 1.01750366127585e+02
6.90000000000000e+01 1.01750365815449e+02
7.00000000000000e+01 1.01750365495105e+02
7.10000000000000e+01 1.01750365169406e+02
7.20000000000000e+01 1.01750364835411e+02
7.30000000000000e+01 1.01750364494926e+02
7.40000000000000e+01 1.01750364147963e+02
7.50000000000000e+01 1.01750363793375e+02
7.60000000000000e+01 1.01750363431245e+02
7.70000000000000e+01 1.01750363062442e+02
7.80000000000000e+01 1.01750362686121e+02
7.90000000000000e+01 1.01750362301594e+02
8.00000000000000e+01 1.01750361910077e+02
8.10000000000000e+01 1.01750361510457e+02
8.20000000000000e+01 1.01750361103299e+02
8.30000000000000e+01 1.01750360687708e+02
8.40000000000000e+01 1.01750360264286e+02
8.50000000000000e+01 1.01750359832331e+02
8.60000000000000e+01 1.01750359392112e+02
8.70000000000000e+01 1.01750358943214e+02
8.80000000000000e+01 1.01750358486185e+02
8.90000000000000e+01 1.01750358019800e+02
9.00000000000000e+01 1.01750357544350e+02
9.10000000000000e+01 1.01750357060543e+02
9.20000000000000e+01 1.01750356567442e+02
9.30000000000000e+01 1.01750356064061e+02
9.40000000000000e+01 1.01750355551648e+02
9.50000000000000e+01 1.01750355030042e+02
9.60000000000000e+01 1.01750354497180e+02
9.70000000000000e+01 1.01750353955634e+02
9.80000000000000e+01 1.01750353402917e+02
9.90000000000000e+01 1.01750352840413e+02
1.00000000000000e+02 1.01750352266069e+02
1.01000000000000e+02 1.01750351682372e+02
1.02000000000000e+02 1.01750351086664e+02
1.03000000000000e+02 1.01750350479566e+02
1.04000000000000e+02 1.01750349860947e+02
1.05000000000000e+02 1.01750349230339e+02
1.06000000000000e+02 1.01750348588499e+02
1.07000000000000e+02 1.01750347933309e+02
1.08000000000000e+02 1.01750347265777e+02
1.09000000000000e+02 1.01750346586029e+02
1.10000000000000e+02 1.01750345892908e+02
1.11000000000000e+02 1.01750345185968e+02
1.12000000000000e+02 1.01750344465439e+02
1.13000000000000e+02 1.01750343730468e+02
1.14000000000000e+02 1.01750342981275e+02
1.15000000000000e+02 1.01750342216908e+02
1.16000000000000e+02 1.01750341437797e+02
1.17000000000000e+02 1.01750340642790e+02
1.18000000000000e+02 1.01750339832338e+02
1.19000000000000e+02 1.01750339004525e+02
1.20000000000000e+02 1.01750338161155e+02
