0.00000000000000e+00 1.25107691506879e-08
1.00000000000000e+00 -1.16012457540925e-01
2.00000000000000e+00 -2.34192077734684e-01
3.00000000000000e+00 -3.53605372553123e-01
4.00000000000000e+00 -4.76510241893721e-01
5.00000000000000e+00 -6.03283355696919e-01
6.00000000000000e+00 -7.34391060193964e-01
7.00000000000000e+00 -8.70307102038292e-01
8.00000000000000e+00 -1.01146408776387e+00
9.00000000000000e+00 -1.15822709074675e+00
1.00000000000000e+01 -1.31088278767017e+00
1.10000000000000e+01 -1.46963902890433e+00
1.20000000000000e+01 -1.63463077715520e+00
1.30000000000000e+01 -1.80592959695193e+00
1.40000000000000e+01 -1.98355482191546e+00
1.50000000000000e+01 -2.16748516433489e+00
1.60000000000000e+01 -2.35766996133463e+00
1.70000000000000e+01 -2.55403955558650e+00
1.80000000000000e+01 -2.75651452780610e+00
1.90000000000000e+01 -2.96501365755641e+00
2.00000000000000e+01 -3.17946059977915e+00
2.10000000000000e+01 -3.39978934234601e+00
2.20000000000000e+01 -3.62594855201635e+00
2.30000000000000e+01 -3.85790494461859e+00
2.40000000000000e+01 -4.09564582160348e+00
2.50000000000000e+01 -4.33918091196181e+00
2.60000000000000e+01 -4.58854365109590e+00
2.70000000000000e+01 -4.84379201078768e+00
2.80000000000000e+01 -5.10500898218493e+00
2.90000000000000e+01 -5.37230279504587e+00
3.00000000000000e+01 -5.64580694069026e+00
3.10000000000000e+01 -5.92568005376969e+00
3.20000000000000e+01 -6.21210569035639e+00
3.30000000000000e+01 -6.50529203260343e+00
3.40000000000000e+01 -6.80547153483466e+00
3.50000000000000e+01 -7.11290052098513e+00
3.60000000000000e+01 -7.42785872963923e+00
3.70000000000000e+01 -7.75064880175077e+00
3.80000000000000e+01 -8.08159569286716e+00
3.90000000000000e+01 -8.42104599079848e+00
4.00000000000000e+01 -8.76936711160325e+00
4.10000000000000e+01 -9.12694634197020e+00
4.20000000000000e+01 -9.49418969580086e+00
4.30000000000000e+01 -9.87152054271721e+00
4.40000000000000e+01 -1.02593779762222e+01
4.50000000000000e+01 -1.06582148761610e+01
4.60000000000000e+01 -1.10684956384683e+01
4.70000000000000e+01 -1.14906935357874e+01
4.80000000000000e+01 -1.19252876982947e+01
4.90000000000000e+01 -1.23727597074873e+01
5.00000000000000e+01 -1.28335898225506e+01
5.10000000000000e+01 -1.33082528896586e+01
5.20000000000000e+01 -1.37972140107094e+01
5.30000000000000e+01 -1.43009240955257e+01
5.40000000000000e+01 -1.48198154700976e+01
5.50000000000000e+01 -1.53542977617823e+01
5.60000000000000e+01 -1.59047543393657e+01
5.70000000000000e+01 -1.64715396408668e+01
5.80000000000000e+01 -1.70549777667909e+01
5.90000000000000e+01 -1.76553627619011e+01
6.00000000000000e+01 -1.82729610304785e+01
6.10000000000000e+01 -1.89080163476734e+01
6.20000000000000e+01 -1.95607579284505e+01
6.30000000000000e+01 -2.02314120055415e+01
6.40000000000000e+01 -2.09202173711861e+01
6.50000000000000e+01 -2.16274453561847e+01
6.60000000000000e+01 -2.23534247710521e+01
6.70000000000000e+01 -2.30985725204688e+01
6.80000000000000e+01 -2.38634308602661e+01
6.90000000000000e+01 -2.46487127836753e+01
7.00000000000000e+01 -2.54553578620923e+01
7.10000000000000e+01 -2.62846021740276e+01
7.20000000000000e+01 -2.71380681461196e+01
7.30000000000000e+01 -2.80178836727924e+01
7.40000000000000e+01 -2.89268458877243e+01
7.50000000000000e+01 -2.98686555973757e+01
7.60000000000000e+01 -3.08482679876894e+01
7.70000000000000e+01 -3.18724435683980e+01
7.80000000000000e+01 -3.29506635223676e+01
7.90000000000000e+01 -3.40967553260095e+01
8.00000000000000e+01 -3.53320298147521e+01
8.10000000000000e+01 -3.66920291118901e+01
8.20000000000000e+01 -3.82433951042793e+01
8.30000000000000e+01 -4.01366663990783e+01
8.40000000000000e+01 -4.28473536391679e+01
8.50000000000000e+01 -4.90697089494024e+01
8.60000000000000e+01 -5.99919541109886e+01
8.70000000000000e+01 -6.81779462975847e+01
8.80000000000000e+01 -7.47916325279554e+01
8.90000000000000e+01 -8.05480027555883e+01
9.00000000000000e+01 -8.57556377052823e+01
9.10000000000000e+01 -9.05768977588978e+01
9.20000000000000e+01 -9.51090073054146e+01
9.30000000000000e+01 -9.94154580682570e+01
9.40000000000000e+01 -1.03540353231206e+02
9.50000000000000e+01 -1.07515775513140e+02
9.60000000000000e+01 -1.11365915243564e+02
9.70000000000000e+01 -1.15109542675682e+02
9.80000000000000e+01 -1.18761568975755e+02
9.90000000000000e+01 -1.22334074952535e+02
1.00000000000000e+02 -1.25837013483951e+02
1.01000000000000e+02 -1.29278703682241e+02
1.02000000000000e+02 -1.32666187495561e+02
1.03000000000000e+02 -1.36005492768975e+02
1.04000000000000e+02 -1.39301831054436e+02
1.05000000000000e+02 -1.42559748891525e+02
1.06000000000000e+02 -1.45783245246588e+02
1.07000000000000e+02 -1.48975863913252e+02
1.08000000000000e+02 -1.52140767096387e+02
1.09000000000000e+02 -1.55280794654959e+02
1.10000000000000e+02 -1.58398512267545e+02
1.11000000000000e+02 -1.61496250962977e+02
1.12000000000000e+02 -1.64576139827369e+02
1.13000000000000e+02 -1.67640133281022e+02
1.14000000000000e+02 -1.70690033986123e+02
1.15000000000000e+02 -1.73727512213985e+02
1.16000000000000e+02 -1.76754122329908e+02
1.17000000000000e+02 -1.79771316900356e+02
1.18000000000000e+02 -1.82780458823991e+02
1.19000000000000e+02 -1.85782831841098e+02
1.20000000000000e+02 -1.88779649657403e+02
