0.00000000000000e+00 3.27644296693741e-08
1.00000000000000e+00 -2.58888126269952e-07
2.00000000000000e+00 -5.17996220252351e-07
3.00000000000000e+00 -7.77387546242042e-07
4.00000000000000e+00 -1.03658029911025e-06
5.00000000000000e+00 -1.29533869712428e-06
6.00000000000000e+00 -1.55617896910321e-06
7.00000000000000e+00 -1.82047641923352e-06
8.00000000000000e+00 -2.08737800371644e-06
9.00000000000000e+00 -2.35658419756035e-06
1.00000000000000e+01 -2.62825227642649e-06
1.10000000000000e+01 -2.90263818601699e-06
1.20000000000000e+01 -3.18004503027658e-06
1.30000000000000e+01 -3.46075324184417e-06
1.40000000000000e+01 -3.74505758547750e-06
1.50000000000000e+01 -4.03318457517857e-06
1.60000000000000e+01 -4.32535935747814e-06
1.70000000000000e+01 -4.62193312088070e-06
1.80000000000000e+01 -4.92298641585880e-06
1.90000000000000e+01 -5.22882796703122e-06
2.00000000000000e+01 -5.53968717098563e-06
2.10000000000000e+01 -5.85571973318010e-06
2.20000000000000e+01 -6.17716813260143e-06
2.30000000000000e+01 -6.50421745887735e-06
2.40000000000000e+01 -6.83705717809447e-06
2.50000000000000e+01 -7.17581767381335e-06
2.60000000000000e+01 -7.52067663634462e-06
2.70000000000000e+01 -7.87184745048783e-06
2.80000000000000e+01 -8.22941495690196e-06
2.90000000000000e+01 -8.59359629039249e-06
3.00000000000000e+01 -8.96443714318773e-06
3.10000000000000e+01 -9.34209624890714e-06
3.20000000000000e+01 -9.72671254399066e-06
3.30000000000000e+01 -1.01184462513518e-05
3.40000000000000e+01 -1.05172875796769e-05
3.50000000000000e+01 -1.09233942129239e-05
3.60000000000000e+01 -1.13369347027100e-05
3.70000000000000e+01 -1.17579029441819e-05
3.80000000000000e+01 -1.21863378545553e-05
3.90000000000000e+01 -1.26224479859854e-05
4.00000000000000e+01 -1.30662432636132e-05
4.10000000000000e+01 -1.35178090779342e-05
4.20000000000000e+01 -1.39771680489021e-05
4.30000000000000e+01 -1.44444680567606e-05
4.40000000000000e+01 -1.49195617901096e-05
4.50000000000000e+01 -1.54027642249553e-05
4.60000000000000e+01 -1.58939589489995e-05
4.70000000000000e+01 -1.63932177120393e-05
4.80000000000000e+01 -1.69006242802337e-05
4.90000000000000e+01 -1.74162432770419e-05
5.00000000000000e+01 -1.79400421253459e-05
5.10000000000000e+01 -1.84721313055934e-05
5.20000000000000e+01 -1.90124946527395e-05
5.30000000000000e+01 -1.95611970136601e-05
5.40000000000000e+01 -2.01182641100357e-05
5.50000000000000e+01 -2.06838221929080e-05
5.60000000000000e+01 -2.12577834940442e-05
5.70000000000000e+01 -2.18402762890112e-05
5.80000000000000e+01 -2.24313092484218e-05
5.90000000000000e+01 -2.30309630601458e-05
6.00000000000000e+01 -2.36392480416660e-05
6.10000000000000e+01 -2.42562348414237e-05
6.20000000000000e+01 -2.48819933170912e-05
6.30000000000000e+01 -2.55165456034085e-05
6.40000000000000e+01 -2.61600295467079e-05
6.50000000000000e+01 -2.68123611931737e-05
6.60000000000000e+01 -2.74737607434063e-05
6.70000000000000e+01 -2.81442229982660e-05
6.80000000000000e+01 -2.88238711679194e-05
6.90000000000000e+01 -2.95127308101026e-05
7.00000000000000e+01 -3.02109417229897e-05
7.10000000000000e+01 -3.09185870870521e-05
7.20000000000000e+01 -3.16357661740131e-05
7.30000000000000e+01 -3.23625888899825e-05
7.40000000000000e+01 -3.30991720349612e-05
7.50000000000000e+01 -3.38456431819789e-05
7.60000000000000e+01 -3.46021256651702e-05
7.70000000000000e+01 -3.53687717165777e-05
7.80000000000000e+01 -3.61456725303606e-05
7.90000000000000e+01 -3.69330474652704e-05
8.00000000000000e+01 -3.77310365131667e-05
8.10000000000000e+01 -3.85397847253689e-05
8.20000000000000e+01 -3.93595271485983e-05
8.30000000000000e+01 -4.01904641356256e-05
8.40000000000000e+01 -4.10327885841603e-05
8.50000000000000e+01 -4.18866654456622e-05
8.60000000000000e+01 -4.27523677099479e-05
8.70000000000000e+01 -4.36301295177713e-05
8.80000000000000e+01 -4.45201981031929e-05
8.90000000000000e+01 -4.54228432068440e-05
9.00000000000000e+01 -4.63383997090852e-05
9.10000000000000e+01 -4.72670506748278e-05
9.20000000000000e+01 -4.82091963576181e-05
9.30000000000000e+01 -4.91651519085526e-05
9.40000000000000e+01 -5.01352088028428e-05
9.50000000000000e+01 -5.11197816485963e-05
9.60000000000000e+01 -5.21192130229084e-05
9.70000000000000e+01 -5.31339499536444e-05
9.80000000000000e+01 -5.41643392872469e-05
9.90000000000000e+01 -5.52109035531752e-05
1.00000000000000e+02 -5.62740243933992e-05
1.01000000000000e+02 -5.73542095142082e-05
1.02000000000000e+02 -5.84519813253410e-05
1.03000000000000e+02 -5.95678390075075e-05
1.04000000000000e+02 -6.07023916822623e-05
1.05000000000000e+02 -6.18561699189685e-05
1.06000000000000e+02 -6.30298330550148e-05
1.07000000000000e+02 -6.42239588631820e-05
1.08000000000000e+02 -6.54393277396484e-05
1.09000000000000e+02 -6.66765386551612e-05
1.10000000000000e+02 -6.79364306659502e-05
1.11000000000000e+02 -6.92196871527716e-05
1.12000000000000e+02 -7.05272122929227e-05
1.13000000000000e+02 -7.18598339288523e-05
1.14000000000000e+02 -7.32184867956303e-05
1.15000000000000e+02 -7.46041271070899e-05
1.16000000000000e+02 -7.60177381449109e-05
1.17000000000000e+02 -7.74603181366573e-05
1.18000000000000e+02 -7.89330598723690e-05
1.19000000000000e+02 -8.04371408045929e-05
1.20000000000000e+02 -8.19737000660806e-05
