0.00000000000000e+00 3.85836424611301e+01
1.00000000000000e+00 3.85828944706370e+01
2.00000000000000e+00 3.85806668766250e+01
3.00000000000000e+00 3.85770255063250e+01
4.00000000000000e+00 3.85718577296295e+01
5.00000000000000e+00 3.85651683290617e+01
6.00000000000000e+00 3.85569380492843e+01
7.00000000000000e+00 3.85471376995424e+01
8.00000000000000e+00 3.85357330087451e+01
9.00000000000000e+00 3.85226860776084e+01
1.00000000000000e+01 3.85079563033004e+01
1.10000000000000e+01 3.84915011699828e+01
1.20000000000000e+01 3.84732769766549e+01
1.30000000000000e+01 3.84532395143435e+01
1.40000000000000e+01 3.84313446900859e+01
1.50000000000000e+01 3.84075490923062e+01
1.60000000000000e+01 3.83818104929896e+01
1.70000000000000e+01 3.83540882843511e+01
1.80000000000000e+01 3.83243438501542e+01
1.90000000000000e+01 3.82925408740967e+01
2.00000000000000e+01 3.82586455895357e+01
2.10000000000000e+01 3.82226269766033e+01
2.20000000000000e+01 3.81844569132778e+01
2.30000000000000e+01 3.81441102880365e+01
2.40000000000000e+01 3.81015650817573e+01
2.50000000000000e+01 3.80568024264090e+01
2.60000000000000e+01 3.80098066480754e+01
2.70000000000000e+01 3.79605653011374e+01
2.80000000000000e+01 3.79090692003301e+01
2.90000000000000e+01 3.78553124562234e+01
3.00000000000000e+01 3.77992925198711e+01
3.10000000000000e+01 3.77410102410049e+01
3.20000000000000e+01 3.76804699441310e+01
3.30000000000000e+01 3.76176795260155e+01
3.40000000000000e+01 3.75526505776051e+01
3.50000000000000e+01 3.74853985329323e+01
3.60000000000000e+01 3.74159428467801e+01
3.70000000000000e+01 3.73443072026621e+01
3.80000000000000e+01 3.72705197514745e+01
3.90000000000000e+01 3.71946133811667e+01
4.00000000000000e+01 3.71166260160396e+01
4.10000000000000e+01 3.70366009442279e+01
4.20000000000000e+01 3.69545871697658e+01
4.30000000000000e+01 3.68706397850153e+01
4.40000000000000e+01 3.67848203570594e+01
4.50000000000000e+01 3.66971973197364e+01
4.60000000000000e+01 3.66078463612631e+01
4.70000000000000e+01 3.65168507943514e+01
4.80000000000000e+01 3.64243018933880e+01
4.90000000000000e+01 3.63302991807953e+01
5.00000000000000e+01 3.62349506416040e+01
5.10000000000000e+01 3.61383728436746e+01
5.20000000000000e+01 3.60406909387215e+01
5.30000000000000e+01 3.59420385190909e+01
5.40000000000000e+01 3.58425573060826e+01
5.50000000000000e+01 3.57423966471637e+01
5.60000000000000e+01 3.56417128052687e+01
5.70000000000000e+01 3.55406680289923e+01
5.80000000000000e+01 3.54394294024578e+01
5.90000000000000e+01 3.53381674844375e+01
6.00000000000000e+01 3.52370547592836e+01
6.10000000000000e+01 3.51362639357162e+01
6.20000000000000e+01 3.50359661418632e+01
6.30000000000000e+01 3.49363290763347e+01
6.40000000000000e+01 3.48375151821095e+01
6.50000000000000e+01 3.47396799136159e+01
6.60000000000000e+01 3.46429701635770e+01
6.70000000000000e+01 3.45475229109026e+01
6.80000000000000e+01 3.44534641358872e+01
6.90000000000000e+01 3.43609080346482e+01
7.00000000000000e+01 3.42699565458114e+01
7.10000000000000e+01 3.41806991844952e+01
7.20000000000000e+01 3.40932131619612e+01
7.30000000000000e+01 3.40075637559145e+01
7.40000000000000e+01 3.39238048870232e+01
7.50000000000000e+01 3.38419798521044e+01
7.60000000000000e+01 3.37621221637145e+01
7.70000000000000e+01 3.36842564479531e+01
7.80000000000000e+01 3.36083993590947e+01
7.90000000000000e+01 3.35345604752345e+01
8.00000000000000e+01 3.34627431482705e+01
8.10000000000000e+01 3.33929452894345e+01
8.20000000000000e+01 3.33251600783131e+01
8.30000000000000e+01 3.32593765906296e+01
8.40000000000000e+01 3.31955803450211e+01
8.50000000000000e+01 3.31337537726105e+01
8.60000000000000e+01 3.30738766163656e+01
8.70000000000000e+01 3.30159262690076e+01
8.80000000000000e+01 3.29598780580732e+01
8.90000000000000e+01 3.29057054884493e+01
9.00000000000000e+01 3.28533804500683e+01
9.10000000000000e+01 3.28028733993623e+01
9.20000000000000e+01 3.27541535209961e+01
9.30000000000000e+01 3.27071888756927e+01
9.40000000000000e+01 3.26619465380086e+01
9.50000000000000e+01 3.26183927283695e+01
9.60000000000000e+01 3.25764929405517e+01
9.70000000000000e+01 3.25362120664944e+01
9.80000000000000e+01 3.24975145194709e+01
9.90000000000000e+01 3.24603643550482e+01
1.00000000000000e+02 3.24247253902624e+01
1.01000000000000e+02 3.23905613197734e+01
1.02000000000000e+02 3.23578358289539e+01
1.03000000000000e+02 3.23265127025889e+01
1.04000000000000e+02 3.22965559287133e+01
1.05000000000000e+02 3.22679297967399e+01
1.06000000000000e+02 3.22405989892157e+01
1.07000000000000e+02 3.22145286670168e+01
1.08000000000000e+02 3.21896845469705e+01
1.09000000000000e+02 3.21660329724613e+01
1.10000000000000e+02 3.21435409764735e+01
1.11000000000000e+02 3.21221763368684e+01
1.12000000000000e+02 3.21019076249491e+01
1.13000000000000e+02 3.20827042464265e+01
1.14000000000000e+02 3.20645364759514e+01
1.15000000000000e+02 3.20473754849069e+01
1.16000000000000e+02 3.20311933639091e+01
1.17000000000000e+02 3.20159631391127e+01
1.18000000000000e+02 3.20016587837347e+01
1.19000000000000e+02 3.19882552251501e+01
1.20000000000000e+02 3.19757283478033e+01
