0.00000000000000e+00 -2.11669394789560e-08
1.00000000000000e+00 -1.41737337268287e-01
2.00000000000000e+00 -2.83818798443407e-01
3.00000000000000e+00 -4.26982430739141e-01
4.00000000000000e+00 -5.72020384805786e-01
5.00000000000000e+00 -7.16592916750558e-01
6.00000000000000e+00 -8.60314068324683e-01
7.00000000000000e+00 -1.00469709399874e+00
8.00000000000000e+00 -1.15009849162922e+00
9.00000000000000e+00 -1.29654990147731e+00
1.00000000000000e+01 -1.44405994023327e+00
1.10000000000000e+01 -1.59264774577704e+00
1.20000000000000e+01 -1.74234167960587e+00
1.30000000000000e+01 -1.89317618935810e+00
1.40000000000000e+01 -2.04518970179867e+00
1.50000000000000e+01 -2.19842322242456e+00
1.60000000000000e+01 -2.35291929731432e+00
1.70000000000000e+01 -2.50872117194476e+00
1.80000000000000e+01 -2.66587208225900e+00
1.90000000000000e+01 -2.82441465429034e+00
2.00000000000000e+01 -2.98439040279913e+00
2.10000000000000e+01 -3.14583932017412e+00
2.20000000000000e+01 -3.30879955026793e+00
2.30000000000000e+01 -3.47330713595405e+00
2.40000000000000e+01 -3.63939583384638e+00
2.50000000000000e+01 -3.80709698633002e+00
2.60000000000000e+01 -3.97643944267061e+00
2.70000000000000e+01 -4.14744952184110e+00
2.80000000000000e+01 -4.32015101144667e+00
2.90000000000000e+01 -4.49456519502117e+00
3.00000000000000e+01 -4.67071090465376e+00
3.10000000000000e+01 -4.84860459288784e+00
3.20000000000000e+01 -5.02826042196496e+00
3.30000000000000e+01 -5.20969036485148e+00
3.40000000000000e+01 -5.39290431791680e+00
3.50000000000000e+01 -5.57791022059818e+00
3.60000000000000e+01 -5.76471418125755e+00
3.70000000000000e+01 -5.95332060717302e+00
3.80000000000000e+01 -6.14373233691518e+00
3.90000000000000e+01 -6.33595077370975e+00
4.00000000000000e+01 -6.52997601944507e+00
4.10000000000000e+01 -6.72580700727178e+00
4.20000000000000e+01 -6.92344163208729e+00
4.30000000000000e+01 -7.12287687977203e+00
4.40000000000000e+01 -7.32410895205297e+00
4.50000000000000e+01 -7.52713338856657e+00
4.60000000000000e+01 -7.73194518462923e+00
4.70000000000000e+01 -7.93853890558719e+00
4.80000000000000e+01 -8.14690879513372e+00
4.90000000000000e+01 -8.35704888096329e+00
5.00000000000000e+01 -8.56895307396767e+00
5.10000000000000e+01 -8.78261526393630e+00
5.20000000000000e+01 -8.99802940973445e+00
5.30000000000000e+01 -9.21518962469591e+00
5.40000000000000e+01 -9.43409025801724e+00
5.50000000000000e+01 -9.65472597089123e+00
5.60000000000000e+01 -9.87709180839051e+00
5.70000000000000e+01 -1.01011832671397e+01
5.80000000000000e+01 -1.03269963585465e+01
5.90000000000000e+01 -1.05545276685475e+01
6.00000000000000e+01 -1.07837744131181e+01
6.10000000000000e+01 -1.10147344901296e+01
6.20000000000000e+01 -1.12474065282925e+01
6.30000000000000e+01 -1.14817899323565e+01
6.40000000000000e+01 -1.17178849256016e+01
6.50000000000000e+01 -1.19556925899388e+01
6.60000000000000e+01 -1.21952149022713e+01
6.70000000000000e+01 -1.24364547700282e+01
6.80000000000000e+01 -1.26794160633535e+01
6.90000000000000e+01 -1.29241036457845e+01
7.00000000000000e+01 -1.31705234034375e+01
7.10000000000000e+01 -1.34186822720339e+01
7.20000000000000e+01 -1.36685882630006e+01
7.30000000000000e+01 -1.39202504886030e+01
7.40000000000000e+01 -1.41736791845345e+01
7.50000000000000e+01 -1.44288857346847e+01
7.60000000000000e+01 -1.46858826916713e+01
7.70000000000000e+01 -1.49446837995945e+01
7.80000000000000e+01 -1.52053040147008e+01
7.90000000000000e+01 -1.54677595272677e+01
8.00000000000000e+01 -1.57320677819090e+01
8.10000000000000e+01 -1.59982474993556e+01
8.20000000000000e+01 -1.62663186971156e+01
8.30000000000000e+01 -1.65363027120043e+01
8.40000000000000e+01 -1.68082222213185e+01
8.50000000000000e+01 -1.70821012662558e+01
8.60000000000000e+01 -1.73579652751385e+01
8.70000000000000e+01 -1.76358410875665e+01
8.80000000000000e+01 -1.79157569793027e+01
8.90000000000000e+01 -1.81977426893465e+01
9.00000000000000e+01 -1.84818294462773e+01
9.10000000000000e+01 -1.87680499977174e+01
9.20000000000000e+01 -1.90564386399800e+01
9.30000000000000e+01 -1.93470312498238e+01
9.40000000000000e+01 -1.96398653167988e+01
9.50000000000000e+01 -1.99349799791982e+01
9.60000000000000e+01 -2.02324160599059e+01
9.70000000000000e+01 -2.05322161050205e+01
9.80000000000000e+01 -2.08344244245465e+01
9.90000000000000e+01 -2.11390871350064e+01
1.00000000000000e+02 -2.14462522041894e+01
1.01000000000000e+02 -2.17559694987281e+01
1.02000000000000e+02 -2.20682908335810e+01
1.03000000000000e+02 -2.23832700247846e+01
1.04000000000000e+02 -2.27009629438875e+01
1.05000000000000e+02 -2.30214275761203e+01
1.06000000000000e+02 -2.33447240812254e+01
1.07000000000000e+02 -2.36709148577604e+01
1.08000000000000e+02 -2.40000646092837e+01
1.09000000000000e+02 -2.43322404157422e+01
1.10000000000000e+02 -2.46675118065233e+01
1.11000000000000e+02 -2.50059508392908e+01
1.12000000000000e+02 -2.53476321794556e+01
1.13000000000000e+02 -2.56926331874291e+01
1.14000000000000e+02 -2.60410340054966e+01
1.15000000000000e+02 -2.63929176537542e+01
1.16000000000000e+02 -2.67483701256517e+01
1.17000000000000e+02 -2.71074804918287e+01
1.18000000000000e+02 -2.74703410048764e+01
1.19000000000000e+02 -2.78370472126484e+01
1.20000000000000e+02 -2.82076980736290e+01
