0.00000000000000e+00 2.78954432064361e+01
1.00000000000000e+00 2.78958631744716e+01
2.00000000000000e+00 2.78966635048477e+01
3.00000000000000e+00 2.78980863283843e+01
4.00000000000000e+00 2.78999565869147e+01
5.00000000000000e+00 2.79021465471901e+01
6.00000000000000e+00 2.79045691010368e+01
7.00000000000000e+00 2.79071366566646e+01
8.00000000000000e+00 2.79097555494538e+01
9.00000000000000e+00 2.79123267459226e+01
1.00000000000000e+01 2.79147483675580e+01
1.10000000000000e+01 2.79169184243899e+01
1.20000000000000e+01 2.79187371704579e+01
1.30000000000000e+01 2.79201089038177e+01
1.40000000000000e+01 2.79209431984920e+01
1.50000000000000e+01 2.79211556219790e+01
1.60000000000000e+01 2.79206680151742e+01
1.70000000000000e+01 2.79194084198763e+01
1.80000000000000e+01 2.79173107346550e+01
1.90000000000000e+01 2.79143141731627e+01
2.00000000000000e+01 2.79103625871955e+01
2.10000000000000e+01 2.79054037064433e+01
2.20000000000000e+01 2.78993883347530e+01
2.30000000000000e+01 2.78922695334998e+01
2.40000000000000e+01 2.78840018125115e+01
2.50000000000000e+01 2.78745403433326e+01
2.60000000000000e+01 2.78638402015441e+01
2.70000000000000e+01 2.78518556422074e+01
2.80000000000000e+01 2.78385394077087e+01
2.90000000000000e+01 2.78238420649965e+01
3.00000000000000e+01 2.78077113682227e+01
3.10000000000000e+01 2.77900916403465e+01
3.20000000000000e+01 2.77709231682465e+01
3.30000000000000e+01 2.77501416032290e+01
3.40000000000000e+01 2.77276773616184e+01
3.50000000000000e+01 2.77034550177404e+01
3.60000000000000e+01 2.76773926833866e+01
3.70000000000000e+01 2.76494013673518e+01
3.80000000000000e+01 2.76193843099945e+01
3.90000000000000e+01 2.75872362875552e+01
4.00000000000000e+01 2.75528428820486e+01
4.10000000000000e+01 2.75160797131957e+01
4.20000000000000e+01 2.74768116304303e+01
4.30000000000000e+01 2.74348918627805e+01
4.40000000000000e+01 2.73901611271691e+01
4.50000000000000e+01 2.73424466962062e+01
4.60000000000000e+01 2.72915614278665e+01
4.70000000000000e+01 2.72373027617909e+01
4.80000000000000e+01 2.71794516877988e+01
4.90000000000000e+01 2.71177716938565e+01
5.00000000000000e+01 2.70520077012733e+01
5.10000000000000e+01 2.69818849955881e+01
5.20000000000000e+01 2.69071081601730e+01
5.30000000000000e+01 2.68273600174391e+01
5.40000000000000e+01 2.67423005776584e+01
5.50000000000000e+01 2.66515659880399e+01
5.60000000000000e+01 2.65547674643862e+01
5.70000000000000e+01 2.64514901725699e+01
5.80000000000000e+01 2.63412920082269e+01
5.90000000000000e+01 2.62237021994872e+01
6.00000000000000e+01 2.60982196277710e+01
6.10000000000000e+01 2.59643107283498e+01
6.20000000000000e+01 2.58214067898493e+01
6.30000000000000e+01 2.56689004264953e+01
6.40000000000000e+01 2.55061409379925e+01
6.50000000000000e+01 2.53324282028188e+01
6.60000000000000e+01 2.51470046603323e+01
6.70000000000000e+01 2.49490448159184e+01
6.80000000000000e+01 2.47376415325797e+01
6.90000000000000e+01 2.45117881257272e+01
7.00000000000000e+01 2.42703549074346e+01
7.10000000000000e+01 2.40120582638487e+01
7.20000000000000e+01 2.37354194701451e+01
7.30000000000000e+01 2.34387090503238e+01
7.40000000000000e+01 2.31198701998715e+01
7.50000000000000e+01 2.27764109264284e+01
7.60000000000000e+01 2.24052477845831e+01
7.70000000000000e+01 2.20024716390178e+01
7.80000000000000e+01 2.15629817620580e+01
7.90000000000000e+01 2.10798846274081e+01
8.00000000000000e+01 2.05434416925197e+01
8.10000000000000e+01 1.99390725591591e+01
8.20000000000000e+01 1.92431379946086e+01
8.30000000000000e+01 1.84126612663879e+01
8.40000000000000e+01 1.73560280526907e+01
8.50000000000000e+01 1.59643696106152e+01
8.60000000000000e+01 1.53979619757241e+01
8.70000000000000e+01 1.53641041208868e+01
8.80000000000000e+01 1.54080456603510e+01
8.90000000000000e+01 1.54721520982576e+01
9.00000000000000e+01 1.55428025215341e+01
9.10000000000000e+01 1.56153722916328e+01
9.20000000000000e+01 1.56879759370475e+01
9.30000000000000e+01 1.57597685748715e+01
9.40000000000000e+01 1.58303591843023e+01
9.50000000000000e+01 1.58995734796246e+01
9.60000000000000e+01 1.59673469061409e+01
9.70000000000000e+01 1.60336723021956e+01
9.80000000000000e+01 1.60985727033867e+01
9.90000000000000e+01 1.61620865592433e+01
1.00000000000000e+02 1.62242594288319e+01
1.01000000000000e+02 1.62851392099558e+01
1.02000000000000e+02 1.63447733694217e+01
1.03000000000000e+02 1.64032073354791e+01
1.04000000000000e+02 1.64604835804718e+01
1.05000000000000e+02 1.65166411223227e+01
1.06000000000000e+02 1.65717152751556e+01
1.07000000000000e+02 1.66257375576848e+01
1.08000000000000e+02 1.66787356898495e+01
1.09000000000000e+02 1.67307336442403e+01
1.10000000000000e+02 1.67817517267782e+01
1.11000000000000e+02 1.68318066688403e+01
1.12000000000000e+02 1.68809117240953e+01
1.13000000000000e+02 1.69290767615290e+01
1.14000000000000e+02 1.69763083521061e+01
1.15000000000000e+02 1.70226098446164e+01
1.16000000000000e+02 1.70679814327750e+01
1.17000000000000e+02 1.71124202084318e+01
1.18000000000000e+02 1.71559202041281e+01
1.19000000000000e+02 1.71984724226837e+01
1.20000000000000e+02 1.72400648544490e+01
