0.00000000000000e+00 -8.40950342174962e-09
1.00000000000000e+00 -6.40557745599128e-02
2.00000000000000e+00 -1.28077810554624e-01
3.00000000000000e+00 -1.92933748477366e-01
4.00000000000000e+00 -2.58827125250813e-01
5.00000000000000e+00 -3.25882877907245e-01
6.00000000000000e+00 -3.94384908826988e-01
7.00000000000000e+00 -4.64585174020446e-01
8.00000000000000e+00 -5.36702846846965e-01
9.00000000000000e+00 -6.10924582251976e-01
1.00000000000000e+01 -6.87403981631194e-01
1.10000000000000e+01 -7.66261181881647e-01
1.20000000000000e+01 -8.47582852889402e-01
1.30000000000000e+01 -9.31422665642316e-01
1.40000000000000e+01 -1.01780221129998e+00
1.50000000000000e+01 -1.10671231256562e+00
1.60000000000000e+01 -1.19811465289790e+00
1.70000000000000e+01 -1.29194363991843e+00
1.80000000000000e+01 -1.38810842100808e+00
1.90000000000000e+01 -1.48649497494926e+00
2.00000000000000e+01 -1.58696821037279e+00
2.10000000000000e+01 -1.68937401344645e+00
2.20000000000000e+01 -1.79354119835449e+00
2.30000000000000e+01 -1.89928332383349e+00
2.40000000000000e+01 -2.00640035085125e+00
2.50000000000000e+01 -2.11468012566738e+00
2.60000000000000e+01 -2.22389968048044e+00
2.70000000000000e+01 -2.33382635209670e+00
2.80000000000000e+01 -2.44421872438593e+00
2.90000000000000e+01 -2.55482740610501e+00
3.00000000000000e+01 -2.66539565967035e+00
3.10000000000000e+01 -2.77565990060919e+00
3.20000000000000e+01 -2.88535008898890e+00
3.30000000000000e+01 -2.99419003921319e+00
3.40000000000000e+01 -3.10189767437031e+00
3.50000000000000e+01 -3.20818525587453e+00
3.60000000000000e+01 -3.31275962006343e+00
3.70000000000000e+01 -3.41532245536149e+00
3.80000000000000e+01 -3.51557065952920e+00
3.90000000000000e+01 -3.61319681354100e+00
4.00000000000000e+01 -3.70788981658801e+00
4.10000000000000e+01 -3.79933572623572e+00
4.20000000000000e+01 -3.88721885129188e+00
4.30000000000000e+01 -3.97122314533057e+00
4.40000000000000e+01 -4.05103395244665e+00
4.50000000000000e+01 -4.12634015279515e+00
4.60000000000000e+01 -4.19683675399049e+00
4.70000000000000e+01 -4.26222797034889e+00
4.80000000000000e+01 -4.32223082208980e+00
4.90000000000000e+01 -4.37657926914948e+00
5.00000000000000e+01 -4.42502888478752e+00
5.10000000000000e+01 -4.46736203915495e+00
5.20000000000000e+01 -4.50339354050303e+00
5.30000000000000e+01 -4.53297664137217e+00
5.40000000000000e+01 -4.55600927835580e+00
5.50000000000000e+01 -4.57244036784834e+00
5.60000000000000e+01 -4.58227593797614e+00
5.70000000000000e+01 -4.58558483698314e+00
5.80000000000000e+01 -4.58250372376374e+00
5.90000000000000e+01 -4.57324103438614e+00
6.00000000000000e+01 -4.55807961550533e+00
6.10000000000000e+01 -4.53737774314288e+00
6.20000000000000e+01 -4.51156829654383e+00
6.30000000000000e+01 -4.48115593641025e+00
6.40000000000000e+01 -4.44671222604109e+00
6.50000000000000e+01 -4.40886875715240e+00
6.60000000000000e+01 -4.36830845172546e+00
6.70000000000000e+01 -4.32575532497860e+00
6.80000000000000e+01 -4.28196308278978e+00
6.90000000000000e+01 -4.23770299580856e+00
7.00000000000000e+01 -4.19375151971781e+00
7.10000000000000e+01 -4.15087812733305e+00
7.20000000000000e+01 -4.10983378268557e+00
7.30000000000000e+01 -4.07134042226729e+00
7.40000000000000e+01 -4.03608172629138e+00
7.50000000000000e+01 -4.00469537248442e+00
7.60000000000000e+01 -3.97776687547577e+00
7.70000000000000e+01 -3.95582503380553e+00
7.80000000000000e+01 -3.93933892856780e+00
7.90000000000000e+01 -3.92871637550240e+00
8.00000000000000e+01 -3.92430368354001e+00
8.10000000000000e+01 -3.92638655131477e+00
8.20000000000000e+01 -3.93519192971712e+00
8.30000000000000e+01 -3.95089066617728e+00
8.40000000000000e+01 -3.97360076731965e+00
8.50000000000000e+01 -4.00339111562490e+00
8.60000000000000e+01 -4.04028550678057e+00
8.70000000000000e+01 -4.08426687662489e+00
8.80000000000000e+01 -4.13528161438919e+00
8.90000000000000e+01 -4.19324387164192e+00
9.00000000000000e+01 -4.25803979177466e+00
9.10000000000000e+01 -4.32953160043827e+00
9.20000000000000e+01 -4.40756150826888e+00
9.30000000000000e+01 -4.49195539186919e+00
9.40000000000000e+01 -4.58252622561271e+00
9.50000000000000e+01 -4.67907724475973e+00
9.60000000000000e+01 -4.78140483290313e+00
9.70000000000000e+01 -4.88930113041002e+00
9.80000000000000e+01 -5.00255636254460e+00
9.90000000000000e+01 -5.12096089518975e+00
1.00000000000000e+02 -5.24430702927875e+00
1.01000000000000e+02 -5.37239054595152e+00
1.02000000000000e+02 -5.50501201645230e+00
1.03000000000000e+02 -5.64197789593362e+00
1.04000000000000e+02 -5.78310141561056e+00
1.05000000000000e+02 -5.92820329483884e+00
1.06000000000000e+02 -6.07711228849706e+00
1.07000000000000e+02 -6.22966558931957e+00
1.08000000000000e+02 -6.38570910127992e+00
1.09000000000000e+02 -6.54509760214232e+00
1.10000000000000e+02 -6.70769480866777e+00
1.11000000000000e+02 -6.87337336035889e+00
1.12000000000000e+02 -7.04201473395169e+00
1.13000000000000e+02 -7.21350910389386e+00
1.14000000000000e+02 -7.38775515173089e+00
1.15000000000000e+02 -7.56465984589698e+00
1.16000000000000e+02 -7.74413818789437e+00
1.17000000000000e+02 -7.92611294236520e+00
1.18000000000000e+02 -8.11051435133094e+00
1.19000000000000e+02 -8.29727984157061e+00
1.20000000000000e+02 -8.48635372588811e+00
