0.00000000000000e+00 8.25690978777331e+01
1.00000000000000e+00 8.25693371541260e+01
2.00000000000000e+00 8.25700636964556e+01
3.00000000000000e+00 8.25712713903841e+01
4.00000000000000e+00 8.25727295386095e+01
5.00000000000000e+00 8.25742650988423e+01
6.00000000000000e+00 8.25762724055248e+01
7.00000000000000e+00 8.25787718307480e+01
8.00000000000000e+00 8.25816766659322e+01
9.00000000000000e+00 8.25849435403887e+01
1.00000000000000e+01 8.25885503245216e+01
1.10000000000000e+01 8.25924828584149e+01
1.20000000000000e+01 8.25967303187503e+01
1.30000000000000e+01 8.26012834662450e+01
1.40000000000000e+01 8.26061338534947e+01
1.50000000000000e+01 8.26112734020455e+01
1.60000000000000e+01 8.26166941516743e+01
1.70000000000000e+01 8.26223881061650e+01
1.80000000000000e+01 8.26283471407499e+01
1.90000000000000e+01 8.26345629517424e+01
2.00000000000000e+01 8.26410270354225e+01
2.10000000000000e+01 8.26477306874328e+01
2.20000000000000e+01 8.26546650161574e+01
2.30000000000000e+01 8.26618209651184e+01
2.40000000000000e+01 8.26691893412909e+01
2.50000000000000e+01 8.26767608463548e+01
2.60000000000000e+01 8.26845261095629e+01
2.70000000000000e+01 8.26924757205138e+01
2.80000000000000e+01 8.27006002613786e+01
2.90000000000000e+01 8.27088903374893e+01
3.00000000000000e+01 8.27173366063113e+01
3.10000000000000e+01 8.27259298042653e+01
3.20000000000000e+01 8.27346607714326e+01
3.30000000000000e+01 8.27435204738869e+01
3.40000000000000e+01 8.27525000238181e+01
3.50000000000000e+01 8.27615906972955e+01
3.60000000000000e+01 8.27707839498850e+01
3.70000000000000e+01 8.27800714300886e+01
3.80000000000000e+01 8.27894449907214e+01
3.90000000000000e+01 8.27988966982905e+01
4.00000000000000e+01 8.28084188406442e+01
4.10000000000000e+01 8.28180039327474e+01
4.20000000000000e+01 8.28276447208895e+01
4.30000000000000e+01 8.28373341854247e+01
4.40000000000000e+01 8.28470655419317e+01
4.50000000000000e+01 8.28568322414156e+01
4.60000000000000e+01 8.28666279690217e+01
4.70000000000000e+01 8.28764466418359e+01
4.80000000000000e+01 8.28862824057260e+01
4.90000000000000e+01 8.28961296312199e+01
5.00000000000000e+01 8.29059829087630e+01
5.10000000000000e+01 8.29158370432000e+01
5.20000000000000e+01 8.29256870475883e+01
5.30000000000000e+01 8.29355281366887e+01
5.40000000000000e+01 8.29453557198563e+01
5.50000000000000e+01 8.29551653935799e+01
5.60000000000000e+01 8.29649529337231e+01
5.70000000000000e+01 8.29747142875786e+01
5.80000000000000e+01 8.29844455655667e+01
5.90000000000000e+01 8.29941430329022e+01
6.00000000000000e+01 8.30038031010736e+01
6.10000000000000e+01 8.30134223193680e+01
6.20000000000000e+01 8.30229973661281e+01
6.30000000000000e+01 8.30325250402444e+01
6.40000000000000e+01 8.30420022524849e+01
6.50000000000000e+01 8.30514260170018e+01
6.60000000000000e+01 8.30607934427473e+01
6.70000000000000e+01 8.30701017251000e+01
6.80000000000000e+01 8.30793481374309e+01
6.90000000000000e+01 8.30885300229666e+01
7.00000000000000e+01 8.30976447865407e+01
7.10000000000000e+01 8.31066898865562e+01
7.20000000000000e+01 8.31156628271406e+01
7.30000000000000e+01 8.31245611502199e+01
7.40000000000000e+01 8.31333824279169e+01
7.50000000000000e+01 8.31421242548218e+01
7.60000000000000e+01 8.31507842406490e+01
7.70000000000000e+01 8.31593600027136e+01
7.80000000000000e+01 8.31678491587173e+01
7.90000000000000e+01 8.31762493195255e+01
8.00000000000000e+01 8.31845580819588e+01
8.10000000000000e+01 8.31927730218225e+01
8.20000000000000e+01 8.32008916867747e+01
8.30000000000000e+01 8.32089115894192e+01
8.40000000000000e+01 8.32168302003318e+01
8.50000000000000e+01 8.32246449411050e+01
8.60000000000000e+01 8.32323531773851e+01
8.70000000000000e+01 8.32399522119603e+01
8.80000000000000e+01 8.32474392776891e+01
8.90000000000000e+01 8.32548115305098e+01
9.00000000000000e+01 8.32620660422490e+01
9.10000000000000e+01 8.32691997934556e+01
9.20000000000000e+01 8.32762096660562e+01
9.30000000000000e+01 8.32830924358120e+01
9.40000000000000e+01 8.32898447647779e+01
9.50000000000000e+01 8.32964631935028e+01
9.60000000000000e+01 8.33029441328936e+01
9.70000000000000e+01 8.33092838561093e+01
9.80000000000000e+01 8.33154784899172e+01
9.90000000000000e+01 8.33215240059883e+01
1.00000000000000e+02 8.33274162117310e+01
1.01000000000000e+02 8.33331507408575e+01
1.02000000000000e+02 8.33387230434217e+01
1.03000000000000e+02 8.33441283755827e+01
1.04000000000000e+02 8.33493617889400e+01
1.05000000000000e+02 8.33544181190507e+01
1.06000000000000e+02 8.33592919738798e+01
1.07000000000000e+02 8.33639777211447e+01
1.08000000000000e+02 8.33684694754223e+01
1.09000000000000e+02 8.33727610843619e+01
1.10000000000000e+02 8.33768461140968e+01
1.11000000000000e+02 8.33807178339944e+01
1.12000000000000e+02 8.33843692003652e+01
1.13000000000000e+02 8.33877928393550e+01
1.14000000000000e+02 8.33909810286601e+01
1.15000000000000e+02 8.33939256782204e+01
1.16000000000000e+02 8.33966183097551e+01
1.17000000000000e+02 8.33990500347676e+01
1.18000000000000e+02 8.34012115315111e+01
1.19000000000000e+02 8.34030930200890e+01
1.20000000000000e+02 8.34046842361439e+01
