0.00000000000000e+00 0.00000000000000e+00
1.00000000000000e+00 -1.22262219299244e+00
2.00000000000000e+00 -2.44439892455241e+00
3.00000000000000e+00 -3.66450934182366e+00
4.00000000000000e+00 -4.88217943563263e+00
5.00000000000000e+00 -6.09669992531821e+00
6.00000000000000e+00 -7.30743850024393e+00
7.00000000000000e+00 -8.51384594442146e+00
8.00000000000000e+00 -9.71545642868711e+00
9.00000000000000e+00 -1.09118828461164e+01
1.00000000000000e+01 -1.21028084033111e+01
1.10000000000000e+01 -1.32879757807961e+01
1.20000000000000e+01 -1.44671750870059e+01
1.30000000000000e+01 -1.56402316192555e+01
1.40000000000000e+01 -1.68069941873222e+01
1.50000000000000e+01 -1.79673244891282e+01
1.60000000000000e+01 -1.91210878079820e+01
1.70000000000000e+01 -2.02681451156747e+01
1.80000000000000e+01 -2.14083465442801e+01
1.90000000000000e+01 -2.25415261032079e+01
2.00000000000000e+01 -2.36674974765034e+01
2.10000000000000e+01 -2.47860507143683e+01
2.20000000000000e+01 -2.58969496361466e+01
2.30000000000000e+01 -2.69999297692306e+01
2.40000000000000e+01 -2.80946966710444e+01
2.50000000000000e+01 -2.91809244939108e+01
2.60000000000000e+01 -3.02582546774628e+01
2.70000000000000e+01 -3.13262946664332e+01
2.80000000000000e+01 -3.23846165702039e+01
2.90000000000000e+01 -3.34327556852644e+01
3.00000000000000e+01 -3.44702088230674e+01
3.10000000000000e+01 -3.54964323733298e+01
3.20000000000000e+01 -3.65108400584343e+01
3.30000000000000e+01 -3.75128003145381e+01
3.40000000000000e+01 -3.85016332464224e+01
3.50000000000000e+01 -3.94766070916595e+01
3.60000000000000e+01 -4.04369341292913e+01
3.70000000000000e+01 -4.13817659491191e+01
3.80000000000000e+01 -4.23101879963658e+01
3.90000000000000e+01 -4.32212132757031e+01
4.00000000000000e+01 -4.41137750953009e+01
4.10000000000000e+01 -4.49867186867713e+01
4.20000000000000e+01 -4.58387915194986e+01
4.30000000000000e+01 -4.66686320811864e+01
4.40000000000000e+01 -4.74747568362826e+01
4.50000000000000e+01 -4.82555450329076e+01
4.60000000000000e+01 -4.90092209132803e+01
4.70000000000000e+01 -4.97338328034188e+01
4.80000000000000e+01 -5.04272284102969e+01
4.90000000000000e+01 -5.10870254690879e+01
5.00000000000000e+01 -5.17105766520024e+01
5.10000000000000e+01 -5.22949273305833e+01
5.20000000000000e+01 -5.28367643618648e+01
5.30000000000000e+01 -5.33323534703475e+01
5.40000000000000e+01 -5.37774620018919e+01
5.50000000000000e+01 -5.41672627006000e+01
5.60000000000000e+01 -5.44962125061029e+01
5.70000000000000e+01 -5.47578980786274e+01
5.80000000000000e+01 -5.49448362550746e+01
5.90000000000000e+01 -5.50482124568168e+01
6.00000000000000e+01 -5.50575320264960e+01
6.10000000000000e+01 -5.49601468603530e+01
6.20000000000000e+01 -5.47405991946191e+01
6.30000000000000e+01 -5.43796904500314e+01
6.40000000000000e+01 -5.38531248085892e+01
6.50000000000000e+01 -5.31294749226256e+01
6.60000000000000e+01 -5.21670332014554e+01
6.70000000000000e+01 -5.09087809686366e+01
6.80000000000000e+01 -4.92741491019633e+01
6.90000000000000e+01 -4.71456193561346e+01
7.00000000000000e+01 -4.43499461922875e+01
7.10000000000000e+01 -4.06559334656666e+01
7.20000000000000e+01 -3.59399605604967e+01
7.30000000000000e+01 -3.07954204423808e+01
7.40000000000000e+01 -2.63824167706980e+01
7.50000000000000e+01 -2.30148700208195e+01
7.60000000000000e+01 -2.04213577449431e+01
7.70000000000000e+01 -1.83407849299154e+01
7.80000000000000e+01 -1.66072834580830e+01
7.90000000000000e+01 -1.51188633375531e+01
8.00000000000000e+01 -1.38105762737437e+01
8.10000000000000e+01 -1.26391689339498e+01
8.20000000000000e+01 -1.15746079567127e+01
8.30000000000000e+01 -1.05952659247554e+01
8.40000000000000e+01 -9.68507269984747e+00
8.50000000000000e+01 -8.83175936398012e+00
8.60000000000000e+01 -8.02573426448939e+00
8.70000000000000e+01 -7.25933902028133e+00
8.80000000000000e+01 -6.52634109535383e+00
8.90000000000000e+01 -5.82157825970301e+00
9.00000000000000e+01 -5.14070332887672e+00
9.10000000000000e+01 -4.47999672322456e+00
9.20000000000000e+01 -3.83622577424243e+00
9.30000000000000e+01 -3.20653690783125e+00
9.40000000000000e+01 -2.58837114296165e+00
9.50000000000000e+01 -1.97939631050337e+00
9.60000000000000e+01 -1.37745124073085e+00
9.70000000000000e+01 -7.80498394611483e-01
9.80000000000000e+01 -1.86582244943824e-01
9.90000000000000e+01 4.06208769182469e-01
1.00000000000000e+02 9.99778597784163e-01
1.01000000000000e+02 1.59606000198393e+00
1.02000000000000e+02 2.19705281092346e+00
1.03000000000000e+02 2.80486602549328e+00
1.04000000000000e+02 3.42176614278130e+00
1.05000000000000e+02 4.05023475739289e+00
1.06000000000000e+02 4.69303959519418e+00
1.07000000000000e+02 5.35332476261645e+00
1.08000000000000e+02 6.03472862767441e+00
1.09000000000000e+02 6.74154198072790e+00
1.10000000000000e+02 7.47892601024458e+00
1.11000000000000e+02 8.25322138365880e+00
1.12000000000000e+02 9.07240048077085e+00
1.13000000000000e+02 9.94675306669502e+00
1.14000000000000e+02 1.08899704602808e+01
1.15000000000000e+02 1.19209488517679e+01
1.16000000000000e+02 1.30669842475095e+01
1.17000000000000e+02 1.43699139499035e+01
1.18000000000000e+02 1.58992990057735e+01
1.19000000000000e+02 1.77856201752129e+01
1.20000000000000e+02 2.03285813165867e+01
