0.00000000000000e+00 -3.07167245545276e-09
1.00000000000000e+00 -5.91386325287156e-02
2.00000000000000e+00 -1.29069300049441e-01
3.00000000000000e+00 -2.10614050091134e-01
4.00000000000000e+00 -3.00034944445096e-01
5.00000000000000e+00 -3.94008494006741e-01
6.00000000000000e+00 -4.90765166470997e-01
7.00000000000000e+00 -5.89582315011894e-01
8.00000000000000e+00 -6.90252094108490e-01
9.00000000000000e+00 -7.92781927370431e-01
1.00000000000000e+01 -8.97253146939793e-01
1.10000000000000e+01 -1.00376023003260e+00
1.20000000000000e+01 -1.11238758308816e+00
1.30000000000000e+01 -1.22320313543508e+00
1.40000000000000e+01 -1.33625913017230e+00
1.50000000000000e+01 -1.45159569658222e+00
1.60000000000000e+01 -1.56924518143943e+00
1.70000000000000e+01 -1.68923634589573e+00
1.80000000000000e+01 -1.81159806458304e+00
1.90000000000000e+01 -1.93636242237794e+00
2.00000000000000e+01 -2.06356722630417e+00
2.10000000000000e+01 -2.19325800141982e+00
2.20000000000000e+01 -2.32548956006674e+00
2.30000000000000e+01 -2.46032723820751e+00
2.40000000000000e+01 -2.59784787991929e+00
2.50000000000000e+01 -2.73814065005480e+00
2.60000000000000e+01 -2.88130773676193e+00
2.70000000000000e+01 -3.02746500137910e+00
2.80000000000000e+01 -3.17674262129552e+00
2.90000000000000e+01 -3.32928576653895e+00
3.00000000000000e+01 -3.48525534471078e+00
3.10000000000000e+01 -3.64482884456891e+00
3.20000000000000e+01 -3.80820130710746e+00
3.30000000000000e+01 -3.97558645236961e+00
3.40000000000000e+01 -4.14721798880392e+00
3.50000000000000e+01 -4.32335113726745e+00
3.60000000000000e+01 -4.50426440014699e+00
3.70000000000000e+01 -4.69026161467332e+00
3.80000000000000e+01 -4.88167433270132e+00
3.90000000000000e+01 -5.07886457873740e+00
4.00000000000000e+01 -5.28222804589143e+00
4.10000000000000e+01 -5.49219780524237e+00
4.20000000000000e+01 -5.70924861361018e+00
4.30000000000000e+01 -5.93390193276291e+00
4.40000000000000e+01 -6.16673178813898e+00
4.50000000000000e+01 -6.40837163564911e+00
4.60000000000000e+01 -6.65952243686149e+00
4.70000000000000e+01 -6.92096220339577e+00
4.80000000000000e+01 -7.19355732799360e+00
4.90000000000000e+01 -7.47827611578010e+00
5.00000000000000e+01 -7.77620504338640e+00
5.10000000000000e+01 -8.08856842324450e+00
5.20000000000000e+01 -8.41675236566931e+00
5.30000000000000e+01 -8.76233421879751e+00
5.40000000000000e+01 -9.12711905665765e+00
5.50000000000000e+01 -9.51318534778127e+00
5.60000000000000e+01 -9.92294274004328e+00
5.70000000000000e+01 -1.03592060426393e+01
5.80000000000000e+01 -1.08252912107602e+01
5.90000000000000e+01 -1.13251417102787e+01
6.00000000000000e+01 -1.18634976332164e+01
6.10000000000000e+01 -1.24461262020219e+01
6.20000000000000e+01 -1.30801424965184e+01
6.30000000000000e+01 -1.37744661571270e+01
6.40000000000000e+01 -1.45404888232887e+01
6.50000000000000e+01 -1.53930780806872e+01
6.60000000000000e+01 -1.63521354898704e+01
6.70000000000000e+01 -1.74450915595694e+01
6.80000000000000e+01 -1.87109995092159e+01
6.90000000000000e+01 -2.02072012952079e+01
7.00000000000000e+01 -2.20186731919367e+01
7.10000000000000e+01 -2.42590796524258e+01
7.20000000000000e+01 -2.69879318986602e+01
7.30000000000000e+01 -2.99057602761101e+01
7.40000000000000e+01 -3.24291111434415e+01
7.50000000000000e+01 -3.43967671193047e+01
7.60000000000000e+01 -3.59389824052365e+01
7.70000000000000e+01 -3.71791012271341e+01
7.80000000000000e+01 -3.81901957676150e+01
7.90000000000000e+01 -3.90091164976914e+01
8.00000000000000e+01 -3.96467735939000e+01
8.10000000000000e+01 -4.00890615075971e+01
8.20000000000000e+01 -4.02842261602447e+01
8.30000000000000e+01 -4.00924723914296e+01
8.40000000000000e+01 -3.90463097620776e+01
8.50000000000000e+01 -3.44576574667305e+01
8.60000000000000e+01 -2.51431741543141e+01
8.70000000000000e+01 -1.85429600181788e+01
8.80000000000000e+01 -1.34963518077507e+01
8.90000000000000e+01 -9.29114326435272e+00
9.00000000000000e+01 -5.62116075426068e+00
9.10000000000000e+01 -2.32616409219433e+00
9.20000000000000e+01 6.89171292440001e-01
9.30000000000000e+01 3.48660736829730e+00
9.40000000000000e+01 6.10864872173826e+00
9.50000000000000e+01 8.58587981783576e+00
9.60000000000000e+01 1.09410679563562e+01
9.70000000000000e+01 1.31916144159128e+01
9.80000000000000e+01 1.53510968538189e+01
9.90000000000000e+01 1.74302809629167e+01
1.00000000000000e+02 1.94378064055285e+01
1.01000000000000e+02 2.13806641937028e+01
1.02000000000000e+02 2.32645353550745e+01
1.03000000000000e+02 2.50940339097820e+01
1.04000000000000e+02 2.68728812844975e+01
1.05000000000000e+02 2.86040293689393e+01
1.06000000000000e+02 3.02897428498849e+01
1.07000000000000e+02 3.19316467482805e+01
1.08000000000000e+02 3.35307411899184e+01
1.09000000000000e+02 3.50873815770821e+01
1.10000000000000e+02 3.66012176828025e+01
1.11000000000000e+02 3.80710784590160e+01
1.12000000000000e+02 3.94947783826546e+01
1.13000000000000e+02 4.08688015839272e+01
1.14000000000000e+02 4.21877823088753e+01
1.15000000000000e+02 4.34436222307193e+01
1.16000000000000e+02 4.46239090268544e+01
1.17000000000000e+02 4.57088592874565e+01
1.18000000000000e+02 4.66647389513661e+01
1.19000000000000e+02 4.74272753401007e+01
1.20000000000000e+02 4.78475140962536e+01
