1.00000000000000e+00 2.83417615897016e+01
2.00000000000000e+00 2.83222667007223e+01
3.00000000000000e+00 2.83195196864045e+01
4.00000000000000e+00 2.83200719540571e+01
5.00000000000000e+00 2.83218306161782e+01
6.00000000000000e+00 2.83241845177866e+01
7.00000000000000e+00 2.83268615039294e+01
8.00000000000000e+00 2.83296992365647e+01
9.00000000000000e+00 2.83325910818807e+01
1.00000000000000e+01 2.83354526877575e+01
1.10000000000000e+01 2.83382219837673e+01
1.20000000000000e+01 2.83408464487788e+01
1.30000000000000e+01 2.83432608292655e+01
1.40000000000000e+01 2.83454778576228e+01
1.50000000000000e+01 2.83474434211700e+01
1.60000000000000e+01 2.83491304635668e+01
1.70000000000000e+01 2.83505182946705e+01
1.80000000000000e+01 2.83515846327893e+01
1.90000000000000e+01 2.83522833229894e+01
2.00000000000000e+01 2.83526573371057e+01
2.10000000000000e+01 2.83526605202046e+01
2.20000000000000e+01 2.83522721821434e+01
2.30000000000000e+01 2.83514811820762e+01
2.40000000000000e+01 2.83502668298605e+01
2.50000000000000e+01 2.83485845621120e+01
2.60000000000000e+01 2.83464805337643e+01
2.70000000000000e+01 2.83439006321368e+01
2.80000000000000e+01 2.83408257586362e+01
2.90000000000000e+01 2.83372033921315e+01
3.00000000000000e+01 2.83330749129077e+01
3.10000000000000e+01 2.83283782505370e+01
3.20000000000000e+01 2.83230608838883e+01
3.30000000000000e+01 2.83171244045110e+01
3.40000000000000e+01 2.83105672208556e+01
3.50000000000000e+01 2.83033017977035e+01
3.60000000000000e+01 2.82952310505393e+01
3.70000000000000e+01 2.82863884019011e+01
3.80000000000000e+01 2.82766974574162e+01
3.90000000000000e+01 2.82660945551074e+01
4.00000000000000e+01 2.82545128498986e+01
4.10000000000000e+01 2.82418759474171e+01
4.20000000000000e+01 2.82280963124443e+01
4.30000000000000e+01 2.82130752689152e+01
4.40000000000000e+01 2.81966998168205e+01
4.50000000000000e+01 2.81788489984033e+01
4.60000000000000e+01 2.81593811657643e+01
4.70000000000000e+01 2.81381371639604e+01
4.80000000000000e+01 2.81149403310048e+01
4.90000000000000e+01 2.80895837654714e+01
5.00000000000000e+01 2.80618351011433e+01
5.10000000000000e+01 2.80314333239139e+01
5.20000000000000e+01 2.79980792224901e+01
5.30000000000000e+01 2.79614353883926e+01
5.40000000000000e+01 2.79211166666592e+01
5.50000000000000e+01 2.78766965220422e+01
5.60000000000000e+01 2.78276895319654e+01
5.70000000000000e+01 2.77735609358198e+01
5.80000000000000e+01 2.77137154941184e+01
5.90000000000000e+01 2.76475054462427e+01
6.00000000000000e+01 2.75742241442455e+01
6.10000000000000e+01 2.74931203767953e+01
6.20000000000000e+01 2.74034015522756e+01
6.30000000000000e+01 2.73042464311799e+01
6.40000000000000e+01 2.71948194500570e+01
6.50000000000000e+01 2.70742834539064e+01
6.60000000000000e+01 2.69418267525182e+01
6.70000000000000e+01 2.67966710782206e+01
6.80000000000000e+01 2.66380811351767e+01
6.90000000000000e+01 2.64653805148783e+01
7.00000000000000e+01 2.62779453299484e+01
7.10000000000000e+01 2.60759840733625e+01
7.20000000000000e+01 2.58575725618586e+01
7.30000000000000e+01 2.56228763165776e+01
7.40000000000000e+01 2.53714512952282e+01
7.50000000000000e+01 2.51028693710134e+01
7.60000000000000e+01 2.48167310650262e+01
7.70000000000000e+01 2.45126639546997e+01
7.80000000000000e+01 2.41903449554995e+01
7.90000000000000e+01 2.38495337434613e+01
8.00000000000000e+01 2.34901205016746e+01
8.10000000000000e+01 2.31121927653580e+01
8.20000000000000e+01 2.27161547880670e+01
8.30000000000000e+01 2.23028691895932e+01
8.40000000000000e+01 2.18738479418958e+01
8.50000000000000e+01 2.14314672282753e+01
8.60000000000000e+01 2.09791854856450e+01
8.70000000000000e+01 2.05216755031342e+01
8.80000000000000e+01 2.00647671263083e+01
8.90000000000000e+01 1.96150732430527e+01
9.00000000000000e+01 1.91792640370324e+01
9.10000000000000e+01 1.87631104664840e+01
9.20000000000000e+01 1.83694168415048e+01
9.30000000000000e+01 1.80025917540183e+01
9.40000000000000e+01 1.76608144714756e+01
9.50000000000000e+01 1.73421178387801e+01
9.60000000000000e+01 1.70435606725834e+01
9.70000000000000e+01 1.67617784373887e+01
9.80000000000000e+01 1.64933890906551e+01
9.90000000000000e+01 1.62352445476083e+01
1.00000000000000e+02 1.59845166249096e+01
1.01000000000000e+02 1.57387443096740e+01
1.02000000000000e+02 1.54958122735528e+01
1.03000000000000e+02 1.52538973966729e+01
1.04000000000000e+02 1.50114246817174e+01
1.05000000000000e+02 1.47670215764572e+01
1.06000000000000e+02 1.45194735695215e+01
1.07000000000000e+02 1.42676837650425e+01
1.08000000000000e+02 1.40106380277229e+01
1.09000000000000e+02 1.37473779264953e+01
1.10000000000000e+02 1.34769712908580e+01
1.11000000000000e+02 1.31984768784776e+01
1.12000000000000e+02 1.29109262315254e+01
1.13000000000000e+02 1.26132923231536e+01
1.14000000000000e+02 1.23044554983376e+01
1.15000000000000e+02 1.19831737119015e+01
1.16000000000000e+02 1.16480319172462e+01
1.17000000000000e+02 1.12973905001480e+01
1.18000000000000e+02 1.09293092026957e+01
1.19000000000000e+02 1.05414494021554e+01
1.20000000000000e+02 1.01309249827892e+01
1.21000000000000e+02 9.69409925414747e+00
