1.00000000000000e+00 8.27523898437107e+01
2.00000000000000e+00 8.25507309815167e+01
3.00000000000000e+00 8.24632323684530e+01
4.00000000000000e+00 8.24329085771457e+01
5.00000000000000e+00 8.24201061535234e+01
6.00000000000000e+00 8.24123823641351e+01
7.00000000000000e+00 8.24081663496926e+01
8.00000000000000e+00 8.24059477297859e+01
9.00000000000000e+00 8.24049482367433e+01
1.00000000000000e+01 8.24047492930645e+01
1.10000000000000e+01 8.24050994339393e+01
1.20000000000000e+01 8.24058474621718e+01
1.30000000000000e+01 8.24068867439502e+01
1.40000000000000e+01 8.24081488426489e+01
1.50000000000000e+01 8.24095796455873e+01
1.60000000000000e+01 8.24111409555790e+01
1.70000000000000e+01 8.24128009416355e+01
1.80000000000000e+01 8.24145357305152e+01
1.90000000000000e+01 8.24163246320755e+01
2.00000000000000e+01 8.24181517308222e+01
2.10000000000000e+01 8.24200027028104e+01
2.20000000000000e+01 8.24218648156446e+01
2.30000000000000e+01 8.24237269284787e+01
2.40000000000000e+01 8.24255810835658e+01
2.50000000000000e+01 8.24274177316090e+01
2.60000000000000e+01 8.24292320979603e+01
2.70000000000000e+01 8.24310162248724e+01
2.80000000000000e+01 8.24327637461475e+01
2.90000000000000e+01 8.24344714786869e+01
3.00000000000000e+01 8.24361346478422e+01
3.10000000000000e+01 8.24377484789651e+01
3.20000000000000e+01 8.24393113805063e+01
3.30000000000000e+01 8.24408169862679e+01
3.40000000000000e+01 8.24422000427234e+01
3.50000000000000e+01 8.24435878738272e+01
3.60000000000000e+01 8.24449136345031e+01
3.70000000000000e+01 8.24461741416524e+01
3.80000000000000e+01 8.24473678037256e+01
3.90000000000000e+01 8.24484930291733e+01
4.00000000000000e+01 8.24495482264460e+01
4.10000000000000e+01 8.24505318039943e+01
4.20000000000000e+01 8.24514437618182e+01
4.30000000000000e+01 8.24522825083683e+01
4.40000000000000e+01 8.24530464520951e+01
4.50000000000000e+01 8.24537340014493e+01
4.60000000000000e+01 8.24543467479802e+01
4.70000000000000e+01 8.24548815085890e+01
4.80000000000000e+01 8.24553382832757e+01
4.90000000000000e+01 8.24557170720402e+01
5.00000000000000e+01 8.24560162833332e+01
5.10000000000000e+01 8.24562375087041e+01
5.20000000000000e+01 8.24563759735046e+01
5.30000000000000e+01 8.24564364523830e+01
5.40000000000000e+01 8.24564141706909e+01
5.50000000000000e+01 8.24563091284285e+01
5.60000000000000e+01 8.24561245086945e+01
5.70000000000000e+01 8.24558555368407e+01
5.80000000000000e+01 8.24555038044165e+01
5.90000000000000e+01 8.24550677198724e+01
6.00000000000000e+01 8.24545488747579e+01
6.10000000000000e+01 8.24539440859742e+01
6.20000000000000e+01 8.24531467197093e+01
6.30000000000000e+01 8.24523732266859e+01
6.40000000000000e+01 8.24515137899931e+01
6.50000000000000e+01 8.24505684096312e+01
6.60000000000000e+01 8.24495354940505e+01
6.70000000000000e+01 8.24484134517017e+01
6.80000000000000e+01 8.24472054656837e+01
6.90000000000000e+01 8.24459083528974e+01
7.00000000000000e+01 8.24445221133431e+01
7.10000000000000e+01 8.24430451554712e+01
7.20000000000000e+01 8.24414774792818e+01
7.30000000000000e+01 8.24398190847748e+01
7.40000000000000e+01 8.24380683804008e+01
7.50000000000000e+01 8.24362269577092e+01
7.60000000000000e+01 8.24342900420517e+01
7.70000000000000e+01 8.24322592249779e+01
7.80000000000000e+01 8.24301329149382e+01
7.90000000000000e+01 8.24279127034821e+01
8.00000000000000e+01 8.24255938159612e+01
8.10000000000000e+01 8.24231778439251e+01
8.20000000000000e+01 8.24206647873737e+01
8.30000000000000e+01 8.24180498716587e+01
8.40000000000000e+01 8.24153362798789e+01
8.50000000000000e+01 8.24125208289356e+01
8.60000000000000e+01 8.24096019272793e+01
8.70000000000000e+01 8.24065811664594e+01
8.80000000000000e+01 8.24034521802783e+01
8.90000000000000e+01 8.24002197433841e+01
9.00000000000000e+01 8.23968790811286e+01
9.10000000000000e+01 8.23934286019623e+01
9.20000000000000e+01 8.23898698974348e+01
9.30000000000000e+01 8.23861997844471e+01
9.40000000000000e+01 8.23824166714498e+01
9.50000000000000e+01 8.23785205584429e+01
9.60000000000000e+01 8.23745066707781e+01
9.70000000000000e+01 8.23703766000049e+01
9.80000000000000e+01 8.23661271630244e+01
9.90000000000000e+01 8.23617583598365e+01
1.00000000000000e+02 8.23572670073424e+01
1.01000000000000e+02 8.23526515139928e+01
1.02000000000000e+02 8.23479102882381e+01
1.03000000000000e+02 8.23428969075307e+01
1.04000000000000e+02 8.23379010338670e+01
1.05000000000000e+02 8.23327714700511e+01
1.06000000000000e+02 8.23275082160831e+01
1.07000000000000e+02 8.23221112719629e+01
1.08000000000000e+02 8.23165758630421e+01
1.09000000000000e+02 8.23109003977714e+01
1.10000000000000e+02 8.23050832846015e+01
1.11000000000000e+02 8.22991197488838e+01
1.12000000000000e+02 8.22930097906185e+01
1.13000000000000e+02 8.22867502267067e+01
1.14000000000000e+02 8.22803394655990e+01
1.15000000000000e+02 8.22737727326470e+01
1.16000000000000e+02 8.22670484363013e+01
1.17000000000000e+02 8.22601649850126e+01
1.18000000000000e+02 8.22531176041325e+01
1.19000000000000e+02 8.22459031105622e+01
1.20000000000000e+02 8.22385199127521e+01
1.21000000000000e+02 8.22309632360541e+01
