1.00000000000000e+00 -4.13732870000000e-03
2.00000000000000e+00 -1.13240160000000e-01
3.00000000000000e+00 -2.48337580000000e-01
4.00000000000000e+00 -3.84228270000000e-01
5.00000000000000e+00 -5.15578990000000e-01
6.00000000000000e+00 -6.43472910000000e-01
7.00000000000000e+00 -7.69577530000000e-01
8.00000000000000e+00 -8.94751440000000e-01
9.00000000000000e+00 -1.01954800000000e+00
1.00000000000000e+01 -1.14433590000000e+00
1.10000000000000e+01 -1.26936850000000e+00
1.20000000000000e+01 -1.39482430000000e+00
1.30000000000000e+01 -1.52083120000000e+00
1.40000000000000e+01 -1.64748170000000e+00
1.50000000000000e+01 -1.77484220000000e+00
1.60000000000000e+01 -1.90295960000000e+00
1.70000000000000e+01 -2.03186610000000e+00
1.80000000000000e+01 -2.16158200000000e+00
1.90000000000000e+01 -2.29211860000000e+00
2.00000000000000e+01 -2.42348030000000e+00
2.10000000000000e+01 -2.55566570000000e+00
2.20000000000000e+01 -2.68866920000000e+00
2.30000000000000e+01 -2.82248190000000e+00
2.40000000000000e+01 -2.95709210000000e+00
2.50000000000000e+01 -3.09248670000000e+00
2.60000000000000e+01 -3.22865090000000e+00
2.70000000000000e+01 -3.36556900000000e+00
2.80000000000000e+01 -3.50322470000000e+00
2.90000000000000e+01 -3.64160160000000e+00
3.00000000000000e+01 -3.78068330000000e+00
3.10000000000000e+01 -3.92045300000000e+00
3.20000000000000e+01 -4.06089480000000e+00
3.30000000000000e+01 -4.20199270000000e+00
3.40000000000000e+01 -4.34370050000000e+00
3.50000000000000e+01 -4.48606410000000e+00
3.60000000000000e+01 -4.62903960000000e+00
3.70000000000000e+01 -4.77261320000000e+00
3.80000000000000e+01 -4.91677180000000e+00
3.90000000000000e+01 -5.06150350000000e+00
4.00000000000000e+01 -5.20679630000000e+00
4.10000000000000e+01 -5.35263920000000e+00
4.20000000000000e+01 -5.49902220000000e+00
4.30000000000000e+01 -5.64593540000000e+00
4.40000000000000e+01 -5.79336980000000e+00
4.50000000000000e+01 -5.94131730000000e+00
4.60000000000000e+01 -6.08977010000000e+00
4.70000000000000e+01 -6.23872120000000e+00
4.80000000000000e+01 -6.38816410000000e+00
4.90000000000000e+01 -6.53809310000000e+00
5.00000000000000e+01 -6.68850280000000e+00
5.10000000000000e+01 -6.83938880000000e+00
5.20000000000000e+01 -6.99074680000000e+00
5.30000000000000e+01 -7.14257320000000e+00
5.40000000000000e+01 -7.29486510000000e+00
5.50000000000000e+01 -7.44762000000000e+00
5.60000000000000e+01 -7.60083590000000e+00
5.70000000000000e+01 -7.75451130000000e+00
5.80000000000000e+01 -7.90864520000000e+00
5.90000000000000e+01 -8.06323710000000e+00
6.00000000000000e+01 -8.21828660000000e+00
6.10000000000000e+01 -8.37379420000000e+00
6.20000000000000e+01 -8.52965160000000e+00
6.30000000000000e+01 -8.68607690000000e+00
6.40000000000000e+01 -8.84296400000000e+00
6.50000000000000e+01 -9.00031490000000e+00
6.60000000000000e+01 -9.15813190000000e+00
6.70000000000000e+01 -9.31641760000000e+00
6.80000000000000e+01 -9.47517510000000e+00
6.90000000000000e+01 -9.63440790000000e+00
7.00000000000000e+01 -9.79411980000000e+00
7.10000000000000e+01 -9.95431520000000e+00
7.20000000000000e+01 -1.01149990000000e+01
7.30000000000000e+01 -1.02761750000000e+01
7.40000000000000e+01 -1.04378490000000e+01
7.50000000000000e+01 -1.06000270000000e+01
7.60000000000000e+01 -1.07627150000000e+01
7.70000000000000e+01 -1.09259170000000e+01
7.80000000000000e+01 -1.10896410000000e+01
7.90000000000000e+01 -1.12538940000000e+01
8.00000000000000e+01 -1.14186820000000e+01
8.10000000000000e+01 -1.15840120000000e+01
8.20000000000000e+01 -1.17498920000000e+01
8.30000000000000e+01 -1.19163310000000e+01
8.40000000000000e+01 -1.20833360000000e+01
8.50000000000000e+01 -1.22509170000000e+01
8.60000000000000e+01 -1.24190810000000e+01
8.70000000000000e+01 -1.25878380000000e+01
8.80000000000000e+01 -1.27571970000000e+01
8.90000000000000e+01 -1.29271680000000e+01
9.00000000000000e+01 -1.30977600000000e+01
9.10000000000000e+01 -1.32689840000000e+01
9.20000000000000e+01 -1.34408490000000e+01
9.30000000000000e+01 -1.36133670000000e+01
9.40000000000000e+01 -1.37865490000000e+01
9.50000000000000e+01 -1.39604050000000e+01
9.60000000000000e+01 -1.41349490000000e+01
9.70000000000000e+01 -1.43101900000000e+01
9.80000000000000e+01 -1.44861430000000e+01
9.90000000000000e+01 -1.46628180000000e+01
1.00000000000000e+02 -1.48402300000000e+01
1.01000000000000e+02 -1.50183910000000e+01
1.02000000000000e+02 -1.51973150000000e+01
1.03000000000000e+02 -1.53767470000000e+01
1.04000000000000e+02 -1.55572370000000e+01
1.05000000000000e+02 -1.57385310000000e+01
1.06000000000000e+02 -1.59206430000000e+01
1.07000000000000e+02 -1.61035880000000e+01
1.08000000000000e+02 -1.62873800000000e+01
1.09000000000000e+02 -1.64720360000000e+01
1.10000000000000e+02 -1.66575690000000e+01
1.11000000000000e+02 -1.68439980000000e+01
1.12000000000000e+02 -1.70313360000000e+01
1.13000000000000e+02 -1.72196030000000e+01
1.14000000000000e+02 -1.74088130000000e+01
1.15000000000000e+02 -1.75989850000000e+01
1.16000000000000e+02 -1.77901370000000e+01
1.17000000000000e+02 -1.79822850000000e+01
1.18000000000000e+02 -1.81754500000000e+01
1.19000000000000e+02 -1.83696500000000e+01
1.20000000000000e+02 -1.85649030000000e+01
1.21000000000000e+02 -1.87612300000000e+01
