1.00000000000000e+00 -6.29297280000000e-02
2.00000000000000e+00 -1.58222510000000e-01
3.00000000000000e+00 -2.45738070000000e-01
4.00000000000000e+00 -3.32266660000000e-01
5.00000000000000e+00 -4.19291810000000e-01
6.00000000000000e+00 -5.07364260000000e-01
7.00000000000000e+00 -5.96789020000000e-01
8.00000000000000e+00 -6.87758750000000e-01
9.00000000000000e+00 -7.80396710000000e-01
1.00000000000000e+01 -8.74775130000000e-01
1.10000000000000e+01 -9.70925150000000e-01
1.20000000000000e+01 -1.06884340000000e+00
1.30000000000000e+01 -1.16849650000000e+00
1.40000000000000e+01 -1.26982460000000e+00
1.50000000000000e+01 -1.37274500000000e+00
1.60000000000000e+01 -1.47715330000000e+00
1.70000000000000e+01 -1.58290460000000e+00
1.80000000000000e+01 -1.68990200000000e+00
1.90000000000000e+01 -1.79796790000000e+00
2.00000000000000e+01 -1.90693140000000e+00
2.10000000000000e+01 -2.01656730000000e+00
2.20000000000000e+01 -2.12675580000000e+00
2.30000000000000e+01 -2.23719650000000e+00
2.40000000000000e+01 -2.34777060000000e+00
2.50000000000000e+01 -2.45817780000000e+00
2.60000000000000e+01 -2.56815540000000e+00
2.70000000000000e+01 -2.67743230000000e+00
2.80000000000000e+01 -2.78572500000000e+00
2.90000000000000e+01 -2.89242470000000e+00
3.00000000000000e+01 -2.99769960000000e+00
3.10000000000000e+01 -3.10100460000000e+00
3.20000000000000e+01 -3.20196110000000e+00
3.30000000000000e+01 -3.30018570000000e+00
3.40000000000000e+01 -3.39528030000000e+00
3.50000000000000e+01 -3.48680550000000e+00
3.60000000000000e+01 -3.57428260000000e+00
3.70000000000000e+01 -3.65721090000000e+00
3.80000000000000e+01 -3.73506500000000e+00
3.90000000000000e+01 -3.80727450000000e+00
4.00000000000000e+01 -3.87322260000000e+00
4.10000000000000e+01 -3.93224540000000e+00
4.20000000000000e+01 -3.98364590000000e+00
4.30000000000000e+01 -4.02670730000000e+00
4.40000000000000e+01 -4.06065700000000e+00
4.50000000000000e+01 -4.08466080000000e+00
4.60000000000000e+01 -4.09782310000000e+00
4.70000000000000e+01 -4.09918620000000e+00
4.80000000000000e+01 -4.08773190000000e+00
4.90000000000000e+01 -4.06238190000000e+00
5.00000000000000e+01 -4.02200120000000e+00
5.10000000000000e+01 -3.96540770000000e+00
5.20000000000000e+01 -3.89138230000000e+00
5.30000000000000e+01 -3.79868400000000e+00
5.40000000000000e+01 -3.68607100000000e+00
5.50000000000000e+01 -3.55232810000000e+00
5.60000000000000e+01 -3.39630360000000e+00
5.70000000000000e+01 -3.21695540000000e+00
5.80000000000000e+01 -3.01341630000000e+00
5.90000000000000e+01 -2.78508900000000e+00
6.00000000000000e+01 -2.53167910000000e+00
6.10000000000000e+01 -2.25325580000000e+00
6.20000000000000e+01 -1.95032850000000e+00
6.30000000000000e+01 -1.62390880000000e+00
6.40000000000000e+01 -1.27555900000000e+00
6.50000000000000e+01 -9.07407700000000e-01
6.60000000000000e+01 -5.22136250000000e-01
6.70000000000000e+01 -1.22924270000000e-01
6.80000000000000e+01 2.85643970000000e-01
6.90000000000000e+01 7.01909660000000e-01
7.00000000000000e+01 1.12062640000000e+00
7.10000000000000e+01 1.53772890000000e+00
7.20000000000000e+01 1.94924890000000e+00
7.30000000000000e+01 2.35143650000000e+00
7.40000000000000e+01 2.74080110000000e+00
7.50000000000000e+01 3.11416180000000e+00
7.60000000000000e+01 3.46774830000000e+00
7.70000000000000e+01 3.80061790000000e+00
7.80000000000000e+01 4.10991920000000e+00
7.90000000000000e+01 4.39377760000000e+00
8.00000000000000e+01 4.65061460000000e+00
8.10000000000000e+01 4.87781810000000e+00
8.20000000000000e+01 5.07671040000000e+00
8.30000000000000e+01 5.24537350000000e+00
8.40000000000000e+01 5.38321480000000e+00
8.50000000000000e+01 5.48987120000000e+00
8.60000000000000e+01 5.56520500000000e+00
8.70000000000000e+01 5.60931400000000e+00
8.80000000000000e+01 5.62102690000000e+00
8.90000000000000e+01 5.60380120000000e+00
9.00000000000000e+01 5.55708800000000e+00
9.10000000000000e+01 5.48196140000000e+00
9.20000000000000e+01 5.37973040000000e+00
9.30000000000000e+01 5.25192140000000e+00
9.40000000000000e+01 5.10026590000000e+00
9.50000000000000e+01 4.92666380000000e+00
9.60000000000000e+01 4.73314220000000e+00
9.70000000000000e+01 4.52180580000000e+00
9.80000000000000e+01 4.29480530000000e+00
9.90000000000000e+01 4.05427200000000e+00
1.00000000000000e+02 3.80229730000000e+00
1.01000000000000e+02 3.54087650000000e+00
1.02000000000000e+02 3.27188590000000e+00
1.03000000000000e+02 2.99704960000000e+00
1.04000000000000e+02 2.71794240000000e+00
1.05000000000000e+02 2.43595770000000e+00
1.06000000000000e+02 2.15232550000000e+00
1.07000000000000e+02 1.86810320000000e+00
1.08000000000000e+02 1.58420100000000e+00
1.09000000000000e+02 1.30137290000000e+00
1.10000000000000e+02 1.02024290000000e+00
1.11000000000000e+02 7.41318000000000e-01
1.12000000000000e+02 4.64992780000000e-01
1.13000000000000e+02 1.91581150000000e-01
1.14000000000000e+02 -7.86898250000000e-02
1.15000000000000e+02 -3.45660440000000e-01
1.16000000000000e+02 -6.09222360000000e-01
1.17000000000000e+02 -8.69319150000000e-01
1.18000000000000e+02 -1.12593080000000e+00
1.19000000000000e+02 -1.37907230000000e+00
1.20000000000000e+02 -1.62877990000000e+00
1.21000000000000e+02 -1.87511530000000e+00
