1.00000000000000e+00 4.17571704753321e+00
2.00000000000000e+00 4.17826925620063e+00
3.00000000000000e+00 4.18070544091454e+00
4.00000000000000e+00 4.18271174812716e+00
5.00000000000000e+00 4.18428865530331e+00
6.00000000000000e+00 4.18547802019304e+00
7.00000000000000e+00 4.18633538787147e+00
8.00000000000000e+00 4.18691009637098e+00
9.00000000000000e+00 4.18722745132750e+00
1.00000000000000e+01 4.18731992034944e+00
1.10000000000000e+01 4.18720676118490e+00
1.20000000000000e+01 4.18690388932820e+00
1.30000000000000e+01 4.18642164985063e+00
1.40000000000000e+01 4.18576752303452e+00
1.50000000000000e+01 4.18495089902152e+00
1.60000000000000e+01 4.18397878062911e+00
1.70000000000000e+01 4.18285626081548e+00
1.80000000000000e+01 4.18158540859490e+00
1.90000000000000e+01 4.18016717889700e+00
2.00000000000000e+01 4.17860157172181e+00
2.10000000000000e+01 4.17688604059022e+00
2.20000000000000e+01 4.17501915310775e+00
2.30000000000000e+01 4.17299693040083e+00
2.40000000000000e+01 4.17081555275081e+00
2.50000000000000e+01 4.16847024550941e+00
2.60000000000000e+01 4.16595448332396e+00
2.70000000000000e+01 4.16326253661650e+00
2.80000000000000e+01 4.16038867580909e+00
2.90000000000000e+01 4.15732510230951e+00
3.00000000000000e+01 4.15406338090579e+00
3.10000000000000e+01 4.15059348483650e+00
3.20000000000000e+01 4.14690761550943e+00
3.30000000000000e+01 4.14299304052914e+00
3.40000000000000e+01 4.13883686834524e+00
3.50000000000000e+01 4.13442859473148e+00
3.60000000000000e+01 4.12974975771447e+00
3.70000000000000e+01 4.12478555588449e+00
3.80000000000000e+01 4.11951943712746e+00
3.90000000000000e+01 4.11393039299091e+00
4.00000000000000e+01 4.10799741502233e+00
4.10000000000000e+01 4.10169869899452e+00
4.20000000000000e+01 4.09500702941222e+00
4.30000000000000e+01 4.08789232599119e+00
4.40000000000000e+01 4.08041729577899e+00
4.50000000000000e+01 4.07237153594086e+00
4.60000000000000e+01 4.06380024648065e+00
4.70000000000000e+01 4.05466443443729e+00
4.80000000000000e+01 4.04491285191911e+00
4.90000000000000e+01 4.03449791159812e+00
5.00000000000000e+01 4.02335945290583e+00
5.10000000000000e+01 4.01143397301995e+00
5.20000000000000e+01 3.99864444094803e+00
5.30000000000000e+01 3.98491971443050e+00
5.40000000000000e+01 3.97015857092356e+00
5.50000000000000e+01 3.95426122027788e+00
5.60000000000000e+01 3.93710638642683e+00
5.70000000000000e+01 3.91856674541595e+00
5.80000000000000e+01 3.89848632540098e+00
5.90000000000000e+01 3.87669069256432e+00
6.00000000000000e+01 3.85297756097329e+00
6.10000000000000e+01 3.82711488272085e+00
6.20000000000000e+01 3.79882811553019e+00
6.30000000000000e+01 3.76780117768431e+00
6.40000000000000e+01 3.73366498887019e+00
6.50000000000000e+01 3.69596548003518e+00
6.60000000000000e+01 3.65418921733288e+00
6.70000000000000e+01 3.60768382465154e+00
6.80000000000000e+01 3.55569045122251e+00
6.90000000000000e+01 3.49725289414768e+00
7.00000000000000e+01 3.43121123220181e+00
7.10000000000000e+01 3.35607800328676e+00
7.20000000000000e+01 3.26997708893337e+00
7.30000000000000e+01 3.17045384245431e+00
7.40000000000000e+01 3.05425434103809e+00
7.50000000000000e+01 2.91691269698154e+00
7.60000000000000e+01 2.75207194354769e+00
7.70000000000000e+01 2.55019360668715e+00
7.80000000000000e+01 2.29579970902929e+00
7.90000000000000e+01 1.96032496223304e+00
8.00000000000000e+01 1.47644731875084e+00
8.10000000000000e+01 4.81348544112509e-01
8.20000000000000e+01 0.00000000000000e+00
8.30000000000000e+01 0.00000000000000e+00
8.40000000000000e+01 0.00000000000000e+00
8.50000000000000e+01 0.00000000000000e+00
8.60000000000000e+01 0.00000000000000e+00
8.70000000000000e+01 0.00000000000000e+00
8.80000000000000e+01 0.00000000000000e+00
8.90000000000000e+01 0.00000000000000e+00
9.00000000000000e+01 0.00000000000000e+00
9.10000000000000e+01 0.00000000000000e+00
9.20000000000000e+01 0.00000000000000e+00
9.30000000000000e+01 0.00000000000000e+00
9.40000000000000e+01 0.00000000000000e+00
9.50000000000000e+01 0.00000000000000e+00
9.60000000000000e+01 0.00000000000000e+00
9.70000000000000e+01 0.00000000000000e+00
9.80000000000000e+01 0.00000000000000e+00
9.90000000000000e+01 0.00000000000000e+00
1.00000000000000e+02 0.00000000000000e+00
1.01000000000000e+02 0.00000000000000e+00
1.02000000000000e+02 0.00000000000000e+00
1.03000000000000e+02 0.00000000000000e+00
1.04000000000000e+02 0.00000000000000e+00
1.05000000000000e+02 0.00000000000000e+00
1.06000000000000e+02 0.00000000000000e+00
1.07000000000000e+02 0.00000000000000e+00
1.08000000000000e+02 0.00000000000000e+00
1.09000000000000e+02 0.00000000000000e+00
1.10000000000000e+02 0.00000000000000e+00
1.11000000000000e+02 0.00000000000000e+00
1.12000000000000e+02 0.00000000000000e+00
1.13000000000000e+02 0.00000000000000e+00
1.14000000000000e+02 0.00000000000000e+00
1.15000000000000e+02 0.00000000000000e+00
1.16000000000000e+02 0.00000000000000e+00
1.17000000000000e+02 0.00000000000000e+00
1.18000000000000e+02 0.00000000000000e+00
1.19000000000000e+02 0.00000000000000e+00
1.20000000000000e+02 0.00000000000000e+00
1.21000000000000e+02 0.00000000000000e+00
