1.00000000000000e+00 -8.13494910000000e-02
2.00000000000000e+00 -2.18375020000000e-01
3.00000000000000e+00 -3.48543550000000e-01
4.00000000000000e+00 -4.78414070000000e-01
5.00000000000000e+00 -6.10265950000000e-01
6.00000000000000e+00 -7.45071960000000e-01
7.00000000000000e+00 -8.83297590000000e-01
8.00000000000000e+00 -1.02516050000000e+00
9.00000000000000e+00 -1.17074460000000e+00
1.00000000000000e+01 -1.32006110000000e+00
1.10000000000000e+01 -1.47308240000000e+00
1.20000000000000e+01 -1.62976280000000e+00
1.30000000000000e+01 -1.79003350000000e+00
1.40000000000000e+01 -1.95388410000000e+00
1.50000000000000e+01 -2.12125820000000e+00
1.60000000000000e+01 -2.29212740000000e+00
1.70000000000000e+01 -2.46647530000000e+00
1.80000000000000e+01 -2.64430110000000e+00
1.90000000000000e+01 -2.82556550000000e+00
2.00000000000000e+01 -3.01039790000000e+00
2.10000000000000e+01 -3.19878940000000e+00
2.20000000000000e+01 -3.39079980000000e+00
2.30000000000000e+01 -3.58649790000000e+00
2.40000000000000e+01 -3.78597620000000e+00
2.50000000000000e+01 -3.98924580000000e+00
2.60000000000000e+01 -4.19661680000000e+00
2.70000000000000e+01 -4.40813020000000e+00
2.80000000000000e+01 -4.62394200000000e+00
2.90000000000000e+01 -4.84409000000000e+00
3.00000000000000e+01 -5.06904970000000e+00
3.10000000000000e+01 -5.29888210000000e+00
3.20000000000000e+01 -5.53368490000000e+00
3.30000000000000e+01 -5.77387650000000e+00
3.40000000000000e+01 -6.01999500000000e+00
3.50000000000000e+01 -6.27206800000000e+00
3.60000000000000e+01 -6.52992970000000e+00
3.70000000000000e+01 -6.79458380000000e+00
3.80000000000000e+01 -7.06621230000000e+00
3.90000000000000e+01 -7.34521970000000e+00
4.00000000000000e+01 -7.63204190000000e+00
4.10000000000000e+01 -7.92714780000000e+00
4.20000000000000e+01 -8.23103950000000e+00
4.30000000000000e+01 -8.54425440000000e+00
4.40000000000000e+01 -8.86736500000000e+00
4.50000000000000e+01 -9.20097930000000e+00
4.60000000000000e+01 -9.54574110000000e+00
4.70000000000000e+01 -9.90232780000000e+00
4.80000000000000e+01 -1.02714470000000e+01
4.90000000000000e+01 -1.06538310000000e+01
5.00000000000000e+01 -1.10502290000000e+01
5.10000000000000e+01 -1.14613970000000e+01
5.20000000000000e+01 -1.18880800000000e+01
5.30000000000000e+01 -1.23309930000000e+01
5.40000000000000e+01 -1.27907910000000e+01
5.50000000000000e+01 -1.32680390000000e+01
5.60000000000000e+01 -1.37631630000000e+01
5.70000000000000e+01 -1.42764010000000e+01
5.80000000000000e+01 -1.48077420000000e+01
5.90000000000000e+01 -1.53568380000000e+01
6.00000000000000e+01 -1.59229340000000e+01
6.10000000000000e+01 -1.65047960000000e+01
6.20000000000000e+01 -1.71006370000000e+01
6.30000000000000e+01 -1.77080520000000e+01
6.40000000000000e+01 -1.83239730000000e+01
6.50000000000000e+01 -1.89446470000000e+01
6.60000000000000e+01 -1.95656380000000e+01
6.70000000000000e+01 -2.01818710000000e+01
6.80000000000000e+01 -2.07876830000000e+01
6.90000000000000e+01 -2.13769030000000e+01
7.00000000000000e+01 -2.19429230000000e+01
7.10000000000000e+01 -2.24768610000000e+01
7.20000000000000e+01 -2.29751180000000e+01
7.30000000000000e+01 -2.34282860000000e+01
7.40000000000000e+01 -2.38283760000000e+01
7.50000000000000e+01 -2.41669640000000e+01
7.60000000000000e+01 -2.44350750000000e+01
7.70000000000000e+01 -2.46230310000000e+01
7.80000000000000e+01 -2.47203160000000e+01
7.90000000000000e+01 -2.47153990000000e+01
8.00000000000000e+01 -2.45954620000000e+01
8.10000000000000e+01 -2.43462120000000e+01
8.20000000000000e+01 -2.39517530000000e+01
8.30000000000000e+01 -2.33946380000000e+01
8.40000000000000e+01 -2.26562180000000e+01
8.50000000000000e+01 -2.17175080000000e+01
8.60000000000000e+01 -2.05607940000000e+01
8.70000000000000e+01 -1.91721470000000e+01
8.80000000000000e+01 -1.75447750000000e+01
8.90000000000000e+01 -1.56825160000000e+01
9.00000000000000e+01 -1.36022350000000e+01
9.10000000000000e+01 -1.13336640000000e+01
9.20000000000000e+01 -8.91285810000000e+00
9.30000000000000e+01 -6.39019700000000e+00
9.40000000000000e+01 -3.80329200000000e+00
9.50000000000000e+01 -1.18785880000000e+00
9.60000000000000e+01 1.42796550000000e+00
9.70000000000000e+01 4.02358320000000e+00
9.80000000000000e+01 6.58485060000000e+00
9.90000000000000e+01 9.10260530000000e+00
1.00000000000000e+02 1.15713470000000e+01
1.01000000000000e+02 1.39881300000000e+01
1.02000000000000e+02 1.63516860000000e+01
1.03000000000000e+02 1.86618810000000e+01
1.04000000000000e+02 2.09192660000000e+01
1.05000000000000e+02 2.31247860000000e+01
1.06000000000000e+02 2.52795950000000e+01
1.07000000000000e+02 2.73849420000000e+01
1.08000000000000e+02 2.94420960000000e+01
1.09000000000000e+02 3.14522310000000e+01
1.10000000000000e+02 3.34163600000000e+01
1.11000000000000e+02 3.53354400000000e+01
1.12000000000000e+02 3.72101960000000e+01
1.13000000000000e+02 3.90411110000000e+01
1.14000000000000e+02 4.08285300000000e+01
1.15000000000000e+02 4.25723370000000e+01
1.16000000000000e+02 4.42721980000000e+01
1.17000000000000e+02 4.59272880000000e+01
1.18000000000000e+02 4.75362270000000e+01
1.19000000000000e+02 4.90970880000000e+01
1.20000000000000e+02 5.06067890000000e+01
1.21000000000000e+02 5.20612490000000e+01
