1.00000000000000e+00 3.55795180000000e-08
2.00000000000000e+00 -5.45898050000000e-07
3.00000000000000e+00 -1.12339120000000e-06
4.00000000000000e+00 -1.63512420000000e-06
5.00000000000000e+00 -2.11786020000000e-06
6.00000000000000e+00 -2.58868250000000e-06
7.00000000000000e+00 -3.05350470000000e-06
8.00000000000000e+00 -3.51630830000000e-06
9.00000000000000e+00 -3.97920460000000e-06
1.00000000000000e+01 -4.44331380000000e-06
1.10000000000000e+01 -4.90947520000000e-06
1.20000000000000e+01 -5.37825340000000e-06
1.30000000000000e+01 -5.85011690000000e-06
1.40000000000000e+01 -6.32547130000000e-06
1.50000000000000e+01 -6.80460120000000e-06
1.60000000000000e+01 -7.28776790000000e-06
1.70000000000000e+01 -7.77524540000000e-06
1.80000000000000e+01 -8.26721230000000e-06
1.90000000000000e+01 -8.76384470000000e-06
2.00000000000000e+01 -9.26531840000000e-06
2.10000000000000e+01 -9.77174690000000e-06
2.20000000000000e+01 -1.02832710000000e-05
2.30000000000000e+01 -1.07999800000000e-05
2.40000000000000e+01 -1.13219480000000e-05
2.50000000000000e+01 -1.18492620000000e-05
2.60000000000000e+01 -1.23819840000000e-05
2.70000000000000e+01 -1.29201490000000e-05
2.80000000000000e+01 -1.34637900000000e-05
2.90000000000000e+01 -1.40129530000000e-05
3.00000000000000e+01 -1.45676190000000e-05
3.10000000000000e+01 -1.51278110000000e-05
3.20000000000000e+01 -1.56935230000000e-05
3.30000000000000e+01 -1.62647770000000e-05
3.40000000000000e+01 -1.68415170000000e-05
3.50000000000000e+01 -1.74237570000000e-05
3.60000000000000e+01 -1.80114020000000e-05
3.70000000000000e+01 -1.86044800000000e-05
3.80000000000000e+01 -1.92029410000000e-05
3.90000000000000e+01 -1.98067380000000e-05
4.00000000000000e+01 -2.04158170000000e-05
4.10000000000000e+01 -2.10301250000000e-05
4.20000000000000e+01 -2.16496210000000e-05
4.30000000000000e+01 -2.22742620000000e-05
4.40000000000000e+01 -2.29039610000000e-05
4.50000000000000e+01 -2.35386680000000e-05
4.60000000000000e+01 -2.41783540000000e-05
4.70000000000000e+01 -2.48229080000000e-05
4.80000000000000e+01 -2.54722850000000e-05
4.90000000000000e+01 -2.61264300000000e-05
5.00000000000000e+01 -2.67852930000000e-05
5.10000000000000e+01 -2.74487520000000e-05
5.20000000000000e+01 -2.81168410000000e-05
5.30000000000000e+01 -2.87894240000000e-05
5.40000000000000e+01 -2.94664750000000e-05
5.50000000000000e+01 -3.01479000000000e-05
5.60000000000000e+01 -3.08336920000000e-05
5.70000000000000e+01 -3.15237090000000e-05
5.80000000000000e+01 -3.22179940000000e-05
5.90000000000000e+01 -3.29164360000000e-05
6.00000000000000e+01 -3.36189950000000e-05
6.10000000000000e+01 -3.43256030000000e-05
6.20000000000000e+01 -3.50362450000000e-05
6.30000000000000e+01 -3.57508940000000e-05
6.40000000000000e+01 -3.64694710000000e-05
6.50000000000000e+01 -3.71919540000000e-05
6.60000000000000e+01 -3.79182750000000e-05
6.70000000000000e+01 -3.86484130000000e-05
6.80000000000000e+01 -3.93823680000000e-05
6.90000000000000e+01 -4.01201100000000e-05
7.00000000000000e+01 -4.08616420000000e-05
7.10000000000000e+01 -4.16069300000000e-05
7.20000000000000e+01 -4.23559320000000e-05
7.30000000000000e+01 -4.31086270000000e-05
7.40000000000000e+01 -4.38650070000000e-05
7.50000000000000e+01 -4.46251110000000e-05
7.60000000000000e+01 -4.53889330000000e-05
7.70000000000000e+01 -4.61565190000000e-05
7.80000000000000e+01 -4.69278360000000e-05
7.90000000000000e+01 -4.77029330000000e-05
8.00000000000000e+01 -4.84818130000000e-05
8.10000000000000e+01 -4.92644880000000e-05
8.20000000000000e+01 -5.00509600000000e-05
8.30000000000000e+01 -5.08412820000000e-05
8.40000000000000e+01 -5.16355130000000e-05
8.50000000000000e+01 -5.24337280000000e-05
8.60000000000000e+01 -5.32360030000000e-05
8.70000000000000e+01 -5.40423850000000e-05
8.80000000000000e+01 -5.48529940000000e-05
8.90000000000000e+01 -5.56678480000000e-05
9.00000000000000e+01 -5.64870640000000e-05
9.10000000000000e+01 -5.73106920000000e-05
9.20000000000000e+01 -5.81388250000000e-05
9.30000000000000e+01 -5.89715870000000e-05
9.40000000000000e+01 -5.98089880000000e-05
9.50000000000000e+01 -6.06512270000000e-05
9.60000000000000e+01 -6.14984170000000e-05
9.70000000000000e+01 -6.23506910000000e-05
9.80000000000000e+01 -6.32082160000000e-05
9.90000000000000e+01 -6.40711240000000e-05
1.00000000000000e+02 -6.49395780000000e-05
1.01000000000000e+02 -6.58137330000000e-05
1.02000000000000e+02 -6.66937670000000e-05
1.03000000000000e+02 -6.75798650000000e-05
1.04000000000000e+02 -6.84722030000000e-05
1.05000000000000e+02 -6.93709670000000e-05
1.06000000000000e+02 -7.02763600000000e-05
1.07000000000000e+02 -7.11886000000000e-05
1.08000000000000e+02 -7.21078930000000e-05
1.09000000000000e+02 -7.30344700000000e-05
1.10000000000000e+02 -7.39686130000000e-05
1.11000000000000e+02 -7.49105810000000e-05
1.12000000000000e+02 -7.58606910000000e-05
1.13000000000000e+02 -7.68192560000000e-05
1.14000000000000e+02 -7.77865940000000e-05
1.15000000000000e+02 -7.87630490000000e-05
1.16000000000000e+02 -7.97489510000000e-05
1.17000000000000e+02 -8.07446820000000e-05
1.18000000000000e+02 -8.17505900000000e-05
1.19000000000000e+02 -8.27670760000000e-05
1.20000000000000e+02 -8.37945340000000e-05
1.21000000000000e+02 -8.48333960000000e-05
