1.00000000000000e+00 -8.53289170000000e-02
2.00000000000000e+00 -1.83707420000000e-01
3.00000000000000e+00 -2.90467850000000e-01
4.00000000000000e+00 -4.02092680000000e-01
5.00000000000000e+00 -5.16625530000000e-01
6.00000000000000e+00 -6.33023730000000e-01
7.00000000000000e+00 -7.50739280000000e-01
8.00000000000000e+00 -8.69506080000000e-01
9.00000000000000e+00 -9.89146370000000e-01
1.00000000000000e+01 -1.10962250000000e+00
1.10000000000000e+01 -1.23086530000000e+00
1.20000000000000e+01 -1.35288370000000e+00
1.30000000000000e+01 -1.47571810000000e+00
1.40000000000000e+01 -1.59942330000000e+00
1.50000000000000e+01 -1.72405630000000e+00
1.60000000000000e+01 -1.84968370000000e+00
1.70000000000000e+01 -1.97638170000000e+00
1.80000000000000e+01 -2.10423240000000e+00
1.90000000000000e+01 -2.23332310000000e+00
2.00000000000000e+01 -2.36374510000000e+00
2.10000000000000e+01 -2.49559380000000e+00
2.20000000000000e+01 -2.62896800000000e+00
2.30000000000000e+01 -2.76397050000000e+00
2.40000000000000e+01 -2.90070800000000e+00
2.50000000000000e+01 -3.03929150000000e+00
2.60000000000000e+01 -3.17983660000000e+00
2.70000000000000e+01 -3.32246190000000e+00
2.80000000000000e+01 -3.46728840000000e+00
2.90000000000000e+01 -3.61444290000000e+00
3.00000000000000e+01 -3.76405940000000e+00
3.10000000000000e+01 -3.91627960000000e+00
3.20000000000000e+01 -4.07125240000000e+00
3.30000000000000e+01 -4.22913540000000e+00
3.40000000000000e+01 -4.39009510000000e+00
3.50000000000000e+01 -4.55430680000000e+00
3.60000000000000e+01 -4.72195700000000e+00
3.70000000000000e+01 -4.89324240000000e+00
3.80000000000000e+01 -5.06837180000000e+00
3.90000000000000e+01 -5.24756740000000e+00
4.00000000000000e+01 -5.43106490000000e+00
4.10000000000000e+01 -5.61911540000000e+00
4.20000000000000e+01 -5.81198700000000e+00
4.30000000000000e+01 -6.00996600000000e+00
4.40000000000000e+01 -6.21304780000000e+00
4.50000000000000e+01 -6.42216730000000e+00
4.60000000000000e+01 -6.63737870000000e+00
4.70000000000000e+01 -6.85905960000000e+00
4.80000000000000e+01 -7.08761720000000e+00
4.90000000000000e+01 -7.32348950000000e+00
5.00000000000000e+01 -7.56715060000000e+00
5.10000000000000e+01 -7.81911270000000e+00
5.20000000000000e+01 -8.07993200000000e+00
5.30000000000000e+01 -8.35021090000000e+00
5.40000000000000e+01 -8.63060690000000e+00
5.50000000000000e+01 -8.92183580000000e+00
5.60000000000000e+01 -9.22468000000000e+00
5.70000000000000e+01 -9.53999570000000e+00
5.80000000000000e+01 -9.86872320000000e+00
5.90000000000000e+01 -1.02118970000000e+01
6.00000000000000e+01 -1.05706570000000e+01
6.10000000000000e+01 -1.09462640000000e+01
6.20000000000000e+01 -1.13401150000000e+01
6.30000000000000e+01 -1.17537630000000e+01
6.40000000000000e+01 -1.21889360000000e+01
6.50000000000000e+01 -1.26475680000000e+01
6.60000000000000e+01 -1.31318240000000e+01
6.70000000000000e+01 -1.36441400000000e+01
6.80000000000000e+01 -1.41872610000000e+01
6.90000000000000e+01 -1.47642900000000e+01
7.00000000000000e+01 -1.53787490000000e+01
7.10000000000000e+01 -1.60346460000000e+01
7.20000000000000e+01 -1.67365500000000e+01
7.30000000000000e+01 -1.74896950000000e+01
7.40000000000000e+01 -1.83000780000000e+01
7.50000000000000e+01 -1.91745860000000e+01
7.60000000000000e+01 -2.01211360000000e+01
7.70000000000000e+01 -2.11488170000000e+01
7.80000000000000e+01 -2.22680370000000e+01
7.90000000000000e+01 -2.34906620000000e+01
8.00000000000000e+01 -2.48301000000000e+01
8.10000000000000e+01 -2.63013910000000e+01
8.20000000000000e+01 -1.90961370000000e+01
8.30000000000000e+01 -1.62838350000000e+01
8.40000000000000e+01 -1.43216940000000e+01
8.50000000000000e+01 -1.27620820000000e+01
8.60000000000000e+01 -1.14444190000000e+01
8.70000000000000e+01 -1.02900140000000e+01
8.80000000000000e+01 -9.25366560000000e+00
8.90000000000000e+01 -8.30669930000000e+00
9.00000000000000e+01 -7.42962850000000e+00
9.10000000000000e+01 -6.60851680000000e+00
9.20000000000000e+01 -5.83299200000000e+00
9.30000000000000e+01 -5.09508050000000e+00
9.40000000000000e+01 -4.38848400000000e+00
9.50000000000000e+01 -3.70810910000000e+00
9.60000000000000e+01 -3.04974940000000e+00
9.70000000000000e+01 -2.40986390000000e+00
9.80000000000000e+01 -1.78541780000000e+00
9.90000000000000e+01 -1.17376450000000e+00
1.00000000000000e+02 -5.72557370000000e-01
1.01000000000000e+02 2.03200450000000e-02
1.02000000000000e+02 6.06808430000000e-01
1.03000000000000e+02 1.18871790000000e+00
1.04000000000000e+02 1.76776610000000e+00
1.05000000000000e+02 2.34561150000000e+00
1.06000000000000e+02 2.92388360000000e+00
1.07000000000000e+02 3.50421190000000e+00
1.08000000000000e+02 4.08825490000000e+00
1.09000000000000e+02 4.67772960000000e+00
1.10000000000000e+02 5.27444410000000e+00
1.11000000000000e+02 5.88033470000000e+00
1.12000000000000e+02 6.49750820000000e+00
1.13000000000000e+02 7.12829460000000e+00
1.14000000000000e+02 7.77531080000000e+00
1.15000000000000e+02 8.44154290000000e+00
1.16000000000000e+02 9.13045250000000e+00
1.17000000000000e+02 9.84611860000000e+00
1.18000000000000e+02 1.05934310000000e+01
1.19000000000000e+02 1.13783630000000e+01
1.20000000000000e+02 1.22083560000000e+01
1.21000000000000e+02 1.30929070000000e+01
