1.00000000000000e+00 4.19031044173014e+01
2.00000000000000e+00 4.18993419944467e+01
3.00000000000000e+00 4.18938973038435e+01
4.00000000000000e+00 4.18853856974869e+01
5.00000000000000e+00 4.18741254852632e+01
6.00000000000000e+00 4.18601771460506e+01
7.00000000000000e+00 4.18435343136515e+01
8.00000000000000e+00 4.18241667486267e+01
9.00000000000000e+00 4.18020378453392e+01
1.00000000000000e+01 4.17770998573061e+01
1.10000000000000e+01 4.17493082211434e+01
1.20000000000000e+01 4.17186151903681e+01
1.30000000000000e+01 4.16849714269479e+01
1.40000000000000e+01 4.16483307759493e+01
1.50000000000000e+01 4.16086438993399e+01
1.60000000000000e+01 4.15658646421862e+01
1.70000000000000e+01 4.15199420749065e+01
1.80000000000000e+01 4.14708411834132e+01
1.90000000000000e+01 4.14185126296740e+01
2.00000000000000e+01 4.13629118503049e+01
2.10000000000000e+01 4.13039910988228e+01
2.20000000000000e+01 4.12417169526898e+01
2.30000000000000e+01 4.11760384823241e+01
2.40000000000000e+01 4.11069238567370e+01
2.50000000000000e+01 4.10343237378962e+01
2.60000000000000e+01 4.09581999286154e+01
2.70000000000000e+01 4.08785094570598e+01
2.80000000000000e+01 4.07952141260432e+01
2.90000000000000e+01 4.07082693721816e+01
3.00000000000000e+01 4.06176481391345e+01
3.10000000000000e+01 4.05233058635179e+01
3.20000000000000e+01 4.04252043481455e+01
3.30000000000000e+01 4.03233101704792e+01
3.40000000000000e+01 4.02175867248821e+01
3.50000000000000e+01 4.01079974057173e+01
3.60000000000000e+01 3.99945119735456e+01
3.70000000000000e+01 3.98771001889279e+01
3.80000000000000e+01 3.97557334039743e+01
3.90000000000000e+01 3.96303845623446e+01
4.00000000000000e+01 3.95010345654455e+01
4.10000000000000e+01 3.93676643146839e+01
4.20000000000000e+01 3.92302642607632e+01
4.30000000000000e+01 3.90888264459363e+01
4.40000000000000e+01 3.89433492786537e+01
4.50000000000000e+01 3.87938454913109e+01
4.60000000000000e+01 3.86403325909517e+01
4.70000000000000e+01 3.84828440001139e+01
4.80000000000000e+01 3.83214274652807e+01
4.90000000000000e+01 3.81561466484292e+01
5.00000000000000e+01 3.79870890847781e+01
5.10000000000000e+01 3.78143614081394e+01
5.20000000000000e+01 3.76381004917640e+01
5.30000000000000e+01 3.74584734483421e+01
5.40000000000000e+01 3.72756792215528e+01
5.50000000000000e+01 3.70899597269094e+01
5.60000000000000e+01 3.69015982602108e+01
5.70000000000000e+01 3.67109226806395e+01
5.80000000000000e+01 3.65183085938614e+01
5.90000000000000e+01 3.63241777604756e+01
6.00000000000000e+01 3.61289965044655e+01
6.10000000000000e+01 3.59332709385499e+01
6.20000000000000e+01 3.57375405979861e+01
6.30000000000000e+01 3.55423625250748e+01
6.40000000000000e+01 3.53482937621168e+01
6.50000000000000e+01 3.51558833936658e+01
6.60000000000000e+01 3.49656375324409e+01
6.70000000000000e+01 3.47780097700299e+01
6.80000000000000e+01 3.45933693459007e+01
6.90000000000000e+01 3.44120616262799e+01
7.00000000000000e+01 3.42342664562530e+01
7.10000000000000e+01 3.40601111597747e+01
7.20000000000000e+01 3.38896498495256e+01
7.30000000000000e+01 3.37228682015607e+01
7.40000000000000e+01 3.35596993708040e+01
7.50000000000000e+01 3.34000399065426e+01
7.60000000000000e+01 3.32438134144035e+01
7.70000000000000e+01 3.30908018521150e+01
7.80000000000000e+01 3.29409001774145e+01
7.90000000000000e+01 3.27939937987429e+01
8.00000000000000e+01 3.26499760822885e+01
8.10000000000000e+01 3.25088868167870e+01
8.20000000000000e+01 3.23704777205271e+01
8.30000000000000e+01 3.22348220047827e+01
8.40000000000000e+01 3.21019387681470e+01
8.50000000000000e+01 3.19718741655534e+01
8.60000000000000e+01 3.18447061829242e+01
8.70000000000000e+01 3.17205366794227e+01
8.80000000000000e+01 3.15996839649353e+01
8.90000000000000e+01 3.14819315887394e+01
9.00000000000000e+01 3.13676026353693e+01
9.10000000000000e+01 3.12568498935705e+01
9.20000000000000e+01 3.11498309267367e+01
9.30000000000000e+01 3.10466905658660e+01
9.40000000000000e+01 3.09475577264623e+01
9.50000000000000e+01 3.08525326761399e+01
9.60000000000000e+01 3.07616918092713e+01
9.70000000000000e+01 3.06750796892407e+01
9.80000000000000e+01 3.05927026822457e+01
9.90000000000000e+01 3.05145400981439e+01
1.00000000000000e+02 3.04405298665073e+01
1.01000000000000e+02 3.03705812690184e+01
1.02000000000000e+02 3.03045749394699e+01
1.03000000000000e+02 3.02423755961602e+01
1.04000000000000e+02 3.01838193094978e+01
1.05000000000000e+02 3.01287389667925e+01
1.06000000000000e+02 3.00769515398599e+01
1.07000000000000e+02 3.00282787751635e+01
1.08000000000000e+02 2.99825265036729e+01
1.09000000000000e+02 2.99395132887529e+01
1.10000000000000e+02 2.98990640599661e+01
1.11000000000000e+02 2.98610005637762e+01
1.12000000000000e+02 2.98251668283391e+01
1.13000000000000e+02 2.97913941494150e+01
1.14000000000000e+02 2.97595392875551e+01
1.15000000000000e+02 2.97294669610579e+01
1.16000000000000e+02 2.97010434797711e+01
1.17000000000000e+02 2.96741494774875e+01
1.18000000000000e+02 2.96486703626479e+01
1.19000000000000e+02 2.96245090507371e+01
1.20000000000000e+02 2.96015604994927e+01
1.21000000000000e+02 2.95797419483442e+01
