0.00000000000000e+00 0.00000000000000e+00
2.50000000000000e-01 -5.61314759600204e+00
5.00000000000000e-01 -1.12262951920041e+01
7.50000000000000e-01 -1.68394464254033e+01
1.00000000000000e+00 -2.24525867466110e+01
1.25000000000000e+00 -2.80657452548045e+01
1.50000000000000e+00 -3.36788855760122e+01
1.75000000000000e+00 -3.92920258972200e+01
2.00000000000000e+00 -4.49051844054135e+01
2.25000000000000e+00 -5.05183247266212e+01
2.50000000000000e+00 -5.61314832348147e+01
2.75000000000000e+00 -6.17446235560224e+01
3.00000000000000e+00 -6.73577638772302e+01
3.25000000000000e+00 -7.29709223854237e+01
3.50000000000000e+00 -7.85840627066314e+01
