0.00000000000000e+00 0.00000000000000e+00
2.50000000000000e-02 -5.33083015222746e-01
5.00000000000000e-02 -1.06555031594817e+00
7.50000000000000e-02 -1.59721859608940e+00
1.00000000000000e-01 -2.12803746737256e+00
1.25000000000000e-01 -2.65796556691722e+00
1.50000000000000e-01 -3.18681545198433e+00
1.75000000000000e-01 -3.71454389484507e+00
2.00000000000000e-01 -4.24106252110879e+00
2.25000000000000e-01 -4.76633594443848e+00
2.50000000000000e-01 -5.29017757306306e+00
2.75000000000000e-01 -5.81255212516626e+00
3.00000000000000e-01 -6.33337681955073e+00
3.25000000000000e-01 -6.85257046299304e+00
3.50000000000000e-01 -7.37010376975679e+00
3.75000000000000e-01 -7.88579985272644e+00
4.00000000000000e-01 -8.39963136154902e+00
4.25000000000000e-01 -8.91152408607453e+00
4.50000000000000e-01 -9.42140569936885e+00
4.75000000000000e-01 -9.92920580370983e+00
5.00000000000000e-01 -1.04348559722007e+01
5.25000000000000e-01 -1.09383355858914e+01
5.50000000000000e-01 -1.14394890941336e+01
5.75000000000000e-01 -1.19382994660399e+01
6.00000000000000e-01 -1.24347064889339e+01
6.25000000000000e-01 -1.29286520640503e+01
6.50000000000000e-01 -1.34200802223343e+01
6.75000000000000e-01 -1.39089371361950e+01
7.00000000000000e-01 -1.43951711272759e+01
7.25000000000000e-01 -1.48787326703919e+01
7.50000000000000e-01 -1.53595743937080e+01
7.75000000000000e-01 -1.58376510753414e+01
8.00000000000000e-01 -1.63129196364773e+01
8.25000000000000e-01 -1.67853391311643e+01
8.50000000000000e-01 -1.72548707329431e+01
8.75000000000000e-01 -1.77214777184398e+01
9.00000000000000e-01 -1.81851254481054e+01
9.25000000000000e-01 -1.86457813442432e+01
9.50000000000000e-01 -1.91034148664957e+01
9.75000000000000e-01 -1.95579974849437e+01
1.00000000000000e+00 -2.00095026509964e+01
1.02500000000000e+00 -2.04579057662154e+01
1.05000000000000e+00 -2.09031841492487e+01
1.07500000000000e+00 -2.13453170010216e+01
1.10000000000000e+00 -2.17842853683541e+01
1.12500000000000e+00 -2.22200721061462e+01
1.15000000000000e+00 -2.26526618382897e+01
1.17500000000000e+00 -2.30820409174484e+01
1.20000000000000e+00 -2.35081973838469e+01
1.22500000000000e+00 -2.39311209232132e+01
1.25000000000000e+00 -2.43508028239973e+01
1.27500000000000e+00 -2.47672359340013e+01
1.30000000000000e+00 -2.51804146165386e+01
1.32500000000000e+00 -2.55903347062390e+01
1.35000000000000e+00 -2.59969934646113e+01
1.37500000000000e+00 -2.64003895354676e+01
1.40000000000000e+00 -2.68005229003120e+01
1.42500000000000e+00 -2.71973948337801e+01
1.45000000000000e+00 -2.75910078592286e+01
1.47500000000000e+00 -2.79813657045425e+01
1.50000000000000e+00 -2.83684732582513e+01
1.52500000000000e+00 -2.87523365260162e+01
1.55000000000000e+00 -2.91329625875580e+01
1.57500000000000e+00 -2.95103595540832e+01
1.60000000000000e+00 -2.98845365262705e+01
1.62500000000000e+00 -3.02554839371600e+01
1.65000000000000e+00 -3.06232526484343e+01
1.67500000000000e+00 -3.09878341712817e+01
1.70000000000000e+00 -3.13492411567401e+01
1.72500000000000e+00 -3.17074870452719e+01
1.75000000000000e+00 -3.20625860289785e+01
1.77500000000000e+00 -3.24145530146354e+01
1.80000000000000e+00 -3.27634035875559e+01
1.82500000000000e+00 -3.31091539763240e+01
1.85000000000000e+00 -3.34518210183841e+01
1.87500000000000e+00 -3.37914221265220e+01
1.90000000000000e+00 -3.41279752562293e+01
1.92500000000000e+00 -3.44614988739689e+01
1.95000000000000e+00 -3.47920119263366e+01
1.97500000000000e+00 -3.51195338101247e+01
2.00000000000000e+00 -3.54440843432831e+01
2.02500000000000e+00 -3.57656837367788e+01
2.05000000000000e+00 -3.60843525673448e+01
2.07500000000000e+00 -3.64001117511150e+01
2.10000000000000e+00 -3.67129825181340e+01
2.12500000000000e+00 -3.70229863877352e+01
2.15000000000000e+00 -3.73301451447733e+01
2.17500000000000e+00 -3.76344808167034e+01
2.20000000000000e+00 -3.79360156514875e+01
2.22500000000000e+00 -3.82347720963220e+01
2.25000000000000e+00 -3.85307611235928e+01
2.27500000000000e+00 -3.88240290993420e+01
2.30000000000000e+00 -3.91145870055359e+01
2.32500000000000e+00 -3.94024578900628e+01
2.35000000000000e+00 -3.96876649053848e+01
2.37500000000000e+00 -3.99702312918373e+01
2.40000000000000e+00 -4.02501803616308e+01
2.42500000000000e+00 -4.05275354835364e+01
2.45000000000000e+00 -4.08023200682435e+01
2.47500000000000e+00 -4.10745575543627e+01
2.50000000000000e+00 -4.13442713950645e+01
2.52500000000000e+00 -4.16114850453274e+01
2.55000000000000e+00 -4.18762219497856e+01
2.57500000000000e+00 -4.21385055311513e+01
2.60000000000000e+00 -4.23983591792005e+01
2.62500000000000e+00 -4.26558062402988e+01
2.65000000000000e+00 -4.29108700074530e+01
2.67500000000000e+00 -4.31635737108709e+01
2.70000000000000e+00 -4.34139405090140e+01
2.72500000000000e+00 -4.36619934801204e+01
2.75000000000000e+00 -4.39077556141921e+01
2.77500000000000e+00 -4.41512498054178e+01
2.80000000000000e+00 -4.43924988450271e+01
2.82500000000000e+00 -4.46315254145524e+01
2.85000000000000e+00 -4.48683520794895e+01
2.87500000000000e+00 -4.51030012833369e+01
2.90000000000000e+00 -4.53354953420030e+01
2.92500000000000e+00 -4.55658564385648e+01
2.95000000000000e+00 -4.57941066183678e+01
2.97500000000000e+00 -4.60202677844488e+01
3.00000000000000e+00 -4.62443616932742e+01
3.02500000000000e+00 -4.64664099507748e+01
3.05000000000000e+00 -4.66864239217559e+01
3.07500000000000e+00 -4.69044451101849e+01
3.10000000000000e+00 -4.71204845233569e+01
3.12500000000000e+00 -4.73345631312442e+01
3.15000000000000e+00 -4.75467017375381e+01
3.17500000000000e+00 -4.77569209772439e+01
3.20000000000000e+00 -4.79652413144926e+01
3.22500000000000e+00 -4.81716830405687e+01
3.25000000000000e+00 -4.83762662721387e+01
3.27500000000000e+00 -4.85790109496703e+01
3.30000000000000e+00 -4.87799368360405e+01
3.32500000000000e+00 -4.89790635153145e+01
3.35000000000000e+00 -4.91764103916962e+01
3.37500000000000e+00 -4.93719966886350e+01
3.40000000000000e+00 -4.95658414480857e+01
3.42500000000000e+00 -4.97579635299123e+01
3.45000000000000e+00 -4.99483816114303e+01
3.47500000000000e+00 -5.01371141870776e+01
3.50000000000000e+00 -5.03241795682084e+01
