0.00000000000000e+00 0.00000000000000e+00 0.00000000000000e+00
2.50000000000000e-01 -5.61314759600204e+00 3.73180759461168e-06
5.00000000000000e-01 -1.12262951920041e+01 7.46361518922336e-06
7.50000000000000e-01 -1.68394464254033e+01 1.11954246025336e-05
1.00000000000000e+00 -2.24525867466110e+01 1.49272321971453e-05
1.25000000000000e+00 -2.80657452548045e+01 1.86590452478527e-05
1.50000000000000e+00 -3.36788855760122e+01 2.23908510237658e-05
1.75000000000000e+00 -3.92920258972200e+01 2.61226567996789e-05
2.00000000000000e+00 -4.49051844054135e+01 2.98544625755920e-05
2.25000000000000e+00 -5.05183247266212e+01 3.35862683515051e-05
2.50000000000000e+00 -5.61314832348147e+01 3.73180741274183e-05
2.75000000000000e+00 -6.17446235560224e+01 4.10498980903170e-05
3.00000000000000e+00 -6.73577638772302e+01 4.47817038662301e-05
3.25000000000000e+00 -7.29709223854237e+01 4.85135096421433e-05
3.50000000000000e+00 -7.85840627066314e+01 5.22453154180564e-05
