0.00000000000000e+00 0.00000000000000e+00 0.00000000000000e+00
2.50000000000000e-01 -5.41913428900657e+00 3.33193943425322e-06
5.00000000000000e-01 -1.08382685780131e+01 6.66387704980787e-06
7.50000000000000e-01 -1.62573992296226e+01 9.99581466536252e-06
1.00000000000000e+00 -2.16765389747248e+01 1.33277540996157e-05
1.25000000000000e+00 -2.70956787198271e+01 1.66597008086632e-05
1.50000000000000e+00 -3.25148002779437e+01 1.99916293307250e-05
1.75000000000000e+00 -3.79339400230460e+01 2.33235760397725e-05
2.00000000000000e+00 -4.33530797681482e+01 2.66555045618343e-05
2.25000000000000e+00 -4.87722013262648e+01 2.99874512708818e-05
2.50000000000000e+00 -5.41913410713671e+01 3.33193797929436e-05
2.75000000000000e+00 -5.96104808164694e+01 3.66513265019911e-05
3.00000000000000e+00 -6.50296023745860e+01 3.99832550240529e-05
3.25000000000000e+00 -7.04487421196882e+01 4.33152017331004e-05
3.50000000000000e+00 -7.58678818647905e+01 4.66471302551622e-05
