2.15000000000000e-03 0.00000000000000e+00
4.02937026000000e-02 4.52747912403213e-01
7.78615865000000e-02 1.74271788729033e+00
1.14491379000000e-01 3.73776746981462e+00
1.50022514000000e-01 6.30925992848644e+00
1.84442671000000e-01 9.34082674486741e+00
2.17837920000000e-01 1.27311627713975e+01
2.50352580000000e-01 1.63941344439597e+01
2.82156730000000e-01 2.02581741552574e+01
3.13423620000000e-01 2.42647307236357e+01
3.44312540000000e-01 2.83671872674339e+01
3.74959210000000e-01 3.25292971242185e+01
4.05469150000000e-01 3.67245072949164e+01
4.35916420000000e-01 4.09347581027604e+01
4.62540700000000e-01 4.46227696171884e+01
4.77753130000000e-01 4.67305685080034e+01
