2.15000000000000e-03 0.00000000000000e+00
4.03999899285200e-02 6.06699291112038e-01
7.86499786324600e-02 2.35603851427401e+00
1.16899967877010e-01 5.09305072949745e+00
1.55149949142310e-01 8.66002785431427e+00
1.93399929832940e-01 1.29101718152180e+01
2.31649910747320e-01 1.77101083528228e+01
2.69899892386500e-01 2.29406817931367e+01
3.08149875039300e-01 2.84973515238497e+01
3.46399858841000e-01 3.42904520682284e+01
3.84649843812000e-01 4.02453985980540e+01
4.22899829884300e-01 4.63024650523976e+01
4.61149816922300e-01 5.24167477636482e+01
4.99399804752500e-01 5.85573288561727e+01
5.32868494635500e-01 6.39375302649628e+01
5.51993489142700e-01 6.70125676144841e+01
