0.00000000000000e+00 0.00000000000000e+00
1.91245369877431e-02 2.06057867263032e-02
3.82461997200048e-02 8.43293249773461e-02
3.82461997200048e-02 8.43293249773461e-02
5.73620973802425e-02 1.90900751060475e-01
7.64694228091381e-02 3.39881485368405e-01
7.64694228091381e-02 3.39881485368405e-01
9.55663790668656e-02 5.27882734821112e-01
1.14651793119969e-01 7.51313909632324e-01
1.14651793119969e-01 7.51313909632324e-01
1.33724989995097e-01 1.00700250791961e+00
1.52785808894975e-01 1.29158869363534e+00
1.52785808894975e-01 1.29158869363534e+00
1.71834356854884e-01 1.60220645332567e+00
1.90871152137868e-01 1.93580546237578e+00
1.90871152137868e-01 1.93580546237578e+00
2.09896781730258e-01 2.28987371684495e+00
2.28912136398463e-01 2.66175075982259e+00
2.28912136398463e-01 2.66175075982259e+00
2.47918053936141e-01 3.04927121007959e+00
2.66915609031919e-01 3.45012469979383e+00
2.66915609031919e-01 3.45012469979383e+00
2.85905719261277e-01 3.86249033449902e+00
3.04889486711752e-01 4.28440490728526e+00
3.04889486711752e-01 4.28440490728526e+00
3.23867784344211e-01 4.71438742504859e+00
3.42841632422051e-01 5.15081651745342e+00
3.42841632422051e-01 5.15081651745342e+00
3.61811776475390e-01 5.59254119132838e+00
3.80779084503447e-01 6.03827571989650e+00
3.80779084503447e-01 6.03827571989650e+00
3.99744129751354e-01 6.48718474568600e+00
4.18707588550706e-01 6.93830499519470e+00
4.18707588550706e-01 6.93830499519470e+00
4.37669846549211e-01 7.39109214464410e+00
4.56631377489766e-01 7.84488523246498e+00
4.56631377489766e-01 7.84488523246498e+00
4.75592389656503e-01 8.29939555505196e+00
4.94553169715675e-01 8.75422602354402e+00
4.94553169715675e-01 8.75422602354402e+00
5.11143689596945e-01 9.15238733624204e+00
5.27734180918928e-01 9.55058800601115e+00
5.27734180918928e-01 9.55058800601115e+00
5.37214487473158e-01 9.77814960898019e+00
5.46694793762562e-01 1.00057115768529e+01
