0.00000000000000e+00 0.00000000000000e+00
1.91192854645371e-02 7.24744864743368e-02
3.82026676152364e-02 2.97463626497769e-01
3.82026676152364e-02 2.97463626497769e-01
5.72189779770728e-02 6.65699209307068e-01
7.61433264743363e-02 1.16669640767714e+00
7.61433264743363e-02 1.16669640767714e+00
9.49583869579033e-02 1.78948374330023e+00
1.13653381959046e-01 2.52215657593516e+00
1.13653381959046e-01 2.52215657593516e+00
1.32222185320593e-01 3.35442509036818e+00
1.50664100291547e-01 4.27527791269931e+00
1.50664100291547e-01 4.27527791269931e+00
1.68980679849955e-01 5.27556574912306e+00
1.87178102479843e-01 6.34535099184662e+00
1.87178102479843e-01 6.34535099184662e+00
2.05262758899230e-01 7.47667723490664e+00
2.23244205758053e-01 8.66114724119448e+00
2.23244205758053e-01 8.66114724119448e+00
2.41131200636775e-01 9.89203845612295e+00
2.58934922254312e-01 1.11622149813253e+01
2.58934922254312e-01 1.11622149813253e+01
2.76664754799987e-01 1.24661390896161e+01
2.94331954200216e-01 1.37978695271158e+01
2.94331954200216e-01 1.37978695271158e+01
3.11945305850968e-01 1.51529885637091e+01
3.29515086400450e-01 1.65266768157500e+01
3.29515086400450e-01 1.65266768157500e+01
3.47048706393306e-01 1.79155604828267e+01
3.64554794056474e-01 1.93158765120558e+01
3.64554794056474e-01 1.93158765120558e+01
3.82038971289716e-01 2.07252147912736e+01
3.99507887257596e-01 2.21407942624312e+01
3.99507887257596e-01 2.21407942624312e+01
4.16965274848814e-01 2.35610677164481e+01
4.34415737017435e-01 2.49841512963877e+01
4.34415737017435e-01 2.49841512963877e+01
4.51861258048632e-01 2.64092362949628e+01
4.69304591957412e-01 2.78352058736657e+01
4.69304591957412e-01 2.78352058736657e+01
4.84566215856250e-01 2.90834394160680e+01
4.99827573665683e-01 3.03317804789251e+01
4.99827573665683e-01 3.03317804789251e+01
5.08548266924775e-01 3.10451688048115e+01
5.17268957745676e-01 3.17585581157772e+01
