2.15000000000000e-03 0.00000000000000e+00
4.03951636740000e-02 9.67109876717553e-02
7.86138386400000e-02 3.74447483012846e-01
1.16789175200000e-01 8.07233541818267e-01
1.54913736300000e-01 1.36928487433797e+00
1.92986908500000e-01 2.03693148246660e+00
2.31012570300000e-01 2.78897970806716e+00
2.68997292500000e-01 3.60670113890978e+00
3.06948884000000e-01 4.47387298377986e+00
3.44875356000000e-01 5.37669859535071e+00
3.82784122000000e-01 6.30381474497787e+00
4.20681524000000e-01 7.24618068208646e+00
4.58572510000000e-01 8.19704721629561e+00
4.96460556000000e-01 9.15178394105461e+00
5.29611748000000e-01 9.98822341754529e+00
5.48555246000000e-01 1.04662810666815e+01
