0.00000000000000e+00 0.00000000000000e+00
1.00000000000000e+00 9.77257814930972e-03
2.00000000000000e+00 3.92330359186242e-02
3.00000000000000e+00 8.85981577745324e-02
4.00000000000000e+00 1.58089870518384e-01
5.00000000000000e+00 2.47936888566090e-01
6.00000000000000e+00 3.58376182254104e-01
7.00000000000000e+00 4.89654275264973e-01
8.00000000000000e+00 6.42034596367207e-01
9.00000000000000e+00 8.15774782672022e-01
1.00000000000000e+01 1.01116047483903e+00
1.10000000000000e+01 1.22849697928846e+00
1.20000000000000e+01 1.46807027461278e+00
1.30000000000000e+01 1.73021000064221e+00
1.40000000000000e+01 2.01526845933513e+00
1.50000000000000e+01 2.32357878072260e+00
1.60000000000000e+01 2.65548024467913e+00
1.70000000000000e+01 3.01138708273641e+00
1.80000000000000e+01 3.39166419332701e+00
1.90000000000000e+01 3.79670728756320e+00
2.00000000000000e+01 4.22689286082477e+00
2.10000000000000e+01 4.68269087617697e+00
2.20000000000000e+01 5.16449374606405e+00
2.30000000000000e+01 5.67272577357311e+00
2.40000000000000e+01 6.20781318066381e+00
2.50000000000000e+01 6.77018131423535e+00
2.60000000000000e+01 7.36025144660017e+00
2.70000000000000e+01 7.97843714640283e+00
2.80000000000000e+01 8.62518062649290e+00
2.90000000000000e+01 9.30078810281630e+00
3.00000000000000e+01 1.00056621907768e+01
3.10000000000000e+01 1.07401394697214e+01
3.20000000000000e+01 1.15045229662823e+01
3.30000000000000e+01 1.22990752249601e+01
3.40000000000000e+01 1.31240107231844e+01
3.50000000000000e+01 1.39794876178888e+01
3.60000000000000e+01 1.48655988057925e+01
3.70000000000000e+01 1.57824190522359e+01
3.80000000000000e+01 1.67297709191072e+01
3.90000000000000e+01 1.77075448968205e+01
4.00000000000000e+01 1.87154699860382e+01
4.10000000000000e+01 1.97531553394318e+01
4.20000000000000e+01 2.08201476321404e+01
4.30000000000000e+01 2.19156427169917e+01
4.40000000000000e+01 2.30388789120963e+01
4.50000000000000e+01 2.41889352764392e+01
4.60000000000000e+01 2.53644755616779e+01
4.70000000000000e+01 2.65641904120529e+01
4.80000000000000e+01 2.77865759803621e+01
4.90000000000000e+01 2.90296450675738e+01
5.00000000000000e+01 3.02914340587021e+01
