0.00000000000000e+00 0.00000000000000e+00
1.00000000000000e+00 5.82422619522793e-03
2.00000000000000e+00 2.33871353299021e-02
3.00000000000000e+00 5.28266794261075e-02
4.00000000000000e+00 9.42850818681140e-02
5.00000000000000e+00 1.47909903937114e-01
6.00000000000000e+00 2.13855039977339e-01
7.00000000000000e+00 2.92281620359128e-01
8.00000000000000e+00 3.83362663585299e-01
9.00000000000000e+00 4.87269731483392e-01
1.00000000000000e+01 6.04193283076563e-01
1.10000000000000e+01 7.34331320032540e-01
1.20000000000000e+01 8.77892694811452e-01
1.30000000000000e+01 1.03510817617153e+00
1.40000000000000e+01 1.20619163454461e+00
1.50000000000000e+01 1.39141007870726e+00
1.60000000000000e+01 1.59099772711202e+00
1.70000000000000e+01 1.80525431553350e+00
1.80000000000000e+01 2.03443558869982e+00
1.90000000000000e+01 2.27887654762124e+00
2.00000000000000e+01 2.53885526253810e+00
2.10000000000000e+01 2.81474439690564e+00
2.20000000000000e+01 3.10687028864923e+00
2.30000000000000e+01 3.41559531616712e+00
2.40000000000000e+01 3.74126992809313e+00
2.50000000000000e+01 4.08434303998735e+00
2.60000000000000e+01 4.44519833147723e+00
2.70000000000000e+01 4.82426225415657e+00
2.80000000000000e+01 5.22197713971490e+00
2.90000000000000e+01 5.63880094528593e+00
3.00000000000000e+01 6.07520686195348e+00
3.10000000000000e+01 6.53168278425091e+00
3.20000000000000e+01 7.00873060879024e+00
3.30000000000000e+01 7.50686534460061e+00
3.40000000000000e+01 8.02661400526644e+00
3.50000000000000e+01 8.56851426480882e+00
3.60000000000000e+01 9.13316060162402e+00
3.70000000000000e+01 9.72101395375371e+00
3.80000000000000e+01 1.03326783097790e+01
3.90000000000000e+01 1.09687144847876e+01
4.00000000000000e+01 1.16297375278849e+01
4.10000000000000e+01 1.23161960416092e+01
4.20000000000000e+01 1.30286886228312e+01
4.30000000000000e+01 1.37678105686920e+01
4.40000000000000e+01 1.45339571800532e+01
4.50000000000000e+01 1.53276760817203e+01
4.60000000000000e+01 1.61494968853209e+01
4.70000000000000e+01 1.69997012986652e+01
4.80000000000000e+01 1.78788039971969e+01
4.90000000000000e+01 1.87870478962565e+01
5.00000000000000e+01 1.97245995372809e+01
5.10000000000000e+01 2.06917828693453e+01
5.20000000000000e+01 2.16885924829827e+01
5.30000000000000e+01 2.27149942734570e+01
5.40000000000000e+01 2.37707370628733e+01
5.50000000000000e+01 2.48557099648964e+01
5.60000000000000e+01 2.59693675214299e+01
5.70000000000000e+01 2.71110790134827e+01
5.80000000000000e+01 2.82800164730127e+01
5.90000000000000e+01 2.94752493231690e+01
6.00000000000000e+01 3.06952639922828e+01
