0.00000000000000e+00 0.00000000000000e+00
1.00000000000000e+00 1.00029783798856e-03
2.00000000000000e+00 4.00762492825174e-03
3.00000000000000e+00 9.03288141363968e-03
4.00000000000000e+00 1.60894427102259e-02
5.00000000000000e+00 2.51927643925010e-02
6.00000000000000e+00 3.63605638588402e-02
7.00000000000000e+00 4.96129459587737e-02
8.00000000000000e+00 6.49730616061008e-02
9.00000000000000e+00 8.24648169088995e-02
1.00000000000000e+01 1.02116298586126e-01
1.10000000000000e+01 1.23957783287241e-01
1.20000000000000e+01 1.48022315869383e-01
1.30000000000000e+01 1.74345827670377e-01
1.40000000000000e+01 2.02969328758348e-01
1.50000000000000e+01 2.33931074574893e-01
1.60000000000000e+01 2.67278117711361e-01
1.70000000000000e+01 3.03062223850785e-01
1.80000000000000e+01 3.41329992177528e-01
1.90000000000000e+01 3.82140035345782e-01
2.00000000000000e+01 4.25556607911621e-01
2.10000000000000e+01 4.71635556052533e-01
2.20000000000000e+01 5.20454216944385e-01
2.30000000000000e+01 5.72075657204002e-01
2.40000000000000e+01 6.26588324557425e-01
2.50000000000000e+01 6.84063181977732e-01
2.60000000000000e+01 7.44601156573691e-01
2.70000000000000e+01 8.08281921823207e-01
2.80000000000000e+01 8.75220500160356e-01
2.90000000000000e+01 9.45506212236651e-01
3.00000000000000e+01 1.01927007419876e+00
3.10000000000000e+01 1.09662316947682e+00
3.20000000000000e+01 1.17768156878779e+00
3.30000000000000e+01 1.26260361648103e+00
3.40000000000000e+01 1.35152266264663e+00
3.50000000000000e+01 1.44459238352048e+00
3.60000000000000e+01 1.54197634873585e+00
3.70000000000000e+01 1.64383270801102e+00
3.80000000000000e+01 1.75037814598533e+00
3.90000000000000e+01 1.86179512790110e+00
4.00000000000000e+01 1.97829441687964e+00
4.10000000000000e+01 2.10010084543040e+00
4.20000000000000e+01 2.22745439128112e+00
4.30000000000000e+01 2.36063421018990e+00
4.40000000000000e+01 2.49987014359426e+00
4.50000000000000e+01 2.64547657714645e+00
4.60000000000000e+01 2.79776710742453e+00
4.70000000000000e+01 2.95710592083530e+00
4.80000000000000e+01 3.12379905051188e+00
4.90000000000000e+01 3.29825912014113e+00
5.00000000000000e+01 3.48093506297667e+00
5.10000000000000e+01 3.67220890873914e+00
5.20000000000000e+01 3.87262989978091e+00
5.30000000000000e+01 4.08268285290830e+00
5.40000000000000e+01 4.30292728151832e+00
5.50000000000000e+01 4.53396756629160e+00
5.60000000000000e+01 4.77645737675781e+00
5.70000000000000e+01 5.03110462901726e+00
5.80000000000000e+01 5.29867705148716e+00
5.90000000000000e+01 5.58000844885756e+00
6.00000000000000e+01 5.87600575922380e+00
6.10000000000000e+01 6.18771406335901e+00
6.20000000000000e+01 6.51616102188762e+00
6.30000000000000e+01 6.86246711581022e+00
6.40000000000000e+01 7.22804382325415e+00
6.50000000000000e+01 7.61431855874543e+00
6.60000000000000e+01 8.02272414654267e+00
6.70000000000000e+01 8.45504441315916e+00
6.80000000000000e+01 8.91325832883176e+00
6.90000000000000e+01 9.39940433970307e+00
7.00000000000000e+01 9.91582453669522e+00
7.10000000000000e+01 1.04652139773458e+01
7.20000000000000e+01 1.10503202556344e+01
7.30000000000000e+01 1.16746824319803e+01
7.40000000000000e+01 1.23417106737756e+01
7.50000000000000e+01 1.30557521597538e+01
7.60000000000000e+01 1.38214292536217e+01
7.70000000000000e+01 1.46442289661944e+01
7.80000000000000e+01 1.55303241687187e+01
7.90000000000000e+01 1.64867078664067e+01
8.00000000000000e+01 1.75217399271161e+01
8.10000000000000e+01 1.86450576672761e+01
8.20000000000000e+01 1.98678758523643e+01
8.30000000000000e+01 2.12039652910891e+01
8.40000000000000e+01 2.26695796449005e+01
8.50000000000000e+01 2.42843485550093e+01
8.60000000000000e+01 2.60730481238433e+01
8.70000000000000e+01 2.80664762710269e+01
8.80000000000000e+01 3.03041927381019e+01
