0.00000000000000e+00 0.00000000000000e+00
2.50000000000000e-01 -5.54354963925314e+00
5.00000000000000e-01 -1.09168709113656e+01
7.50000000000000e-01 -1.60339975724885e+01
1.00000000000000e+00 -2.08352708535397e+01
1.25000000000000e+00 -2.52886634727604e+01
1.50000000000000e+00 -2.93814445401840e+01
1.75000000000000e+00 -3.31210889069194e+01
2.00000000000000e+00 -3.65249833312639e+01
2.25000000000000e+00 -3.96168800164981e+01
2.50000000000000e+00 -4.24233683356665e+01
2.75000000000000e+00 -4.49714741494696e+01
3.00000000000000e+00 -4.72873139693247e+01
3.25000000000000e+00 -4.93952765430108e+01
3.50000000000000e+00 -5.13176227409836e+01
