0.00000000000000e+00 0.00000000000000e+00
2.50000000000000e-01 -5.41913428900657e+00
5.00000000000000e-01 -1.08382685780131e+01
7.50000000000000e-01 -1.62573992296226e+01
1.00000000000000e+00 -2.16765389747248e+01
1.25000000000000e+00 -2.70956787198271e+01
1.50000000000000e+00 -3.25148002779437e+01
1.75000000000000e+00 -3.79339400230460e+01
2.00000000000000e+00 -4.33530797681482e+01
2.25000000000000e+00 -4.87722013262648e+01
2.50000000000000e+00 -5.41913410713671e+01
2.75000000000000e+00 -5.96104808164694e+01
3.00000000000000e+00 -6.50296023745860e+01
3.25000000000000e+00 -7.04487421196882e+01
3.50000000000000e+00 -7.58678818647905e+01
