0.00000000000000e+00 1.46769745656811e-06
2.50000000000000e+00 9.21722118485672e-02
5.00000000000000e+00 3.69470451330078e-01
7.50000000000000e+00 8.34255080125497e-01
1.00000000000000e+01 1.49051284937883e+00
1.25000000000000e+01 2.34393883207173e+00
1.50000000000000e+01 3.40205589333842e+00
1.75000000000000e+01 4.67437200789970e+00
2.00000000000000e+01 6.17259232032667e+00
2.25000000000000e+01 7.91088085577774e+00
2.50000000000000e+01 9.90619697925065e+00
2.75000000000000e+01 1.21787100588767e+01
3.00000000000000e+01 1.47523250698335e+01
3.25000000000000e+01 1.76553300510672e+01
3.50000000000000e+01 2.09212181570872e+01
3.75000000000000e+01 2.45896970357212e+01
4.00000000000000e+01 2.87080674016998e+01
4.25000000000000e+01 3.33327816614067e+01
4.50000000000000e+01 3.85317500227792e+01
4.75000000000000e+01 4.43870321693238e+01
5.00000000000000e+01 5.09986747142870e+01
5.25000000000000e+01 5.84896216870358e+01
5.50000000000000e+01 6.70125710270028e+01
5.75000000000000e+01 7.67592499468485e+01
6.00000000000000e+01 8.79735641237683e+01
