0.00000000000000e+00 0.00000000000000e+00
7.50000000000000e+00 5.76209435070559e-01
1.00000000000000e+01 1.02927695439206e+00
1.25000000000000e+01 1.61789834816505e+00
1.50000000000000e+01 2.34643752091822e+00
1.75000000000000e+01 3.22038244242313e+00
2.00000000000000e+01 4.24584781164771e+00
2.25000000000000e+01 5.42980175689317e+00
2.50000000000000e+01 6.77947496800660e+00
2.75000000000000e+01 8.30238799806300e+00
3.00000000000000e+01 1.00057124178592e+01
3.25000000000000e+01 1.18957237000590e+01
3.50000000000000e+01 1.39769653796530e+01
3.75000000000000e+01 1.62516381271343e+01
4.00000000000000e+01 1.87181038195012e+01
4.25000000000000e+01 2.13700976959654e+01
4.50000000000000e+01 2.41959453611552e+01
4.75000000000000e+01 2.71777424311643e+01
5.00000000000000e+01 3.02915285433364e+01
5.25000000000000e+01 3.35077672445588e+01
5.50000000000000e+01 3.67926286087949e+01
5.75000000000000e+01 4.01099438436919e+01
6.00000000000000e+01 4.34230248837474e+01
