0.00000000000000e+00 0.00000000000000e+00
1.00000000000000e+00 1.48051079659784e-02
2.00000000000000e+00 5.92979192856233e-02
3.00000000000000e+00 1.33611987791123e-01
4.00000000000000e+00 2.37904420672432e-01
5.00000000000000e+00 3.72356104383125e-01
6.00000000000000e+00 5.37171876440830e-01
7.00000000000000e+00 7.32580203290577e-01
8.00000000000000e+00 9.58832930802761e-01
9.00000000000000e+00 1.21620451556698e+00
1.00000000000000e+01 1.50501970410620e+00
1.10000000000000e+01 1.82554489426513e+00
1.20000000000000e+01 2.17813839131159e+00
1.30000000000000e+01 2.56319513917337e+00
1.40000000000000e+01 2.98100683183871e+00
1.50000000000000e+01 3.43198833085868e+00
1.60000000000000e+01 3.91658602978272e+00
1.70000000000000e+01 4.43509058432194e+00
1.80000000000000e+01 4.98801068469126e+00
1.90000000000000e+01 5.57562402629547e+00
2.00000000000000e+01 6.19844091571206e+00
2.10000000000000e+01 6.85670611104093e+00
2.20000000000000e+01 7.55090876685912e+00
2.30000000000000e+01 8.28123536993078e+00
2.40000000000000e+01 9.04812640119508e+00
2.50000000000000e+01 9.85167886169599e+00
2.60000000000000e+01 1.06922518808219e+01
2.70000000000000e+01 1.15698155557156e+01
2.80000000000000e+01 1.24846096645501e+01
2.90000000000000e+01 1.34365265916079e+01
3.00000000000000e+01 1.44253651105098e+01
3.10000000000000e+01 1.54510852706625e+01
3.20000000000000e+01 1.65131556909346e+01
3.30000000000000e+01 1.76113002020056e+01
3.40000000000000e+01 1.87446864753750e+01
3.50000000000000e+01 1.99127511224920e+01
3.60000000000000e+01 2.11143038452790e+01
3.70000000000000e+01 2.23484442474805e+01
3.80000000000000e+01 2.36135692771413e+01
3.90000000000000e+01 2.49083970297743e+01
4.00000000000000e+01 2.62308639369658e+01
4.10000000000000e+01 2.75792725205189e+01
4.20000000000000e+01 2.89512322910388e+01
4.30000000000000e+01 3.03441072123670e+01
4.40000000000000e+01 3.17555214793991e+01
4.50000000000000e+01 3.31821823145996e+01
4.60000000000000e+01 3.46212958764071e+01
4.70000000000000e+01 3.60690894283823e+01
4.80000000000000e+01 3.75223997692284e+01
4.90000000000000e+01 3.89772607363935e+01
5.00000000000000e+01 4.04295417613403e+01
5.10000000000000e+01 4.18756523156018e+01
5.20000000000000e+01 4.33109940736091e+01
5.30000000000000e+01 4.47318615007099e+01
5.40000000000000e+01 4.61335304995008e+01
5.50000000000000e+01 4.75123195512224e+01
5.60000000000000e+01 4.88635282948219e+01
5.70000000000000e+01 5.01836361233376e+01
5.80000000000000e+01 5.14681080321505e+01
5.90000000000000e+01 5.27136967005268e+01
6.00000000000000e+01 5.39161417769744e+01
