0.00000000000000e+00 1.00194237016810e-06
2.50000000000000e+00 6.29198806860931e-02
5.00000000000000e+00 2.52180210485271e-01
7.50000000000000e+00 5.69292873592986e-01
1.00000000000000e+01 1.01680877674874e+00
1.25000000000000e+01 1.59836749970946e+00
1.50000000000000e+01 2.31876804262739e+00
1.75000000000000e+01 3.18406303464057e+00
2.00000000000000e+01 4.20168495155987e+00
2.25000000000000e+01 5.38059997777550e+00
2.50000000000000e+01 6.73150388010265e+00
2.75000000000000e+01 8.26706753210049e+00
3.00000000000000e+01 1.00022369993509e+01
3.25000000000000e+01 1.19546100100810e+01
3.50000000000000e+01 1.41448979046227e+01
3.75000000000000e+01 1.65975130750793e+01
4.00000000000000e+01 1.93412964447897e+01
4.25000000000000e+01 2.24104413672467e+01
4.50000000000000e+01 2.58456721428290e+01
4.75000000000000e+01 2.96957662695781e+01
5.00000000000000e+01 3.40195404621350e+01
5.25000000000000e+01 3.88884150168493e+01
5.50000000000000e+01 4.43898875262188e+01
5.75000000000000e+01 5.06322069344434e+01
6.00000000000000e+01 5.77507753567059e+01
