0.00000000000000e+00 0.00000000000000e+00
1.00000000000000e+00 9.77265893693780e-03
2.00000000000000e+00 3.92333766232810e-02
3.00000000000000e+00 8.85989297022235e-02
4.00000000000000e+00 1.58091253362372e-01
5.00000000000000e+00 2.47939075345932e-01
6.00000000000000e+00 3.58379344817223e-01
7.00000000000000e+00 4.89658618748909e-01
8.00000000000000e+00 6.42033902266358e-01
9.00000000000000e+00 8.15773808871570e-01
1.00000000000000e+01 1.01115913429230e+00
1.10000000000000e+01 1.22850717029977e+00
1.20000000000000e+01 1.46808256182408e+00
1.30000000000000e+01 1.73022461462536e+00
1.40000000000000e+01 2.01526701101418e+00
1.50000000000000e+01 2.32359694874222e+00
1.60000000000000e+01 2.65550126194641e+00
1.70000000000000e+01 3.01138632976116e+00
1.80000000000000e+01 3.39168908489766e+00
1.90000000000000e+01 3.79670802449528e+00
2.00000000000000e+01 4.22695051006332e+00
2.10000000000000e+01 4.68272333991025e+00
2.20000000000000e+01 5.16449537724403e+00
2.30000000000000e+01 5.67276244865043e+00
2.40000000000000e+01 6.20781633553604e+00
2.50000000000000e+01 6.77022226518323e+00
2.60000000000000e+01 7.36025599799150e+00
2.70000000000000e+01 7.97848248121390e+00
2.80000000000000e+01 8.62514593359829e+00
2.90000000000000e+01 9.30079576668602e+00
3.00000000000000e+01 1.00057115768531e+01
3.10000000000000e+01 1.07401479989535e+01
3.20000000000000e+01 1.15045770202921e+01
3.30000000000000e+01 1.22990842858088e+01
3.40000000000000e+01 1.31240697468407e+01
3.50000000000000e+01 1.39794967709495e+01
3.60000000000000e+01 1.48656631401391e+01
3.70000000000000e+01 1.57823709670414e+01
3.80000000000000e+01 1.67297809440993e+01
3.90000000000000e+01 1.77076143508107e+01
4.00000000000000e+01 1.87154787038758e+01
4.10000000000000e+01 1.97532308956924e+01
4.20000000000000e+01 2.08200840260287e+01
4.30000000000000e+01 2.19156501060560e+01
4.40000000000000e+01 2.30389605564292e+01
4.50000000000000e+01 2.41888603403060e+01
4.60000000000000e+01 2.53644798435361e+01
4.70000000000000e+01 2.65642785207143e+01
4.80000000000000e+01 2.77864851333103e+01
4.90000000000000e+01 2.90296439096222e+01
5.00000000000000e+01 3.02915285827004e+01
5.10000000000000e+01 3.15696459873899e+01
5.20000000000000e+01 3.28618750781171e+01
5.30000000000000e+01 3.41652232408436e+01
5.40000000000000e+01 3.54766513717744e+01
5.50000000000000e+01 3.67926296675733e+01
5.60000000000000e+01 3.81100958782151e+01
5.70000000000000e+01 3.94250321861662e+01
5.80000000000000e+01 4.07334301729040e+01
5.90000000000000e+01 4.20307950732296e+01
6.00000000000000e+01 4.33132495576757e+01
