0.00000000000000e+00 0.00000000000000e+00
7.50000000000000e+00 8.37152728212500e-01
1.00000000000000e+01 1.49545611730152e+00
1.25000000000000e+01 2.35069315764173e+00
1.50000000000000e+01 3.40894872564048e+00
1.75000000000000e+01 4.67726166939782e+00
2.00000000000000e+01 6.16296771540547e+00
2.25000000000000e+01 7.87333206335403e+00
2.50000000000000e+01 9.81435842789862e+00
2.75000000000000e+01 1.19900726909342e+01
3.00000000000000e+01 1.44009613945554e+01
3.25000000000000e+01 1.70428645629889e+01
3.50000000000000e+01 1.99050863359123e+01
3.75000000000000e+01 2.29697419520679e+01
4.00000000000000e+01 2.62109298667809e+01
4.25000000000000e+01 2.95951050289452e+01
4.50000000000000e+01 3.30823881239599e+01
4.75000000000000e+01 3.66288996776165e+01
5.00000000000000e+01 4.01892511342785e+01
5.25000000000000e+01 4.37197548743670e+01
5.50000000000000e+01 4.71801830523412e+01
5.75000000000000e+01 5.05363224518426e+01
6.00000000000000e+01 5.37604895951815e+01
