0.00000000000000e+00 1.04834919450746e-06
2.50000000000000e+00 6.58369824006349e-02
5.00000000000000e+00 2.63906088221071e-01
7.50000000000000e+00 5.95893523923253e-01
1.00000000000000e+01 1.06464691693294e+00
1.25000000000000e+01 1.67423415054133e+00
1.50000000000000e+01 2.43002875180710e+00
1.75000000000000e+01 3.33882155965413e+00
2.00000000000000e+01 4.40897294994923e+00
2.25000000000000e+01 5.65060216203259e+00
2.50000000000000e+01 7.07581991027632e+00
2.75000000000000e+01 8.69903574415784e+00
3.00000000000000e+01 1.05373236066904e+01
3.25000000000000e+01 1.26108874212799e+01
3.50000000000000e+01 1.49436521687891e+01
3.75000000000000e+01 1.75639877296039e+01
4.00000000000000e+01 2.05056637004298e+01
4.25000000000000e+01 2.38090206362281e+01
4.50000000000000e+01 2.75225486806523e+01
4.75000000000000e+01 3.17048644914909e+01
5.00000000000000e+01 3.64274429260533e+01
5.25000000000000e+01 4.17781089425959e+01
5.50000000000000e+01 4.78658935257420e+01
5.75000000000000e+01 5.48277628715215e+01
6.00000000000000e+01 6.28379483114929e+01
