3.86000000000000e+01 2.25383930551901e+01 2.25383925370048e+01
3.88000000000000e+01 2.27702507208907e+01 2.27702438927800e+01
3.90000000000000e+01 2.30028680074037e+01 2.30027703772106e+01
3.92000000000000e+01 2.32367853486371e+01 2.32353943788315e+01
3.94000000000000e+01 2.34791143152781e+01 2.34612132303358e+01
3.96000000000000e+01 2.37910891305464e+01 2.36367621426552e+01
3.97000000000000e+01 2.39971321980139e+01 2.37088819567387e+01
3.98000000000000e+01 2.42492863782460e+01 2.37733964507634e+01
3.99000000000000e+01 2.45777581415646e+01 2.38196066659607e+01
4.00000000000000e+01 2.49361631589308e+01 2.38517038387972e+01
4.02000000000000e+01 2.53957424064268e+01 2.39670415573415e+01
4.04000000000000e+01 2.56677535172306e+01 2.41488582866675e+01
4.06000000000000e+01 2.59064438344112e+01 2.43468553420176e+01
4.08000000000000e+01 2.61337747262619e+01 2.45516875263378e+01
4.10000000000000e+01 2.63538797384980e+01 2.47618139621709e+01
4.12000000000000e+01 2.65682997841295e+01 2.49768429810948e+01
4.14000000000000e+01 2.67777081044543e+01 2.51968597275307e+01
4.16000000000000e+01 2.69822380821434e+01 2.54223241917370e+01
4.18000000000000e+01 2.71816245249540e+01 2.56541612230462e+01
4.20000000000000e+01 2.73751768139402e+01 2.58938990601353e+01
4.22000000000000e+01 2.75616914682385e+01 2.61439368949139e+01
4.24000000000000e+01 2.77391025668243e+01 2.64081107464931e+01
4.26000000000000e+01 2.79031172938035e+01 2.66933491658491e+01
4.28000000000000e+01 2.80273027560147e+01 2.70314639278407e+01
4.30000000000000e+01 2.79273631267862e+01 2.76199763378965e+01
4.32000000000000e+01 2.80284848354563e+01 2.80082940206211e+01
4.34000000000000e+01 2.82621816886315e+01 2.82614413612800e+01
4.36000000000000e+01 2.85054939544973e+01 2.85054789294678e+01
