0.00000000000000e+00 5.05078391044272e-09
1.00000000000000e+00 -1.26717112953396e-01
2.00000000000000e+00 -2.55550677723517e-01
3.00000000000000e+00 -3.85167489454214e-01
4.00000000000000e+00 -5.17834880907379e-01
5.00000000000000e+00 -6.53812091832013e-01
6.00000000000000e+00 -7.93455917744001e-01
7.00000000000000e+00 -9.37148840163370e-01
8.00000000000000e+00 -1.08525215979152e+00
9.00000000000000e+00 -1.23807980237531e+00
1.00000000000000e+01 -1.39588623721498e+00
1.10000000000000e+01 -1.55886401243026e+00
1.20000000000000e+01 -1.72714725747871e+00
1.30000000000000e+01 -1.90081860598318e+00
1.40000000000000e+01 -2.07991785321623e+00
1.50000000000000e+01 -2.26445124112131e+00
1.60000000000000e+01 -2.45440065062844e+00
1.70000000000000e+01 -2.64973224534027e+00
1.80000000000000e+01 -2.85040429978745e+00
1.90000000000000e+01 -3.05637408412976e+00
2.00000000000000e+01 -3.26760377336356e+00
2.10000000000000e+01 -3.48406541716021e+00
2.20000000000000e+01 -3.70574505103513e+00
2.30000000000000e+01 -3.93264605146757e+00
2.40000000000000e+01 -4.16479185548075e+00
2.50000000000000e+01 -4.40222815815012e+00
2.60000000000000e+01 -4.64502470796704e+00
2.70000000000000e+01 -4.89327680204778e+00
2.80000000000000e+01 -5.14710658048068e+00
2.90000000000000e+01 -5.40666420397090e+00
3.00000000000000e+01 -5.67212899239557e+00
3.10000000000000e+01 -5.94371058855025e+00
3.20000000000000e+01 -6.22165020716312e+00
3.30000000000000e+01 -6.50622202006264e+00
3.40000000000000e+01 -6.79773472377157e+00
3.50000000000000e+01 -7.09653333136279e+00
3.60000000000000e+01 -7.40300122686683e+00
3.70000000000000e+01 -7.71756252072552e+00
3.80000000000000e+01 -8.04068473781291e+00
3.90000000000000e+01 -8.37288187277093e+00
4.00000000000000e+01 -8.71471784562733e+00
4.10000000000000e+01 -9.06681038151314e+00
4.20000000000000e+01 -9.42983534236022e+00
4.30000000000000e+01 -9.80453152736602e+00
4.40000000000000e+01 -1.01917059464445e+01
4.50000000000000e+01 -1.05922395560855e+01
4.60000000000000e+01 -1.10070934236727e+01
4.70000000000000e+01 -1.14373152439586e+01
4.80000000000000e+01 -1.18840460804305e+01
4.90000000000000e+01 -1.23485271342353e+01
5.00000000000000e+01 -1.28321062272499e+01
5.10000000000000e+01 -1.33362435547842e+01
5.20000000000000e+01 -1.38625160710507e+01
5.30000000000000e+01 -1.44126196209780e+01
5.40000000000000e+01 -1.49883676330241e+01
5.50000000000000e+01 -1.55916848089900e+01
5.60000000000000e+01 -1.62245938306405e+01
5.70000000000000e+01 -1.68891927040876e+01
5.80000000000000e+01 -1.75876199968916e+01
5.90000000000000e+01 -1.83220051746176e+01
6.00000000000000e+01 -1.90944015714058e+01
6.10000000000000e+01 -1.99067007085110e+01
6.20000000000000e+01 -2.07605288628351e+01
6.30000000000000e+01 -2.16571303260388e+01
6.40000000000000e+01 -2.25972464641331e+01
6.50000000000000e+01 -2.35810048832453e+01
6.60000000000000e+01 -2.46078372288983e+01
6.70000000000000e+01 -2.56764455015509e+01
6.80000000000000e+01 -2.67848333769281e+01
6.90000000000000e+01 -2.79304103898985e+01
7.00000000000000e+01 -2.91101644668592e+01
7.10000000000000e+01 -3.03208859196686e+01
7.20000000000000e+01 -3.15594178168551e+01
7.30000000000000e+01 -3.28229065719026e+01
7.40000000000000e+01 -3.41090326941120e+01
7.50000000000000e+01 -3.54162126322349e+01
7.60000000000000e+01 -3.67437751174714e+01
7.70000000000000e+01 -3.80921270958059e+01
7.80000000000000e+01 -3.94629345692143e+01
7.90000000000000e+01 -4.08593541289859e+01
8.00000000000000e+01 -4.22863651587128e+01
8.10000000000000e+01 -4.37512769149649e+01
8.20000000000000e+01 -4.52645298197922e+01
8.30000000000000e+01 -4.68409977663971e+01
8.40000000000000e+01 -4.85021732857461e+01
8.50000000000000e+01 -5.02799812639459e+01
8.60000000000000e+01 -5.22237535674813e+01
8.70000000000000e+01 -5.44136324671453e+01
8.80000000000000e+01 -5.69872458794644e+01
8.90000000000000e+01 -6.01902482326088e+01
9.00000000000000e+01 -6.44303304029042e+01
9.10000000000000e+01 -7.00737860037399e+01
9.20000000000000e+01 -7.66925782510285e+01
9.30000000000000e+01 -8.33217321481592e+01
9.40000000000000e+01 -8.95201799981546e+01
9.50000000000000e+01 -9.52600196530614e+01
9.60000000000000e+01 -1.00613395314173e+02
9.70000000000000e+01 -1.05654616610642e+02
9.80000000000000e+01 -1.10443315144609e+02
9.90000000000000e+01 -1.15025177792408e+02
1.00000000000000e+02 -1.19435205876498e+02
1.01000000000000e+02 -1.23700568382697e+02
1.02000000000000e+02 -1.27842704989231e+02
1.03000000000000e+02 -1.31878816559590e+02
1.04000000000000e+02 -1.35822918918837e+02
1.05000000000000e+02 -1.39686595529452e+02
1.06000000000000e+02 -1.43479543044994e+02
1.07000000000000e+02 -1.47209973055266e+02
1.08000000000000e+02 -1.50884912601114e+02
1.09000000000000e+02 -1.54510432333952e+02
1.10000000000000e+02 -1.58091822173025e+02
1.11000000000000e+02 -1.61633728300091e+02
1.12000000000000e+02 -1.65140261269837e+02
1.13000000000000e+02 -1.68615082280463e+02
1.14000000000000e+02 -1.72061472708368e+02
1.15000000000000e+02 -1.75482390674763e+02
1.16000000000000e+02 -1.78880517479212e+02
1.17000000000000e+02 -1.82258295998989e+02
1.18000000000000e+02 -1.85617962698470e+02
1.19000000000000e+02 -1.88961574487233e+02
1.20000000000000e+02 -1.92291031407335e+02
