0.00000000000000e+00 4.19063411138813e+00
1.00000000000000e+00 4.19219656021430e+00
2.00000000000000e+00 4.19581163443560e+00
3.00000000000000e+00 4.20000287224199e+00
4.00000000000000e+00 4.20395981345106e+00
5.00000000000000e+00 4.20750685584382e+00
6.00000000000000e+00 4.21071713836408e+00
7.00000000000000e+00 4.21370074915371e+00
8.00000000000000e+00 4.21654098394919e+00
9.00000000000000e+00 4.21928743814014e+00
1.00000000000000e+01 4.22196361264752e+00
1.10000000000000e+01 4.22457564295584e+00
1.20000000000000e+01 4.22711907631775e+00
1.30000000000000e+01 4.22958355744846e+00
1.40000000000000e+01 4.23195590382345e+00
1.50000000000000e+01 4.23422205021608e+00
1.60000000000000e+01 4.23636822715678e+00
1.70000000000000e+01 4.23838162527221e+00
1.80000000000000e+01 4.24025072618601e+00
1.90000000000000e+01 4.24196541246272e+00
2.00000000000000e+01 4.24351693855540e+00
2.10000000000000e+01 4.24489782161342e+00
2.20000000000000e+01 4.24610168020871e+00
2.30000000000000e+01 4.24712305357192e+00
2.40000000000000e+01 4.24795721148479e+00
2.50000000000000e+01 4.24859996795660e+00
2.60000000000000e+01 4.24904750081069e+00
2.70000000000000e+01 4.24929618443672e+00
2.80000000000000e+01 4.24934243289491e+00
2.90000000000000e+01 4.24918255289219e+00
3.00000000000000e+01 4.24881261084782e+00
3.10000000000000e+01 4.24822830520116e+00
3.20000000000000e+01 4.24742484608558e+00
3.30000000000000e+01 4.24639683920987e+00
3.40000000000000e+01 4.24513817297012e+00
3.50000000000000e+01 4.24364190304941e+00
3.60000000000000e+01 4.24190013635231e+00
3.70000000000000e+01 4.23990390688579e+00
3.80000000000000e+01 4.23764304661980e+00
3.90000000000000e+01 4.23510604106708e+00
4.00000000000000e+01 4.23227987346446e+00
4.10000000000000e+01 4.22914984889584e+00
4.20000000000000e+01 4.22569939753343e+00
4.30000000000000e+01 4.22190984785293e+00
4.40000000000000e+01 4.21776016977759e+00
4.50000000000000e+01 4.21322667561178e+00
4.60000000000000e+01 4.20828267503542e+00
4.70000000000000e+01 4.20289807113600e+00
4.80000000000000e+01 4.19703888769617e+00
4.90000000000000e+01 4.19066671010629e+00
5.00000000000000e+01 4.18373802690832e+00
5.10000000000000e+01 4.17620344378150e+00
5.20000000000000e+01 4.16800674264303e+00
5.30000000000000e+01 4.15908375451833e+00
5.40000000000000e+01 4.14936099182929e+00
5.50000000000000e+01 4.13875398858703e+00
5.60000000000000e+01 4.12716526871921e+00
5.70000000000000e+01 4.11448184534892e+00
5.80000000000000e+01 4.10057212422421e+00
5.90000000000000e+01 4.08528204205947e+00
6.00000000000000e+01 4.06843022763177e+00
6.10000000000000e+01 4.04980190423202e+00
6.20000000000000e+01 4.02914118515935e+00
6.30000000000000e+01 4.00614134421007e+00
6.40000000000000e+01 3.98043263519743e+00
6.50000000000000e+01 3.95156741941638e+00
6.60000000000000e+01 3.91900315765167e+00
6.70000000000000e+01 3.88208645864735e+00
6.80000000000000e+01 3.84004954825710e+00
6.90000000000000e+01 3.79205657297415e+00
7.00000000000000e+01 3.73742596909828e+00
7.10000000000000e+01 3.67649272811862e+00
7.20000000000000e+01 3.61405318599043e+00
7.30000000000000e+01 3.57455330881139e+00
7.40000000000000e+01 3.65675947294022e+00
7.50000000000000e+01 3.98254116669192e+00
7.60000000000000e+01 4.42679469312027e+00
7.70000000000000e+01 4.88471917786328e+00
7.80000000000000e+01 5.33884136986645e+00
7.90000000000000e+01 5.79120516764844e+00
8.00000000000000e+01 6.24673571196924e+00
8.10000000000000e+01 6.71053324446825e+00
8.20000000000000e+01 7.18762381810378e+00
8.30000000000000e+01 7.68317298478340e+00
8.40000000000000e+01 8.20280267640704e+00
8.50000000000000e+01 8.75295042986312e+00
8.60000000000000e+01 9.34123533403518e+00
8.70000000000000e+01 9.97664392154163e+00
8.80000000000000e+01 1.06686727097822e+01
8.90000000000000e+01 1.14218307068617e+01
9.00000000000000e+01 1.22130773782689e+01
9.10000000000000e+01 1.29409786413668e+01
9.20000000000000e+01 1.34602431785237e+01
9.30000000000000e+01 1.37582920664047e+01
9.40000000000000e+01 1.39134641551356e+01
9.50000000000000e+01 1.39856323172730e+01
9.60000000000000e+01 1.40068337364307e+01
9.70000000000000e+01 1.39938235889863e+01
9.80000000000000e+01 1.39557876992462e+01
9.90000000000000e+01 1.38980295721473e+01
1.00000000000000e+02 1.38237393004422e+01
1.01000000000000e+02 1.37348869405150e+01
1.02000000000000e+02 1.36326999746220e+01
1.03000000000000e+02 1.35179317848158e+01
1.04000000000000e+02 1.33910189850497e+01
1.05000000000000e+02 1.32521763993554e+01
1.06000000000000e+02 1.31014552143924e+01
1.07000000000000e+02 1.29387782533669e+01
1.08000000000000e+02 1.27639602431286e+01
1.09000000000000e+02 1.25767176107954e+01
1.10000000000000e+02 1.23766703945174e+01
1.11000000000000e+02 1.21633376275275e+01
1.12000000000000e+02 1.19361266895920e+01
1.13000000000000e+02 1.16943164010957e+01
1.14000000000000e+02 1.14370329023701e+01
1.15000000000000e+02 1.11632164905620e+01
1.16000000000000e+02 1.08715763680235e+01
1.17000000000000e+02 1.05605284283866e+01
1.18000000000000e+02 1.02281082615715e+01
1.19000000000000e+02 9.87184656067239e+00
1.20000000000000e+02 9.48858521889038e+00
