0.00000000000000e+00 0.00000000000000e+00
1.00000000000000e+00 -1.22262218165655e+00
2.00000000000000e+00 -2.44439856391681e+00
3.00000000000000e+00 -3.66450667876678e+00
4.00000000000000e+00 -4.88216864984259e+00
5.00000000000000e+00 -6.09666863074090e+00
6.00000000000000e+00 -7.30736523365320e+00
7.00000000000000e+00 -8.51369843753529e+00
8.00000000000000e+00 -9.71519112240099e+00
9.00000000000000e+00 -1.09114458938780e+01
1.00000000000000e+01 -1.21021382017778e+01
1.10000000000000e+01 -1.32870068796472e+01
1.20000000000000e+01 -1.44658432068105e+01
1.30000000000000e+01 -1.56384794431352e+01
1.40000000000000e+01 -1.68047775838997e+01
1.50000000000000e+01 -1.79646188557337e+01
1.60000000000000e+01 -1.91178942816935e+01
1.70000000000000e+01 -2.02644964653586e+01
1.80000000000000e+01 -2.14043126238751e+01
1.90000000000000e+01 -2.25372188078192e+01
2.00000000000000e+01 -2.36630751903541e+01
2.10000000000000e+01 -2.47817222808840e+01
2.20000000000000e+01 -2.58929779056232e+01
2.30000000000000e+01 -2.69966348036166e+01
2.40000000000000e+01 -2.80924586889077e+01
2.50000000000000e+01 -2.91801866547340e+01
2.60000000000000e+01 -3.02595258006605e+01
2.70000000000000e+01 -3.13301519841227e+01
2.80000000000000e+01 -3.23917086090497e+01
2.90000000000000e+01 -3.34438053776300e+01
3.00000000000000e+01 -3.44860169417672e+01
3.10000000000000e+01 -3.55178813903153e+01
3.20000000000000e+01 -3.65388985269572e+01
3.30000000000000e+01 -3.75485278839644e+01
3.40000000000000e+01 -3.85461864198161e+01
3.50000000000000e+01 -3.95312458578255e+01
3.60000000000000e+01 -4.05030296048863e+01
3.70000000000000e+01 -4.14608091926777e+01
3.80000000000000e+01 -4.24038001752154e+01
3.90000000000000e+01 -4.33311574040194e+01
4.00000000000000e+01 -4.42419695905725e+01
4.10000000000000e+01 -4.51352530488014e+01
4.20000000000000e+01 -4.60099444885855e+01
4.30000000000000e+01 -4.68648927042700e+01
4.40000000000000e+01 -4.76988489746510e+01
4.50000000000000e+01 -4.85104559413113e+01
4.60000000000000e+01 -4.92982346886504e+01
4.70000000000000e+01 -5.00605696748750e+01
4.80000000000000e+01 -5.07956910860615e+01
4.90000000000000e+01 -5.15016540703866e+01
5.00000000000000e+01 -5.21763141720154e+01
5.10000000000000e+01 -5.28172980899860e+01
5.20000000000000e+01 -5.34219686466469e+01
5.30000000000000e+01 -5.39873825147414e+01
5.40000000000000e+01 -5.45102387771743e+01
5.50000000000000e+01 -5.49868158001890e+01
5.60000000000000e+01 -5.54128929837883e+01
5.70000000000000e+01 -5.57836527065258e+01
5.80000000000000e+01 -5.60935559802629e+01
5.90000000000000e+01 -5.63361826113193e+01
6.00000000000000e+01 -5.65040226322926e+01
6.10000000000000e+01 -5.65881994832161e+01
6.20000000000000e+01 -5.65780954899194e+01
6.30000000000000e+01 -5.64608338926843e+01
6.40000000000000e+01 -5.62205442514685e+01
6.50000000000000e+01 -5.58372897432851e+01
6.60000000000000e+01 -5.52854464656603e+01
6.70000000000000e+01 -5.45311545271708e+01
6.80000000000000e+01 -5.35281137870653e+01
6.90000000000000e+01 -5.22102450453394e+01
7.00000000000000e+01 -5.04779996388786e+01
7.10000000000000e+01 -4.81709103072501e+01
7.20000000000000e+01 -4.50099402828721e+01
7.30000000000000e+01 -4.05010833648488e+01
7.40000000000000e+01 -3.42314835149055e+01
7.50000000000000e+01 -2.79785944297008e+01
7.60000000000000e+01 -2.36007607425644e+01
7.70000000000000e+01 -2.05476139195545e+01
7.80000000000000e+01 -1.82357153367759e+01
7.90000000000000e+01 -1.63713058478821e+01
8.00000000000000e+01 -1.48011671356160e+01
8.10000000000000e+01 -1.34376025138860e+01
8.20000000000000e+01 -1.22262406566222e+01
8.30000000000000e+01 -1.11311741554173e+01
8.40000000000000e+01 -1.01274745703153e+01
8.50000000000000e+01 -9.19712493561187e+00
8.60000000000000e+01 -8.32666521353282e+00
8.70000000000000e+01 -7.50575597477183e+00
8.80000000000000e+01 -6.72626294651915e+00
8.90000000000000e+01 -5.98165139130621e+00
9.00000000000000e+01 -5.26657246013128e+00
9.10000000000000e+01 -4.57657263298794e+00
9.20000000000000e+01 -3.90788450182726e+00
9.30000000000000e+01 -3.25727268060024e+00
9.40000000000000e+01 -2.62191792011326e+00
9.50000000000000e+01 -1.99932817891886e+00
9.60000000000000e+01 -1.38726901947511e+00
9.70000000000000e+01 -7.83707988266701e-01
9.80000000000000e+01 -1.86769203681007e-01
9.90000000000000e+01 4.05304646329411e-01
1.00000000000000e+02 9.94184957762468e-01
1.01000000000000e+02 1.58148615674990e+00
1.02000000000000e+02 2.16879224717522e+00
1.03000000000000e+02 2.75768207551342e+00
1.04000000000000e+02 3.34975435213095e+00
1.05000000000000e+02 3.94665343339465e+00
1.06000000000000e+02 4.55009692170475e+00
1.07000000000000e+02 5.16190629537773e+00
1.08000000000000e+02 5.78404201488127e+00
1.09000000000000e+02 6.41864492908751e+00
1.10000000000000e+02 7.06808637673917e+00
1.11000000000000e+02 7.73503020479568e+00
1.12000000000000e+02 8.42251118649887e+00
1.13000000000000e+02 9.13403620869602e+00
1.14000000000000e+02 9.87371746978013e+00
1.15000000000000e+02 1.06464515555933e+01
1.16000000000000e+02 1.14581655285247e+01
1.17000000000000e+02 1.23161635283030e+01
1.18000000000000e+02 1.32296284838855e+01
1.19000000000000e+02 1.42103716161040e+01
1.20000000000000e+02 1.52739943212808e+01
