0.00000000000000e+00 4.18789275430193e+01
1.00000000000000e+00 4.18779697716901e+01
2.00000000000000e+00 4.18751024507470e+01
3.00000000000000e+00 4.18704516923031e+01
4.00000000000000e+00 4.18638508602171e+01
5.00000000000000e+00 4.18553009812081e+01
6.00000000000000e+00 4.18447857264856e+01
7.00000000000000e+00 4.18322716760929e+01
8.00000000000000e+00 4.18177178149619e+01
9.00000000000000e+00 4.18010777606549e+01
1.00000000000000e+01 4.17823008275330e+01
1.10000000000000e+01 4.17613328227632e+01
1.20000000000000e+01 4.17381167437241e+01
1.30000000000000e+01 4.17125934171499e+01
1.40000000000000e+01 4.16847020878780e+01
1.50000000000000e+01 4.16543809558894e+01
1.60000000000000e+01 4.16215676578697e+01
1.70000000000000e+01 4.15861996899340e+01
1.80000000000000e+01 4.15482147694557e+01
1.90000000000000e+01 4.15075511358456e+01
2.00000000000000e+01 4.14641477915876e+01
2.10000000000000e+01 4.14179446865986e+01
2.20000000000000e+01 4.13688828498990e+01
2.30000000000000e+01 4.13169044735211e+01
2.40000000000000e+01 4.12619529544702e+01
2.50000000000000e+01 4.12039729004141e+01
2.60000000000000e+01 4.11429101053905e+01
2.70000000000000e+01 4.10787115016423e+01
2.80000000000000e+01 4.10113250935916e+01
2.90000000000000e+01 4.09406998800323e+01
3.00000000000000e+01 4.08667857701328e+01
3.10000000000000e+01 4.07895334991190e+01
3.20000000000000e+01 4.07088945492080e+01
3.30000000000000e+01 4.06248210814950e+01
3.40000000000000e+01 4.05372658846839e+01
3.50000000000000e+01 4.04461823469235e+01
3.60000000000000e+01 4.03515244576598e+01
3.70000000000000e+01 4.02532468468637e+01
3.80000000000000e+01 4.01513048705974e+01
3.90000000000000e+01 4.00456547529854e+01
4.00000000000000e+01 3.99362537963604e+01
4.10000000000000e+01 3.98230606742075e+01
4.20000000000000e+01 3.97060358236772e+01
4.30000000000000e+01 3.95851419584976e+01
4.40000000000000e+01 3.94603447269621e+01
4.50000000000000e+01 3.93316135449166e+01
4.60000000000000e+01 3.91989226394570e+01
4.70000000000000e+01 3.90622523454789e+01
4.80000000000000e+01 3.89215907054092e+01
4.90000000000000e+01 3.87769354293461e+01
5.00000000000000e+01 3.86282962811590e+01
5.10000000000000e+01 3.84756979621704e+01
5.20000000000000e+01 3.83191835669014e+01
5.30000000000000e+01 3.81588186822856e+01
5.40000000000000e+01 3.79946961876569e+01
5.50000000000000e+01 3.78269417812953e+01
5.60000000000000e+01 3.76557202018747e+01
5.70000000000000e+01 3.74812420189824e+01
5.80000000000000e+01 3.73037707233626e+01
5.90000000000000e+01 3.71236296479920e+01
6.00000000000000e+01 3.69412079920723e+01
6.10000000000000e+01 3.67569649239165e+01
6.20000000000000e+01 3.65714304532602e+01
6.30000000000000e+01 3.63852015859961e+01
6.40000000000000e+01 3.61989323368152e+01
6.50000000000000e+01 3.60133166300818e+01
6.60000000000000e+01 3.58290640594166e+01
6.70000000000000e+01 3.56468698482536e+01
6.80000000000000e+01 3.54673818813404e+01
6.90000000000000e+01 3.52911688837138e+01
7.00000000000000e+01 3.51186941905477e+01
7.10000000000000e+01 3.49502988027024e+01
7.20000000000000e+01 3.47861956934413e+01
7.30000000000000e+01 3.46264751812308e+01
7.40000000000000e+01 3.44711192974856e+01
7.50000000000000e+01 3.43200219737226e+01
7.60000000000000e+01 3.41730116800101e+01
7.70000000000000e+01 3.40298736750085e+01
7.80000000000000e+01 3.38903699142552e+01
7.90000000000000e+01 3.37542555858544e+01
8.00000000000000e+01 3.36212919874461e+01
8.10000000000000e+01 3.34912559570275e+01
8.20000000000000e+01 3.33639463347012e+01
8.30000000000000e+01 3.32391880228447e+01
8.40000000000000e+01 3.31168341935853e+01
8.50000000000000e+01 3.29967671160148e+01
8.60000000000000e+01 3.28788979797518e+01
8.70000000000000e+01 3.27631659977519e+01
8.80000000000000e+01 3.26495369861658e+01
8.90000000000000e+01 3.25380015563331e+01
9.00000000000000e+01 3.24285730013544e+01
9.10000000000000e+01 3.23212849279935e+01
9.20000000000000e+01 3.22161886623122e+01
9.30000000000000e+01 3.21133504498391e+01
9.40000000000000e+01 3.20128484694857e+01
9.50000000000000e+01 3.19147696891834e+01
9.60000000000000e+01 3.18192066041431e+01
9.70000000000000e+01 3.17262539124190e+01
9.80000000000000e+01 3.16360052015532e+01
9.90000000000000e+01 3.15485497314250e+01
1.00000000000000e+02 3.14639694093651e+01
1.01000000000000e+02 3.13823360564987e+01
1.02000000000000e+02 3.13037090577354e+01
1.03000000000000e+02 3.12281334750270e+01
1.04000000000000e+02 3.11556386833444e+01
1.05000000000000e+02 3.10862375592407e+01
1.06000000000000e+02 3.10199262254391e+01
1.07000000000000e+02 3.09566843236587e+01
1.08000000000000e+02 3.08964757618083e+01
1.09000000000000e+02 3.08392498615988e+01
1.10000000000000e+02 3.07849428190772e+01
1.11000000000000e+02 3.07334793843796e+01
1.12000000000000e+02 3.06847746691577e+01
1.13000000000000e+02 3.06387359963433e+01
1.14000000000000e+02 3.05952647197913e+01
1.15000000000000e+02 3.05542579541615e+01
1.16000000000000e+02 3.05156101715295e+01
1.17000000000000e+02 3.04792146352649e+01
1.18000000000000e+02 3.04449646539796e+01
1.19000000000000e+02 3.04127546514312e+01
1.20000000000000e+02 3.03824810548316e+01
