0.00000000000000e+00 7.61317012210050e-09
1.00000000000000e+00 -4.39804697313639e-07
2.00000000000000e+00 -8.79984326948580e-07
3.00000000000000e+00 -1.32058602381191e-06
4.00000000000000e+00 -1.76094765603693e-06
5.00000000000000e+00 -2.20029603591014e-06
6.00000000000000e+00 -2.64199449721836e-06
7.00000000000000e+00 -3.08942450163996e-06
8.00000000000000e+00 -3.54133202999998e-06
9.00000000000000e+00 -3.99689294271199e-06
1.00000000000000e+01 -4.45621648612060e-06
1.10000000000000e+01 -4.91973671312707e-06
1.20000000000000e+01 -5.38782704885988e-06
1.30000000000000e+01 -5.86098054577988e-06
1.40000000000000e+01 -6.33955015241078e-06
1.50000000000000e+01 -6.82396967340015e-06
1.60000000000000e+01 -7.31466005839685e-06
1.70000000000000e+01 -7.81197010977716e-06
1.80000000000000e+01 -8.31627944142266e-06
1.90000000000000e+01 -8.82792318836548e-06
2.00000000000000e+01 -9.34721522299203e-06
2.10000000000000e+01 -9.87452091035347e-06
2.20000000000000e+01 -1.04101466803912e-05
2.30000000000000e+01 -1.09543917981363e-05
2.40000000000000e+01 -1.15075394111004e-05
2.50000000000000e+01 -1.20698466377143e-05
2.60000000000000e+01 -1.26415976784700e-05
2.70000000000000e+01 -1.32230821966433e-05
2.80000000000000e+01 -1.38144517264349e-05
2.90000000000000e+01 -1.44159753357569e-05
3.00000000000000e+01 -1.50279292336442e-05
3.10000000000000e+01 -1.56504049896207e-05
3.20000000000000e+01 -1.62836632373081e-05
3.30000000000000e+01 -1.69278862859629e-05
3.40000000000000e+01 -1.75832342105971e-05
3.50000000000000e+01 -1.82499556417178e-05
3.60000000000000e+01 -1.89280019881471e-05
3.70000000000000e+01 -1.96177155993987e-05
3.80000000000000e+01 -2.03191370143400e-05
3.90000000000000e+01 -2.10323637887043e-05
4.00000000000000e+01 -2.17575983760890e-05
4.10000000000000e+01 -2.24948584540384e-05
4.20000000000000e+01 -2.32443729991927e-05
4.30000000000000e+01 -2.40061676733787e-05
4.40000000000000e+01 -2.47803694985046e-05
4.50000000000000e+01 -2.55669219765133e-05
4.60000000000000e+01 -2.63660825149600e-05
4.70000000000000e+01 -2.71778694741652e-05
4.80000000000000e+01 -2.80023300578136e-05
4.90000000000000e+01 -2.88395948648185e-05
5.00000000000000e+01 -2.96896746847068e-05
5.10000000000000e+01 -3.05526891392308e-05
5.20000000000000e+01 -3.14286557067146e-05
5.30000000000000e+01 -3.23176741616402e-05
5.40000000000000e+01 -3.32197739277840e-05
5.50000000000000e+01 -3.41350390827104e-05
5.60000000000000e+01 -3.50635421777629e-05
5.70000000000000e+01 -3.60053713028968e-05
5.80000000000000e+01 -3.69605183140331e-05
5.90000000000000e+01 -3.79292038021166e-05
6.00000000000000e+01 -3.89113743450385e-05
6.10000000000000e+01 -3.99071391457085e-05
6.20000000000000e+01 -4.09166161433087e-05
6.30000000000000e+01 -4.19398685397570e-05
6.40000000000000e+01 -4.29769653942397e-05
6.50000000000000e+01 -4.40280606574944e-05
6.60000000000000e+01 -4.50932650835284e-05
6.70000000000000e+01 -4.61726352086465e-05
6.80000000000000e+01 -4.72663474182056e-05
6.90000000000000e+01 -4.83745170275624e-05
7.00000000000000e+01 -4.94972658222123e-05
7.10000000000000e+01 -5.06347815928845e-05
7.20000000000000e+01 -5.17872071307108e-05
7.30000000000000e+01 -5.29547044558618e-05
7.40000000000000e+01 -5.41374679653496e-05
7.50000000000000e+01 -5.53357010084849e-05
7.60000000000000e+01 -5.65495435728804e-05
7.70000000000000e+01 -5.77793257711458e-05
7.80000000000000e+01 -5.90251776735632e-05
7.90000000000000e+01 -6.02874516060119e-05
8.00000000000000e+01 -6.15663189717177e-05
8.10000000000000e+01 -6.28620816563400e-05
8.20000000000000e+01 -6.41750637556189e-05
8.30000000000000e+01 -6.55055504137983e-05
8.40000000000000e+01 -6.68539170206871e-05
8.50000000000000e+01 -6.82204396480861e-05
8.60000000000000e+01 -6.96055250869808e-05
8.70000000000000e+01 -7.10095735136293e-05
8.80000000000000e+01 -7.24329821176397e-05
8.90000000000000e+01 -7.38762066024180e-05
9.00000000000000e+01 -7.53396934990245e-05
9.10000000000000e+01 -7.68238951279268e-05
9.20000000000000e+01 -7.83293370831923e-05
9.30000000000000e+01 -7.98565808409460e-05
9.40000000000000e+01 -8.14061440285417e-05
9.50000000000000e+01 -8.29786120407072e-05
9.60000000000000e+01 -8.45746082889140e-05
9.70000000000000e+01 -8.61948769782774e-05
9.80000000000000e+01 -8.78399817458175e-05
9.90000000000000e+01 -8.95107088497698e-05
1.00000000000000e+02 -9.12077478262205e-05
1.01000000000000e+02 -9.29319664578383e-05
1.02000000000000e+02 -9.46841723474352e-05
1.03000000000000e+02 -9.64651950664565e-05
1.04000000000000e+02 -9.82759887765933e-05
1.05000000000000e+02 -1.00117571424651e-04
1.06000000000000e+02 -1.01990874742391e-04
1.07000000000000e+02 -1.03896930788522e-04
1.08000000000000e+02 -1.05836973400512e-04
1.09000000000000e+02 -1.07812102143693e-04
1.10000000000000e+02 -1.09823563078181e-04
1.11000000000000e+02 -1.11872607335518e-04
1.12000000000000e+02 -1.13960678835598e-04
1.13000000000000e+02 -1.16089083929238e-04
1.14000000000000e+02 -1.18259458296982e-04
1.15000000000000e+02 -1.20473276334473e-04
1.16000000000000e+02 -1.22732239026258e-04
1.17000000000000e+02 -1.25038072268538e-04
1.18000000000000e+02 -1.27392611411986e-04
1.19000000000000e+02 -1.29797753531937e-04
1.20000000000000e+02 -1.32255630055603e-04
