0.00000000000000e+00 -1.21350562031722e-09
1.00000000000000e+00 -1.40045452749231e-01
2.00000000000000e+00 -2.80430020254552e-01
3.00000000000000e+00 -4.21876686317378e-01
4.00000000000000e+00 -5.65196833845256e-01
5.00000000000000e+00 -7.08122441354082e-01
6.00000000000000e+00 -8.50153040366496e-01
7.00000000000000e+00 -9.92815006119510e-01
8.00000000000000e+00 -1.13648754227118e+00
9.00000000000000e+00 -1.28120596837533e+00
1.00000000000000e+01 -1.42697884974865e+00
1.10000000000000e+01 -1.57382483034248e+00
1.20000000000000e+01 -1.72177177674499e+00
1.30000000000000e+01 -1.87085366629881e+00
1.40000000000000e+01 -2.02110846744037e+00
1.50000000000000e+01 -2.17257673520187e+00
1.60000000000000e+01 -2.32530057674692e+00
1.70000000000000e+01 -2.47932281601343e+00
1.80000000000000e+01 -2.63468628992702e+00
1.90000000000000e+01 -2.79143325182272e+00
2.00000000000000e+01 -2.94960487064101e+00
2.10000000000000e+01 -3.10924082022083e+00
2.20000000000000e+01 -3.27037895003881e+00
2.30000000000000e+01 -3.43305503017541e+00
2.40000000000000e+01 -3.59730256179207e+00
2.50000000000000e+01 -3.76315264439081e+00
2.60000000000000e+01 -3.93063389185542e+00
2.70000000000000e+01 -4.09977239055546e+00
2.80000000000000e+01 -4.27059169235778e+00
2.90000000000000e+01 -4.44311283733431e+00
3.00000000000000e+01 -4.61735440053488e+00
3.10000000000000e+01 -4.79333255979990e+00
3.20000000000000e+01 -4.97106117877959e+00
3.30000000000000e+01 -5.15055190489169e+00
3.40000000000000e+01 -5.33181427622268e+00
3.50000000000000e+01 -5.51485583746526e+00
3.60000000000000e+01 -5.69968226190267e+00
3.70000000000000e+01 -5.88629747720286e+00
3.80000000000000e+01 -6.07470379477956e+00
3.90000000000000e+01 -6.26490203953098e+00
4.00000000000000e+01 -6.45689168094090e+00
4.10000000000000e+01 -6.65067096265639e+00
4.20000000000000e+01 -6.84623703103720e+00
4.30000000000000e+01 -7.04358606095831e+00
4.40000000000000e+01 -7.24271337942181e+00
4.50000000000000e+01 -7.44361358529308e+00
4.60000000000000e+01 -7.64628066541305e+00
4.70000000000000e+01 -7.85070810703226e+00
4.80000000000000e+01 -8.05688900505714e+00
4.90000000000000e+01 -8.26481616593923e+00
5.00000000000000e+01 -8.47448220595885e+00
5.10000000000000e+01 -8.68587964553090e+00
5.20000000000000e+01 -8.89900099848900e+00
5.30000000000000e+01 -9.11383885656809e+00
5.40000000000000e+01 -9.33038596934596e+00
5.50000000000000e+01 -9.54863532019415e+00
5.60000000000000e+01 -9.76858019675969e+00
5.70000000000000e+01 -9.99021425783357e+00
5.80000000000000e+01 -1.02135315959054e+01
5.90000000000000e+01 -1.04385267957620e+01
6.00000000000000e+01 -1.06651949888680e+01
6.10000000000000e+01 -1.08935319047414e+01
6.20000000000000e+01 -1.11235339182970e+01
6.30000000000000e+01 -1.13551980940937e+01
6.40000000000000e+01 -1.15885222279429e+01
6.50000000000000e+01 -1.18235048848803e+01
6.60000000000000e+01 -1.20601454350551e+01
6.70000000000000e+01 -1.22984440869811e+01
6.80000000000000e+01 -1.25384019183275e+01
6.90000000000000e+01 -1.27800209050295e+01
7.00000000000000e+01 -1.30233039482126e+01
7.10000000000000e+01 -1.32682548993421e+01
7.20000000000000e+01 -1.35148785842443e+01
7.30000000000000e+01 -1.37631808252605e+01
7.40000000000000e+01 -1.40131684622704e+01
7.50000000000000e+01 -1.42648493740946e+01
7.60000000000000e+01 -1.45182324960135e+01
7.70000000000000e+01 -1.47733278400867e+01
7.80000000000000e+01 -1.50301465123707e+01
7.90000000000000e+01 -1.52887007308053e+01
8.00000000000000e+01 -1.55490038425062e+01
8.10000000000000e+01 -1.58110703419261e+01
8.20000000000000e+01 -1.60749158866342e+01
8.30000000000000e+01 -1.63405573159778e+01
8.40000000000000e+01 -1.66080126683463e+01
8.50000000000000e+01 -1.68773011990942e+01
8.60000000000000e+01 -1.71484433988521e+01
8.70000000000000e+01 -1.74214610133483e+01
8.80000000000000e+01 -1.76963770622775e+01
8.90000000000000e+01 -1.79732158604491e+01
9.00000000000000e+01 -1.82520030391862e+01
9.10000000000000e+01 -1.85327655685652e+01
9.20000000000000e+01 -1.88155317811145e+01
9.30000000000000e+01 -1.91003313973426e+01
9.40000000000000e+01 -1.93871955508250e+01
9.50000000000000e+01 -1.96761568164492e+01
9.60000000000000e+01 -1.99672492399155e+01
9.70000000000000e+01 -2.02605083675408e+01
9.80000000000000e+01 -2.05559712797455e+01
9.90000000000000e+01 -2.08536766250348e+01
1.00000000000000e+02 -2.11536646561694e+01
1.01000000000000e+02 -2.14559772693943e+01
1.02000000000000e+02 -2.17606580447468e+01
1.03000000000000e+02 -2.20677522885759e+01
1.04000000000000e+02 -2.23773070800642e+01
1.05000000000000e+02 -2.26893713189148e+01
1.06000000000000e+02 -2.30039957760515e+01
1.07000000000000e+02 -2.33212331476822e+01
1.08000000000000e+02 -2.36411381119240e+01
1.09000000000000e+02 -2.39637673893170e+01
1.10000000000000e+02 -2.42891798059905e+01
1.11000000000000e+02 -2.46174363603810e+01
1.12000000000000e+02 -2.49486002943311e+01
1.13000000000000e+02 -2.52827371683089e+01
1.14000000000000e+02 -2.56199149389902e+01
1.15000000000000e+02 -2.59602040447559e+01
1.16000000000000e+02 -2.63036774915631e+01
1.17000000000000e+02 -2.66504109468066e+01
1.18000000000000e+02 -2.70004828372649e+01
1.19000000000000e+02 -2.73539744523870e+01
1.20000000000000e+02 -2.77109700540471e+01
