0.00000000000000e+00 2.84932409325568e+01
1.00000000000000e+00 2.84938309831438e+01
2.00000000000000e+00 2.84951486407101e+01
3.00000000000000e+00 2.84974307663300e+01
4.00000000000000e+00 2.85005349137972e+01
5.00000000000000e+00 2.85043423111070e+01
6.00000000000000e+00 2.85087833551496e+01
7.00000000000000e+00 2.85137915692884e+01
8.00000000000000e+00 2.85192968957623e+01
9.00000000000000e+00 2.85252255403697e+01
1.00000000000000e+01 2.85315018099997e+01
1.10000000000000e+01 2.85380503346741e+01
1.20000000000000e+01 2.85447980687482e+01
1.30000000000000e+01 2.85516758747197e+01
1.40000000000000e+01 2.85586196578852e+01
1.50000000000000e+01 2.85655710848707e+01
1.60000000000000e+01 2.85724779434200e+01
1.70000000000000e+01 2.85792942102084e+01
1.80000000000000e+01 2.85859798905050e+01
1.90000000000000e+01 2.85925006903739e+01
2.00000000000000e+01 2.85988275726107e+01
2.10000000000000e+01 2.86049362399032e+01
2.20000000000000e+01 2.86108065795437e+01
2.30000000000000e+01 2.86164220961386e+01
2.40000000000000e+01 2.86217693516646e+01
2.50000000000000e+01 2.86268374249805e+01
2.60000000000000e+01 2.86316173998877e+01
2.70000000000000e+01 2.86361018842392e+01
2.80000000000000e+01 2.86402845620415e+01
2.90000000000000e+01 2.86441597756862e+01
3.00000000000000e+01 2.86477221354237e+01
3.10000000000000e+01 2.86509661509792e+01
3.20000000000000e+01 2.86538858791376e+01
3.30000000000000e+01 2.86564745806980e+01
3.40000000000000e+01 2.86587243790312e+01
3.50000000000000e+01 2.86606259119576e+01
3.60000000000000e+01 2.86621679674524e+01
3.70000000000000e+01 2.86633370936337e+01
3.80000000000000e+01 2.86641171707766e+01
3.90000000000000e+01 2.86644889328125e+01
4.00000000000000e+01 2.86644294236053e+01
4.10000000000000e+01 2.86639113700218e+01
4.20000000000000e+01 2.86629024524733e+01
4.30000000000000e+01 2.86613644482781e+01
4.40000000000000e+01 2.86592522198971e+01
4.50000000000000e+01 2.86565125149159e+01
4.60000000000000e+01 2.86530825376830e+01
4.70000000000000e+01 2.86488882464310e+01
4.80000000000000e+01 2.86438423214654e+01
4.90000000000000e+01 2.86378417415389e+01
5.00000000000000e+01 2.86307648978383e+01
5.10000000000000e+01 2.86224681675117e+01
5.20000000000000e+01 2.86127818654237e+01
5.30000000000000e+01 2.86015054943762e+01
5.40000000000000e+01 2.85884022277418e+01
5.50000000000000e+01 2.85731925878991e+01
5.60000000000000e+01 2.85555473397851e+01
5.70000000000000e+01 2.85350797107366e+01
5.80000000000000e+01 2.85113371892989e+01
5.90000000000000e+01 2.84837933517117e+01
6.00000000000000e+01 2.84518404190549e+01
6.10000000000000e+01 2.84147835417965e+01
6.20000000000000e+01 2.83718380845329e+01
6.30000000000000e+01 2.83221313574871e+01
6.40000000000000e+01 2.82647101660651e+01
6.50000000000000e+01 2.81985550859740e+01
6.60000000000000e+01 2.81226014141772e+01
6.70000000000000e+01 2.80357653556223e+01
6.80000000000000e+01 2.79369724529118e+01
6.90000000000000e+01 2.78251840265618e+01
7.00000000000000e+01 2.76994169833596e+01
7.10000000000000e+01 2.75587530417850e+01
7.20000000000000e+01 2.74023350751960e+01
7.30000000000000e+01 2.72293503193332e+01
7.40000000000000e+01 2.70390019338184e+01
7.50000000000000e+01 2.68304713099781e+01
7.60000000000000e+01 2.66028734326974e+01
7.70000000000000e+01 2.63552066744630e+01
7.80000000000000e+01 2.60862969475562e+01
7.90000000000000e+01 2.57947343945652e+01
8.00000000000000e+01 2.54787988686518e+01
8.10000000000000e+01 2.51363682679270e+01
8.20000000000000e+01 2.47648012152385e+01
8.30000000000000e+01 2.43607827115380e+01
8.40000000000000e+01 2.39201195326144e+01
8.50000000000000e+01 2.34374773018126e+01
8.60000000000000e+01 2.29060874256161e+01
8.70000000000000e+01 2.23176148724919e+01
8.80000000000000e+01 2.16630552324941e+01
8.90000000000000e+01 2.09382618195772e+01
9.00000000000000e+01 2.01665302442645e+01
9.10000000000000e+01 1.94494599332688e+01
9.20000000000000e+01 1.89324317196623e+01
9.30000000000000e+01 1.86280494923332e+01
9.40000000000000e+01 1.84579441541473e+01
9.50000000000000e+01 1.83621652354090e+01
9.60000000000000e+01 1.83085573044168e+01
9.70000000000000e+01 1.82802120152569e+01
9.80000000000000e+01 1.82677603114137e+01
9.90000000000000e+01 1.82656894166895e+01
1.00000000000000e+02 1.82705770934436e+01
1.01000000000000e+02 1.82802005179031e+01
1.02000000000000e+02 1.82930600689995e+01
1.03000000000000e+02 1.83081110100082e+01
1.04000000000000e+02 1.83246051065628e+01
1.05000000000000e+02 1.83419932840496e+01
1.06000000000000e+02 1.83598636747933e+01
1.07000000000000e+02 1.83779009720368e+01
1.08000000000000e+02 1.83958590468063e+01
1.09000000000000e+02 1.84135420642466e+01
1.10000000000000e+02 1.84307911882872e+01
1.11000000000000e+02 1.84474750467442e+01
1.12000000000000e+02 1.84634827783647e+01
1.13000000000000e+02 1.84787188827565e+01
1.14000000000000e+02 1.84930993521494e+01
1.15000000000000e+02 1.85065487301486e+01
1.16000000000000e+02 1.85189978396255e+01
1.17000000000000e+02 1.85303820132402e+01
1.18000000000000e+02 1.85406396929320e+01
1.19000000000000e+02 1.85497113084142e+01
1.20000000000000e+02 1.85575383689709e+01
