0.00000000000000e+00 8.30645862215687e+01
1.00000000000000e+00 8.30648239754039e+01
2.00000000000000e+00 8.30655459392279e+01
3.00000000000000e+00 8.30667470509679e+01
4.00000000000000e+00 8.30682044969889e+01
5.00000000000000e+00 8.30697327325695e+01
6.00000000000000e+00 8.30717228794498e+01
7.00000000000000e+00 8.30742058430689e+01
8.00000000000000e+00 8.30770946782378e+01
9.00000000000000e+00 8.30803452309434e+01
1.00000000000000e+01 8.30839351538555e+01
1.10000000000000e+01 8.30878503227026e+01
1.20000000000000e+01 8.30920800565560e+01
1.30000000000000e+01 8.30966153148418e+01
1.40000000000000e+01 8.31014478880129e+01
1.50000000000000e+01 8.31065699680798e+01
1.60000000000000e+01 8.31119738948719e+01
1.70000000000000e+01 8.31176519994334e+01
1.80000000000000e+01 8.31235965099109e+01
1.90000000000000e+01 8.31297994992811e+01
2.00000000000000e+01 8.31362528629208e+01
2.10000000000000e+01 8.31429483166016e+01
2.20000000000000e+01 8.31498774087439e+01
2.30000000000000e+01 8.31570315419848e+01
2.40000000000000e+01 8.31644020006503e+01
2.50000000000000e+01 8.31719799816183e+01
2.60000000000000e+01 8.31797566267500e+01
2.70000000000000e+01 8.31877230555003e+01
2.80000000000000e+01 8.31958703970331e+01
2.90000000000000e+01 8.32041898208793e+01
3.00000000000000e+01 8.32126725661518e+01
3.10000000000000e+01 8.32213099685683e+01
3.20000000000000e+01 8.32300934855553e+01
3.30000000000000e+01 8.32390147190087e+01
3.40000000000000e+01 8.32480654359388e+01
3.50000000000000e+01 8.32572375868512e+01
3.60000000000000e+01 8.32665233219814e+01
3.70000000000000e+01 8.32759150054889e+01
3.80000000000000e+01 8.32854052274892e+01
3.90000000000000e+01 8.32949868143393e+01
4.00000000000000e+01 8.33046528370942e+01
4.10000000000000e+01 8.33143966180612e+01
4.20000000000000e+01 8.33242117360823e+01
4.30000000000000e+01 8.33340920299878e+01
4.40000000000000e+01 8.33440316010217e+01
4.50000000000000e+01 8.33540248136739e+01
4.60000000000000e+01 8.33640662956597e+01
4.70000000000000e+01 8.33741509365960e+01
4.80000000000000e+01 8.33842738860017e+01
4.90000000000000e+01 8.33944305501397e+01
5.00000000000000e+01 8.34046165883839e+01
5.10000000000000e+01 8.34148279087726e+01
5.20000000000000e+01 8.34250606630091e+01
5.30000000000000e+01 8.34353112409547e+01
5.40000000000000e+01 8.34455762648077e+01
5.50000000000000e+01 8.34558525826340e+01
5.60000000000000e+01 8.34661372620084e+01
5.70000000000000e+01 8.34764275830737e+01
5.80000000000000e+01 8.34867210316117e+01
5.90000000000000e+01 8.34970152918752e+01
6.00000000000000e+01 8.35073082394465e+01
6.10000000000000e+01 8.35175979339390e+01
6.20000000000000e+01 8.35278826118022e+01
6.30000000000000e+01 8.35381606790325e+01
6.40000000000000e+01 8.35484307039975e+01
6.50000000000000e+01 8.35586914103772e+01
6.60000000000000e+01 8.35689416702118e+01
6.70000000000000e+01 8.35791804968963e+01
6.80000000000000e+01 8.35894070385695e+01
6.90000000000000e+01 8.35996205714778e+01
7.00000000000000e+01 8.36098204935828e+01
7.10000000000000e+01 8.36200063183198e+01
7.20000000000000e+01 8.36301776685112e+01
7.30000000000000e+01 8.36403342705603e+01
7.40000000000000e+01 8.36504759486624e+01
7.50000000000000e+01 8.36606026194422e+01
7.60000000000000e+01 8.36707142865867e+01
7.70000000000000e+01 8.36808110357316e+01
7.80000000000000e+01 8.36908930296255e+01
7.90000000000000e+01 8.37009605033441e+01
8.00000000000000e+01 8.37110137598507e+01
8.10000000000000e+01 8.37210531655513e+01
8.20000000000000e+01 8.37310791462323e+01
8.30000000000000e+01 8.37410921829928e+01
8.40000000000000e+01 8.37510928084770e+01
8.50000000000000e+01 8.37610816032021e+01
8.60000000000000e+01 8.37710591920322e+01
8.70000000000000e+01 8.37810262408841e+01
8.80000000000000e+01 8.37909834534552e+01
8.90000000000000e+01 8.38009315681761e+01
9.00000000000000e+01 8.38108713552390e+01
9.10000000000000e+01 8.38208036137896e+01
9.20000000000000e+01 8.38307291691290e+01
9.30000000000000e+01 8.38406488702211e+01
9.40000000000000e+01 8.38505635869773e+01
9.50000000000000e+01 8.38604742079063e+01
9.60000000000000e+01 8.38703816377385e+01
9.70000000000000e+01 8.38802867950354e+01
9.80000000000000e+01 8.38901906099730e+01
9.90000000000000e+01 8.39000940220748e+01
1.00000000000000e+02 8.39099979779652e+01
1.01000000000000e+02 8.39199034293548e+01
1.02000000000000e+02 8.39298113306257e+01
1.03000000000000e+02 8.39397226368627e+01
1.04000000000000e+02 8.39496383014970e+01
1.05000000000000e+02 8.39595592742111e+01
1.06000000000000e+02 8.39694864985691e+01
1.07000000000000e+02 8.39794209096882e+01
1.08000000000000e+02 8.39893634319071e+01
1.09000000000000e+02 8.39993149762177e+01
1.10000000000000e+02 8.40092764377128e+01
1.11000000000000e+02 8.40192486927836e+01
1.12000000000000e+02 8.40292325963115e+01
1.13000000000000e+02 8.40392289785385e+01
1.14000000000000e+02 8.40492386419596e+01
1.15000000000000e+02 8.40592623576750e+01
1.16000000000000e+02 8.40693008618394e+01
1.17000000000000e+02 8.40793548516393e+01
1.18000000000000e+02 8.40894249810149e+01
1.19000000000000e+02 8.40995118560049e+01
1.20000000000000e+02 8.41096160298361e+01
