0.00000000000000e+00 1.05395296744719e-08
1.00000000000000e+00 -6.48825137540918e-02
2.00000000000000e+00 -1.29699600778058e-01
3.00000000000000e+00 -1.95305908189934e-01
4.00000000000000e+00 -2.62286940490809e-01
5.00000000000000e+00 -3.30589511733862e-01
6.00000000000000e+00 -4.00545245892504e-01
7.00000000000000e+00 -4.72461961252969e-01
8.00000000000000e+00 -5.46612232789193e-01
9.00000000000000e+00 -6.23234867951329e-01
1.00000000000000e+01 -7.02534807748795e-01
1.10000000000000e+01 -7.84682672263997e-01
1.20000000000000e+01 -8.69814479362080e-01
1.30000000000000e+01 -9.58031700820441e-01
1.40000000000000e+01 -1.04940169198761e+00
1.50000000000000e+01 -1.14395847632376e+00
1.60000000000000e+01 -1.24170383952438e+00
1.70000000000000e+01 -1.34260867238138e+00
1.80000000000000e+01 -1.44661449594409e+00
1.90000000000000e+01 -1.55363510053153e+00
2.00000000000000e+01 -1.66355823312085e+00
2.10000000000000e+01 -1.77624727296074e+00
2.20000000000000e+01 -1.89154284063979e+00
2.30000000000000e+01 -2.00926429404654e+00
2.40000000000000e+01 -2.12921107129960e+00
2.50000000000000e+01 -2.25116384726816e+00
2.60000000000000e+01 -2.37488547711928e+00
2.70000000000000e+01 -2.50012170516130e+00
2.80000000000000e+01 -2.62660162206465e+00
2.90000000000000e+01 -2.75403785644668e+00
3.00000000000000e+01 -2.88212649004594e+00
3.10000000000000e+01 -3.01054668675539e+00
3.20000000000000e+01 -3.13896002634123e+00
3.30000000000000e+01 -3.26700953450811e+00
3.40000000000000e+01 -3.39431840024669e+00
3.50000000000000e+01 -3.52048836888300e+00
3.60000000000000e+01 -3.64509780006917e+00
3.70000000000000e+01 -3.76769937762372e+00
3.80000000000000e+01 -3.88781745509063e+00
3.90000000000000e+01 -4.00494502260186e+00
4.00000000000000e+01 -4.11854027817371e+00
4.10000000000000e+01 -4.22802278935393e+00
4.20000000000000e+01 -4.33276923141444e+00
4.30000000000000e+01 -4.43210869843325e+00
4.40000000000000e+01 -4.52531759020878e+00
4.50000000000000e+01 -4.61161409694845e+00
4.60000000000000e+01 -4.69015232874810e+00
4.70000000000000e+01 -4.76001617366367e+00
4.80000000000000e+01 -4.82021302350173e+00
4.90000000000000e+01 -4.86966758190708e+00
5.00000000000000e+01 -4.90721607608081e+00
5.10000000000000e+01 -4.93160133573686e+00
5.20000000000000e+01 -4.94146939728731e+00
5.30000000000000e+01 -4.93536853497917e+00
5.40000000000000e+01 -4.91175193797445e+00
5.50000000000000e+01 -4.86898562193887e+00
5.60000000000000e+01 -4.80536358958621e+00
5.70000000000000e+01 -4.71913267590254e+00
5.80000000000000e+01 -4.60852985489165e+00
5.90000000000000e+01 -4.47183488975518e+00
6.00000000000000e+01 -4.30744084842395e+00
6.10000000000000e+01 -4.11394388758173e+00
6.20000000000000e+01 -3.89025150792012e+00
6.30000000000000e+01 -3.63570500629934e+00
6.40000000000000e+01 -3.35020719161602e+00
6.50000000000000e+01 -3.03434131619625e+00
6.60000000000000e+01 -2.68946299290169e+00
6.70000000000000e+01 -2.31774562635992e+00
6.80000000000000e+01 -1.92216338540372e+00
6.90000000000000e+01 -1.50640455820750e+00
7.00000000000000e+01 -1.07472071328488e+00
7.10000000000000e+01 -6.31729806896716e-01
7.20000000000000e+01 -1.82200011827195e-01
7.30000000000000e+01 2.69157210550498e-01
7.40000000000000e+01 7.17861434390706e-01
7.50000000000000e+01 1.15979114700297e+00
7.60000000000000e+01 1.59126166304070e+00
7.70000000000000e+01 2.00905780440381e+00
7.80000000000000e+01 2.41043089883726e+00
7.90000000000000e+01 2.79307118890610e+00
8.00000000000000e+01 3.15506593900746e+00
8.10000000000000e+01 3.49485150173581e+00
8.20000000000000e+01 3.81116525146509e+00
8.30000000000000e+01 4.10300114719641e+00
8.40000000000000e+01 4.36957099163743e+00
8.50000000000000e+01 4.61027223717290e+00
8.60000000000000e+01 4.82466239201796e+00
8.70000000000000e+01 5.01243959786821e+00
8.80000000000000e+01 5.17342867884172e+00
8.90000000000000e+01 5.30757184272975e+00
9.00000000000000e+01 5.41492315604078e+00
9.10000000000000e+01 5.49564591982857e+00
9.20000000000000e+01 5.55001207700796e+00
9.30000000000000e+01 5.57840281880710e+00
9.40000000000000e+01 5.58130958719536e+00
9.50000000000000e+01 5.55933471755018e+00
9.60000000000000e+01 5.51319104150140e+00
9.70000000000000e+01 5.44369985168093e+00
9.80000000000000e+01 5.35178676161544e+00
9.90000000000000e+01 5.23847514112611e+00
1.00000000000000e+02 5.10487698503231e+00
1.01000000000000e+02 4.95218126748162e+00
1.02000000000000e+02 4.78164002801987e+00
1.03000000000000e+02 4.59455261037971e+00
1.04000000000000e+02 4.39224862295442e+00
1.05000000000000e+02 4.17607028274501e+00
1.06000000000000e+02 3.94735484656680e+00
1.07000000000000e+02 3.70741780761706e+00
1.08000000000000e+02 3.45753746994758e+00
1.09000000000000e+02 3.19894138801686e+00
1.10000000000000e+02 2.93279501926808e+00
1.11000000000000e+02 2.66019278588457e+00
1.12000000000000e+02 2.38215159178435e+00
1.13000000000000e+02 2.09960670885611e+00
1.14000000000000e+02 1.81340985507272e+00
1.15000000000000e+02 1.52432919470178e+00
1.16000000000000e+02 1.23305097301095e+00
1.17000000000000e+02 9.40182456584275e-01
1.18000000000000e+02 6.46255873878987e-01
1.19000000000000e+02 3.51733067588408e-01
1.20000000000000e+02 5.70105962966050e-02
