0.00000000000000e+00 1.05891903873040e+02
1.00000000000000e+00 1.05891903788453e+02
2.00000000000000e+00 1.05891903780778e+02
3.00000000000000e+00 1.05891903766956e+02
4.00000000000000e+00 1.05891903748302e+02
5.00000000000000e+00 1.05891903724351e+02
6.00000000000000e+00 1.05891903695202e+02
7.00000000000000e+00 1.05891903660156e+02
8.00000000000000e+00 1.05891903621186e+02
9.00000000000000e+00 1.05891903575743e+02
1.00000000000000e+01 1.05891903524984e+02
1.10000000000000e+01 1.05891903468733e+02
1.20000000000000e+01 1.05891903406790e+02
1.30000000000000e+01 1.05891903339344e+02
1.40000000000000e+01 1.05891903267212e+02
1.50000000000000e+01 1.05891903188725e+02
1.60000000000000e+01 1.05891903104209e+02
1.70000000000000e+01 1.05891903014129e+02
1.80000000000000e+01 1.05891902918079e+02
1.90000000000000e+01 1.05891902817043e+02
2.00000000000000e+01 1.05891902709704e+02
2.10000000000000e+01 1.05891902595982e+02
2.20000000000000e+01 1.05891902477151e+02
2.30000000000000e+01 1.05891902351396e+02
2.40000000000000e+01 1.05891902220223e+02
2.50000000000000e+01 1.05891902082782e+02
2.60000000000000e+01 1.05891901938869e+02
2.70000000000000e+01 1.05891901788997e+02
2.80000000000000e+01 1.05891901631217e+02
2.90000000000000e+01 1.05891901468157e+02
3.00000000000000e+01 1.05891901299413e+02
3.10000000000000e+01 1.05891901123664e+02
3.20000000000000e+01 1.05891900940158e+02
3.30000000000000e+01 1.05891900750304e+02
3.40000000000000e+01 1.05891900554057e+02
3.50000000000000e+01 1.05891900351269e+02
3.60000000000000e+01 1.05891900140588e+02
3.70000000000000e+01 1.05891899923205e+02
3.80000000000000e+01 1.05891899699624e+02
3.90000000000000e+01 1.05891899467428e+02
4.00000000000000e+01 1.05891899228675e+02
4.10000000000000e+01 1.05891898981882e+02
4.20000000000000e+01 1.05891898728168e+02
4.30000000000000e+01 1.05891898466498e+02
4.40000000000000e+01 1.05891898197293e+02
4.50000000000000e+01 1.05891897920811e+02
4.60000000000000e+01 1.05891897635822e+02
4.70000000000000e+01 1.05891897342845e+02
4.80000000000000e+01 1.05891897042195e+02
4.90000000000000e+01 1.05891896733937e+02
5.00000000000000e+01 1.05891896417023e+02
5.10000000000000e+01 1.05891896092277e+02
5.20000000000000e+01 1.05891895758155e+02
5.30000000000000e+01 1.05891895416804e+02
5.40000000000000e+01 1.05891895065916e+02
5.50000000000000e+01 1.05891894706834e+02
5.60000000000000e+01 1.05891894338816e+02
5.70000000000000e+01 1.05891893962329e+02
5.80000000000000e+01 1.05891893576787e+02
5.90000000000000e+01 1.05891893182017e+02
6.00000000000000e+01 1.05891892778056e+02
6.10000000000000e+01 1.05891892365132e+02
6.20000000000000e+01 1.05891891942396e+02
6.30000000000000e+01 1.05891891511154e+02
6.40000000000000e+01 1.05891891069327e+02
6.50000000000000e+01 1.05891890618986e+02
6.60000000000000e+01 1.05891890158019e+02
6.70000000000000e+01 1.05891889688569e+02
6.80000000000000e+01 1.05891889207119e+02
6.90000000000000e+01 1.05891888716987e+02
7.00000000000000e+01 1.05891888215784e+02
7.10000000000000e+01 1.05891887705267e+02
7.20000000000000e+01 1.05891887183389e+02
7.30000000000000e+01 1.05891886650687e+02
7.40000000000000e+01 1.05891886108862e+02
7.50000000000000e+01 1.05891885554828e+02
7.60000000000000e+01 1.05891884990329e+02
7.70000000000000e+01 1.05891884414808e+02
7.80000000000000e+01 1.05891883827993e+02
7.90000000000000e+01 1.05891883229434e+02
8.00000000000000e+01 1.05891882619552e+02
8.10000000000000e+01 1.05891881998424e+02
8.20000000000000e+01 1.05891881365436e+02
8.30000000000000e+01 1.05891880719943e+02
8.40000000000000e+01 1.05891880062335e+02
8.50000000000000e+01 1.05891879392242e+02
8.60000000000000e+01 1.05891878710095e+02
8.70000000000000e+01 1.05891878015445e+02
8.80000000000000e+01 1.05891877307518e+02
8.90000000000000e+01 1.05891876586494e+02
9.00000000000000e+01 1.05891875851858e+02
9.10000000000000e+01 1.05891875104456e+02
9.20000000000000e+01 1.05891874343559e+02
9.30000000000000e+01 1.05891873567525e+02
9.40000000000000e+01 1.05891872778244e+02
9.50000000000000e+01 1.05891871974987e+02
9.60000000000000e+01 1.05891871155873e+02
9.70000000000000e+01 1.05891870322868e+02
9.80000000000000e+01 1.05891869473681e+02
9.90000000000000e+01 1.05891868610313e+02
1.00000000000000e+02 1.05891867729866e+02
1.01000000000000e+02 1.05891866835312e+02
1.02000000000000e+02 1.05891865922736e+02
1.03000000000000e+02 1.05891864994287e+02
1.04000000000000e+02 1.05891864048744e+02
1.05000000000000e+02 1.05891863085857e+02
1.06000000000000e+02 1.05891862105948e+02
1.07000000000000e+02 1.05891861107055e+02
1.08000000000000e+02 1.05891860089944e+02
1.09000000000000e+02 1.05891859054870e+02
1.10000000000000e+02 1.05891858000068e+02
1.11000000000000e+02 1.05891856925481e+02
1.12000000000000e+02 1.05891855830918e+02
1.13000000000000e+02 1.05891854715549e+02
1.14000000000000e+02 1.05891853579782e+02
1.15000000000000e+02 1.05891852421846e+02
1.16000000000000e+02 1.05891851241730e+02
1.17000000000000e+02 1.05891850039047e+02
1.18000000000000e+02 1.05891848813894e+02
1.19000000000000e+02 1.05891847563662e+02
1.20000000000000e+02 1.05891846290472e+02
